scraped_at,row,seat,status,is_wheelchair,description
2026-09-22T16:00:13Z,J,29,unavailable,False,BFI IMAX J 29
2026-09-22T16:00:13Z,J,28,unavailable,False,BFI IMAX J 28
2026-09-22T16:00:13Z,J,27,unavailable,False,BFI IMAX J 27
2026-09-22T16:00:13Z,J,26,unavailable,False,BFI IMAX J 26
2026-09-22T16:00:13Z,J,25,unavailable,False,BFI IMAX J 25
2026-09-22T16:00:13Z,J,24,unavailable,False,BFI IMAX J 24
2026-09-22T16:00:13Z,J,23,unavailable,False,BFI IMAX J 23
2026-09-22T16:00:13Z,J,22,unavailable,False,BFI IMAX J 22
2026-09-22T16:00:13Z,J,21,unavailable,False,BFI IMAX J 21
2026-09-22T16:00:13Z,J,20,unavailable,False,BFI IMAX J 20
2026-09-22T16:00:13Z,J,19,unavailable,False,BFI IMAX J 19
2026-09-22T16:00:13Z,J,18,unavailable,False,BFI IMAX J 18
2026-09-22T16:00:13Z,J,17,unavailable,False,BFI IMAX J 17
2026-09-22T16:00:13Z,J,16,unavailable,False,BFI IMAX J 16
2026-09-22T16:00:13Z,J,15,unavailable,False,BFI IMAX J 15
2026-09-22T16:00:13Z,J,14,unavailable,False,BFI IMAX J 14
2026-09-22T16:00:13Z,J,13,unavailable,False,BFI IMAX J 13
2026-09-22T16:00:13Z,J,12,unavailable,False,BFI IMAX J 12
2026-09-22T16:00:13Z,J,11,unavailable,False,BFI IMAX J 11
2026-09-22T16:00:13Z,J,10,unavailable,False,BFI IMAX J 10
2026-09-22T16:00:13Z,J,9,unavailable,False,BFI IMAX J 9
2026-09-22T16:00:13Z,J,8,unavailable,False,BFI IMAX J 8
2026-09-22T16:00:13Z,K,27,unavailable,False,BFI IMAX K 27
2026-09-22T16:00:13Z,K,26,unavailable,False,BFI IMAX K 26
2026-09-22T16:00:13Z,P,29,available,True,BFI IMAX P 29
2026-09-22T16:00:13Z,P,28,available,True,BFI IMAX P 28
2026-09-22T16:00:13Z,P,4,available,True,BFI IMAX P 4
2026-09-22T16:00:13Z,P,3,available,True,BFI IMAX P 3
2026-09-22T16:00:13Z,B,21,available,False,BFI IMAX B 21
2026-09-22T16:00:13Z,B,20,available,False,BFI IMAX B 20
2026-09-22T16:00:13Z,B,19,available,False,BFI IMAX B 19
2026-09-22T16:00:13Z,B,18,available,False,BFI IMAX B 18
2026-09-22T16:00:13Z,B,17,available,False,BFI IMAX B 17
2026-09-22T16:00:13Z,B,16,available,False,BFI IMAX B 16
2026-09-22T16:00:13Z,B,15,available,False,BFI IMAX B 15
2026-09-22T16:00:13Z,B,14,available,False,BFI IMAX B 14
2026-09-22T16:00:13Z,B,13,available,False,BFI IMAX B 13
2026-09-22T16:00:13Z,B,12,available,False,BFI IMAX B 12
2026-09-22T16:00:13Z,B,11,available,False,BFI IMAX B 11
2026-09-22T16:00:13Z,B,10,available,False,BFI IMAX B 10
2026-09-22T16:00:13Z,B,9,available,False,BFI IMAX B 9
2026-09-22T16:00:13Z,B,8,available,False,BFI IMAX B 8
2026-09-22T16:00:13Z,B,7,available,False,BFI IMAX B 7
2026-09-22T16:00:13Z,B,6,available,False,BFI IMAX B 6
2026-09-22T16:00:13Z,B,5,available,False,BFI IMAX B 5
2026-09-22T16:00:13Z,B,4,available,False,BFI IMAX B 4
2026-09-22T16:00:13Z,B,3,available,False,BFI IMAX B 3
2026-09-22T16:00:13Z,B,2,available,False,BFI IMAX B 2
2026-09-22T16:00:13Z,B,1,available,False,BFI IMAX B 1
2026-09-22T16:00:13Z,C,36,available,False,BFI IMAX C 36
2026-09-22T16:00:13Z,C,35,available,False,BFI IMAX C 35
2026-09-22T16:00:13Z,C,34,available,False,BFI IMAX C 34
2026-09-22T16:00:13Z,C,33,available,False,BFI IMAX C 33
2026-09-22T16:00:13Z,C,32,available,False,BFI IMAX C 32
2026-09-22T16:00:13Z,C,31,available,False,BFI IMAX C 31
2026-09-22T16:00:13Z,C,30,available,False,BFI IMAX C 30
2026-09-22T16:00:13Z,C,29,available,False,BFI IMAX C 29
2026-09-22T16:00:13Z,C,28,available,False,BFI IMAX C 28
2026-09-22T16:00:13Z,C,27,available,False,BFI IMAX C 27
2026-09-22T16:00:13Z,C,26,available,False,BFI IMAX C 26
2026-09-22T16:00:13Z,C,25,sold,False,BFI IMAX C 25
2026-09-22T16:00:13Z,C,24,available,False,BFI IMAX C 24
2026-09-22T16:00:13Z,C,23,available,False,BFI IMAX C 23
2026-09-22T16:00:13Z,C,22,available,False,BFI IMAX C 22
2026-09-22T16:00:13Z,C,21,available,False,BFI IMAX C 21
2026-09-22T16:00:13Z,C,20,available,False,BFI IMAX C 20
2026-09-22T16:00:13Z,C,19,available,False,BFI IMAX C 19
2026-09-22T16:00:13Z,C,18,available,False,BFI IMAX C 18
2026-09-22T16:00:13Z,C,17,available,False,BFI IMAX C 17
2026-09-22T16:00:13Z,C,16,available,False,BFI IMAX C 16
2026-09-22T16:00:13Z,C,15,available,False,BFI IMAX C 15
2026-09-22T16:00:13Z,C,14,available,False,BFI IMAX C 14
2026-09-22T16:00:13Z,C,13,available,False,BFI IMAX C 13
2026-09-22T16:00:13Z,C,12,available,False,BFI IMAX C 12
2026-09-22T16:00:13Z,C,11,available,False,BFI IMAX C 11
2026-09-22T16:00:13Z,C,10,available,False,BFI IMAX C 10
2026-09-22T16:00:13Z,C,9,available,False,BFI IMAX C 9
2026-09-22T16:00:13Z,C,8,available,False,BFI IMAX C 8
2026-09-22T16:00:13Z,C,7,available,False,BFI IMAX C 7
2026-09-22T16:00:13Z,C,6,available,False,BFI IMAX C 6
2026-09-22T16:00:13Z,C,5,available,False,BFI IMAX C 5
2026-09-22T16:00:13Z,C,4,available,False,BFI IMAX C 4
2026-09-22T16:00:13Z,C,3,available,False,BFI IMAX C 3
2026-09-22T16:00:13Z,C,2,available,False,BFI IMAX C 2
2026-09-22T16:00:13Z,C,1,available,False,BFI IMAX C 1
2026-09-22T16:00:13Z,D,37,available,False,BFI IMAX D 37
2026-09-22T16:00:13Z,D,36,available,False,BFI IMAX D 36
2026-09-22T16:00:13Z,D,35,available,False,BFI IMAX D 35
2026-09-22T16:00:13Z,D,34,available,False,BFI IMAX D 34
2026-09-22T16:00:13Z,D,33,available,False,BFI IMAX D 33
2026-09-22T16:00:13Z,D,32,available,False,BFI IMAX D 32
2026-09-22T16:00:13Z,D,31,available,False,BFI IMAX D 31
2026-09-22T16:00:13Z,D,30,available,False,BFI IMAX D 30
2026-09-22T16:00:13Z,D,29,available,False,BFI IMAX D 29
2026-09-22T16:00:13Z,D,28,available,False,BFI IMAX D 28
2026-09-22T16:00:13Z,D,27,available,False,BFI IMAX D 27
2026-09-22T16:00:13Z,D,26,available,False,BFI IMAX D 26
2026-09-22T16:00:13Z,D,25,available,False,BFI IMAX D 25
2026-09-22T16:00:13Z,D,24,available,False,BFI IMAX D 24
2026-09-22T16:00:13Z,D,23,available,False,BFI IMAX D 23
2026-09-22T16:00:13Z,D,22,available,False,BFI IMAX D 22
2026-09-22T16:00:13Z,D,21,available,False,BFI IMAX D 21
2026-09-22T16:00:13Z,D,20,available,False,BFI IMAX D 20
2026-09-22T16:00:13Z,D,19,available,False,BFI IMAX D 19
2026-09-22T16:00:13Z,D,18,available,False,BFI IMAX D 18
2026-09-22T16:00:13Z,D,17,available,False,BFI IMAX D 17
2026-09-22T16:00:13Z,D,16,available,False,BFI IMAX D 16
2026-09-22T16:00:13Z,D,15,available,False,BFI IMAX D 15
2026-09-22T16:00:13Z,D,14,available,False,BFI IMAX D 14
2026-09-22T16:00:13Z,D,13,available,False,BFI IMAX D 13
2026-09-22T16:00:13Z,D,12,available,False,BFI IMAX D 12
2026-09-22T16:00:13Z,D,11,available,False,BFI IMAX D 11
2026-09-22T16:00:13Z,D,10,available,False,BFI IMAX D 10
2026-09-22T16:00:13Z,D,9,available,False,BFI IMAX D 9
2026-09-22T16:00:13Z,D,8,available,False,BFI IMAX D 8
2026-09-22T16:00:13Z,D,7,available,False,BFI IMAX D 7
2026-09-22T16:00:13Z,D,6,available,False,BFI IMAX D 6
2026-09-22T16:00:13Z,D,5,available,False,BFI IMAX D 5
2026-09-22T16:00:13Z,D,4,available,False,BFI IMAX D 4
2026-09-22T16:00:13Z,D,3,available,False,BFI IMAX D 3
2026-09-22T16:00:13Z,D,2,available,False,BFI IMAX D 2
2026-09-22T16:00:13Z,D,1,available,False,BFI IMAX D 1
2026-09-22T16:00:13Z,E,37,available,False,BFI IMAX E 37
2026-09-22T16:00:13Z,E,36,available,False,BFI IMAX E 36
2026-09-22T16:00:13Z,E,35,available,False,BFI IMAX E 35
2026-09-22T16:00:13Z,E,34,available,False,BFI IMAX E 34
2026-09-22T16:00:13Z,E,33,available,False,BFI IMAX E 33
2026-09-22T16:00:13Z,E,32,available,False,BFI IMAX E 32
2026-09-22T16:00:13Z,E,31,available,False,BFI IMAX E 31
2026-09-22T16:00:13Z,E,30,available,False,BFI IMAX E 30
2026-09-22T16:00:13Z,E,29,available,False,BFI IMAX E 29
2026-09-22T16:00:13Z,E,28,available,False,BFI IMAX E 28
2026-09-22T16:00:13Z,E,27,available,False,BFI IMAX E 27
2026-09-22T16:00:13Z,E,26,available,False,BFI IMAX E 26
2026-09-22T16:00:13Z,E,25,available,False,BFI IMAX E 25
2026-09-22T16:00:13Z,E,24,available,False,BFI IMAX E 24
2026-09-22T16:00:13Z,E,23,available,False,BFI IMAX E 23
2026-09-22T16:00:13Z,E,22,available,False,BFI IMAX E 22
2026-09-22T16:00:13Z,E,21,available,False,BFI IMAX E 21
2026-09-22T16:00:13Z,E,20,available,False,BFI IMAX E 20
2026-09-22T16:00:13Z,E,19,available,False,BFI IMAX E 19
2026-09-22T16:00:13Z,E,18,available,False,BFI IMAX E 18
2026-09-22T16:00:13Z,E,17,available,False,BFI IMAX E 17
2026-09-22T16:00:13Z,E,16,available,False,BFI IMAX E 16
2026-09-22T16:00:13Z,E,15,available,False,BFI IMAX E 15
2026-09-22T16:00:13Z,E,14,available,False,BFI IMAX E 14
2026-09-22T16:00:13Z,E,13,available,False,BFI IMAX E 13
2026-09-22T16:00:13Z,E,12,available,False,BFI IMAX E 12
2026-09-22T16:00:13Z,E,11,available,False,BFI IMAX E 11
2026-09-22T16:00:13Z,E,10,available,False,BFI IMAX E 10
2026-09-22T16:00:13Z,E,9,available,False,BFI IMAX E 9
2026-09-22T16:00:13Z,E,8,available,False,BFI IMAX E 8
2026-09-22T16:00:13Z,E,7,available,False,BFI IMAX E 7
2026-09-22T16:00:13Z,E,6,available,False,BFI IMAX E 6
2026-09-22T16:00:13Z,E,5,available,False,BFI IMAX E 5
2026-09-22T16:00:13Z,E,4,available,False,BFI IMAX E 4
2026-09-22T16:00:13Z,E,3,available,False,BFI IMAX E 3
2026-09-22T16:00:13Z,E,2,available,False,BFI IMAX E 2
2026-09-22T16:00:13Z,E,1,available,False,BFI IMAX E 1
2026-09-22T16:00:13Z,F,38,available,False,BFI IMAX F 38
2026-09-22T16:00:13Z,F,37,available,False,BFI IMAX F 37
2026-09-22T16:00:13Z,F,36,available,False,BFI IMAX F 36
2026-09-22T16:00:13Z,F,35,available,False,BFI IMAX F 35
2026-09-22T16:00:13Z,F,34,available,False,BFI IMAX F 34
2026-09-22T16:00:13Z,F,33,available,False,BFI IMAX F 33
2026-09-22T16:00:13Z,F,32,available,False,BFI IMAX F 32
2026-09-22T16:00:13Z,F,31,available,False,BFI IMAX F 31
2026-09-22T16:00:13Z,F,30,available,False,BFI IMAX F 30
2026-09-22T16:00:13Z,F,29,available,False,BFI IMAX F 29
2026-09-22T16:00:13Z,F,28,available,False,BFI IMAX F 28
2026-09-22T16:00:13Z,F,27,available,False,BFI IMAX F 27
2026-09-22T16:00:13Z,F,26,available,False,BFI IMAX F 26
2026-09-22T16:00:13Z,F,25,available,False,BFI IMAX F 25
2026-09-22T16:00:13Z,F,24,available,False,BFI IMAX F 24
2026-09-22T16:00:13Z,F,23,available,False,BFI IMAX F 23
2026-09-22T16:00:13Z,F,22,available,False,BFI IMAX F 22
2026-09-22T16:00:13Z,F,21,available,False,BFI IMAX F 21
2026-09-22T16:00:13Z,F,20,available,False,BFI IMAX F 20
2026-09-22T16:00:13Z,F,19,available,False,BFI IMAX F 19
2026-09-22T16:00:13Z,F,18,available,False,BFI IMAX F 18
2026-09-22T16:00:13Z,F,17,available,False,BFI IMAX F 17
2026-09-22T16:00:13Z,F,16,available,False,BFI IMAX F 16
2026-09-22T16:00:13Z,F,15,available,False,BFI IMAX F 15
2026-09-22T16:00:13Z,F,14,available,False,BFI IMAX F 14
2026-09-22T16:00:13Z,F,13,available,False,BFI IMAX F 13
2026-09-22T16:00:13Z,F,12,available,False,BFI IMAX F 12
2026-09-22T16:00:13Z,F,11,available,False,BFI IMAX F 11
2026-09-22T16:00:13Z,F,10,available,False,BFI IMAX F 10
2026-09-22T16:00:13Z,F,9,available,False,BFI IMAX F 9
2026-09-22T16:00:13Z,F,8,available,False,BFI IMAX F 8
2026-09-22T16:00:13Z,F,7,available,False,BFI IMAX F 7
2026-09-22T16:00:13Z,F,6,available,False,BFI IMAX F 6
2026-09-22T16:00:13Z,F,5,available,False,BFI IMAX F 5
2026-09-22T16:00:13Z,F,4,available,False,BFI IMAX F 4
2026-09-22T16:00:13Z,F,3,available,False,BFI IMAX F 3
2026-09-22T16:00:13Z,F,2,available,False,BFI IMAX F 2
2026-09-22T16:00:13Z,F,1,available,False,BFI IMAX F 1
2026-09-22T16:00:13Z,G,37,available,False,BFI IMAX G 37
2026-09-22T16:00:13Z,G,36,available,False,BFI IMAX G 36
2026-09-22T16:00:13Z,G,35,available,False,BFI IMAX G 35
2026-09-22T16:00:13Z,G,34,available,False,BFI IMAX G 34
2026-09-22T16:00:13Z,G,33,available,False,BFI IMAX G 33
2026-09-22T16:00:13Z,G,32,available,False,BFI IMAX G 32
2026-09-22T16:00:13Z,G,31,available,False,BFI IMAX G 31
2026-09-22T16:00:13Z,G,30,available,False,BFI IMAX G 30
2026-09-22T16:00:13Z,G,29,available,False,BFI IMAX G 29
2026-09-22T16:00:13Z,G,28,available,False,BFI IMAX G 28
2026-09-22T16:00:13Z,G,27,available,False,BFI IMAX G 27
2026-09-22T16:00:13Z,G,26,available,False,BFI IMAX G 26
2026-09-22T16:00:13Z,G,25,available,False,BFI IMAX G 25
2026-09-22T16:00:13Z,G,24,available,False,BFI IMAX G 24
2026-09-22T16:00:13Z,G,23,available,False,BFI IMAX G 23
2026-09-22T16:00:13Z,G,22,available,False,BFI IMAX G 22
2026-09-22T16:00:13Z,G,21,available,False,BFI IMAX G 21
2026-09-22T16:00:13Z,G,20,available,False,BFI IMAX G 20
2026-09-22T16:00:13Z,G,19,available,False,BFI IMAX G 19
2026-09-22T16:00:13Z,G,18,available,False,BFI IMAX G 18
2026-09-22T16:00:13Z,G,17,available,False,BFI IMAX G 17
2026-09-22T16:00:13Z,G,16,available,False,BFI IMAX G 16
2026-09-22T16:00:13Z,G,15,available,False,BFI IMAX G 15
2026-09-22T16:00:13Z,G,14,available,False,BFI IMAX G 14
2026-09-22T16:00:13Z,G,13,available,False,BFI IMAX G 13
2026-09-22T16:00:13Z,G,12,available,False,BFI IMAX G 12
2026-09-22T16:00:13Z,G,11,available,False,BFI IMAX G 11
2026-09-22T16:00:13Z,G,10,available,False,BFI IMAX G 10
2026-09-22T16:00:13Z,G,9,available,False,BFI IMAX G 9
2026-09-22T16:00:13Z,G,8,available,False,BFI IMAX G 8
2026-09-22T16:00:13Z,G,7,available,False,BFI IMAX G 7
2026-09-22T16:00:13Z,G,6,available,False,BFI IMAX G 6
2026-09-22T16:00:13Z,G,5,available,False,BFI IMAX G 5
2026-09-22T16:00:13Z,G,4,available,False,BFI IMAX G 4
2026-09-22T16:00:13Z,G,3,available,False,BFI IMAX G 3
2026-09-22T16:00:13Z,G,2,available,False,BFI IMAX G 2
2026-09-22T16:00:13Z,G,1,available,False,BFI IMAX G 1
2026-09-22T16:00:13Z,H,37,available,False,BFI IMAX H 37
2026-09-22T16:00:13Z,H,36,available,False,BFI IMAX H 36
2026-09-22T16:00:13Z,H,35,available,False,BFI IMAX H 35
2026-09-22T16:00:13Z,H,34,available,False,BFI IMAX H 34
2026-09-22T16:00:13Z,H,33,available,False,BFI IMAX H 33
2026-09-22T16:00:13Z,H,32,available,False,BFI IMAX H 32
2026-09-22T16:00:13Z,H,31,available,False,BFI IMAX H 31
2026-09-22T16:00:13Z,H,30,available,False,BFI IMAX H 30
2026-09-22T16:00:13Z,H,29,available,False,BFI IMAX H 29
2026-09-22T16:00:13Z,H,28,available,False,BFI IMAX H 28
2026-09-22T16:00:13Z,H,27,available,False,BFI IMAX H 27
2026-09-22T16:00:13Z,H,26,available,False,BFI IMAX H 26
2026-09-22T16:00:13Z,H,25,available,False,BFI IMAX H 25
2026-09-22T16:00:13Z,H,24,available,False,BFI IMAX H 24
2026-09-22T16:00:13Z,H,23,available,False,BFI IMAX H 23
2026-09-22T16:00:13Z,H,22,available,False,BFI IMAX H 22
2026-09-22T16:00:13Z,H,21,available,False,BFI IMAX H 21
2026-09-22T16:00:13Z,H,20,available,False,BFI IMAX H 20
2026-09-22T16:00:13Z,H,19,available,False,BFI IMAX H 19
2026-09-22T16:00:13Z,H,18,available,False,BFI IMAX H 18
2026-09-22T16:00:13Z,H,17,available,False,BFI IMAX H 17
2026-09-22T16:00:13Z,H,16,available,False,BFI IMAX H 16
2026-09-22T16:00:13Z,H,15,available,False,BFI IMAX H 15
2026-09-22T16:00:13Z,H,14,available,False,BFI IMAX H 14
2026-09-22T16:00:13Z,H,13,available,False,BFI IMAX H 13
2026-09-22T16:00:13Z,H,12,available,False,BFI IMAX H 12
2026-09-22T16:00:13Z,H,11,available,False,BFI IMAX H 11
2026-09-22T16:00:13Z,H,10,available,False,BFI IMAX H 10
2026-09-22T16:00:13Z,H,9,available,False,BFI IMAX H 9
2026-09-22T16:00:13Z,H,8,available,False,BFI IMAX H 8
2026-09-22T16:00:13Z,H,7,available,False,BFI IMAX H 7
2026-09-22T16:00:13Z,H,6,available,False,BFI IMAX H 6
2026-09-22T16:00:13Z,H,5,available,False,BFI IMAX H 5
2026-09-22T16:00:13Z,H,4,available,False,BFI IMAX H 4
2026-09-22T16:00:13Z,H,3,available,False,BFI IMAX H 3
2026-09-22T16:00:13Z,H,2,available,False,BFI IMAX H 2
2026-09-22T16:00:13Z,H,1,available,False,BFI IMAX H 1
2026-09-22T16:00:13Z,J,36,available,False,BFI IMAX J 36
2026-09-22T16:00:13Z,J,35,available,False,BFI IMAX J 35
2026-09-22T16:00:13Z,J,34,available,False,BFI IMAX J 34
2026-09-22T16:00:13Z,J,33,available,False,BFI IMAX J 33
2026-09-22T16:00:13Z,J,32,available,False,BFI IMAX J 32
2026-09-22T16:00:13Z,J,31,available,False,BFI IMAX J 31
2026-09-22T16:00:13Z,J,30,available,False,BFI IMAX J 30
2026-09-22T16:00:13Z,A,13,available,False,BFI IMAX A 13
2026-09-22T16:00:13Z,A,12,available,False,BFI IMAX A 12
2026-09-22T16:00:13Z,A,11,available,False,BFI IMAX A 11
2026-09-22T16:00:13Z,A,10,available,False,BFI IMAX A 10
2026-09-22T16:00:13Z,A,9,available,False,BFI IMAX A 9
2026-09-22T16:00:13Z,A,8,available,False,BFI IMAX A 8
2026-09-22T16:00:13Z,A,7,available,False,BFI IMAX A 7
2026-09-22T16:00:13Z,A,6,available,False,BFI IMAX A 6
2026-09-22T16:00:13Z,A,5,available,False,BFI IMAX A 5
2026-09-22T16:00:13Z,A,4,available,False,BFI IMAX A 4
2026-09-22T16:00:13Z,A,3,available,False,BFI IMAX A 3
2026-09-22T16:00:13Z,A,2,available,False,BFI IMAX A 2
2026-09-22T16:00:13Z,A,1,available,False,BFI IMAX A 1
2026-09-22T16:00:13Z,B,36,available,False,BFI IMAX B 36
2026-09-22T16:00:13Z,B,35,available,False,BFI IMAX B 35
2026-09-22T16:00:13Z,B,34,available,False,BFI IMAX B 34
2026-09-22T16:00:13Z,B,33,available,False,BFI IMAX B 33
2026-09-22T16:00:13Z,B,32,available,False,BFI IMAX B 32
2026-09-22T16:00:13Z,B,31,available,False,BFI IMAX B 31
2026-09-22T16:00:13Z,B,30,available,False,BFI IMAX B 30
2026-09-22T16:00:13Z,B,29,available,False,BFI IMAX B 29
2026-09-22T16:00:13Z,B,28,available,False,BFI IMAX B 28
2026-09-22T16:00:13Z,J,7,available,False,BFI IMAX J 7
2026-09-22T16:00:13Z,J,6,available,False,BFI IMAX J 6
2026-09-22T16:00:13Z,J,5,available,False,BFI IMAX J 5
2026-09-22T16:00:13Z,J,4,available,False,BFI IMAX J 4
2026-09-22T16:00:13Z,J,3,available,False,BFI IMAX J 3
2026-09-22T16:00:13Z,J,2,available,False,BFI IMAX J 2
2026-09-22T16:00:13Z,J,1,available,False,BFI IMAX J 1
2026-09-22T16:00:13Z,K,36,available,False,BFI IMAX K 36
2026-09-22T16:00:13Z,K,35,available,False,BFI IMAX K 35
2026-09-22T16:00:13Z,K,34,available,False,BFI IMAX K 34
2026-09-22T16:00:13Z,K,33,available,False,BFI IMAX K 33
2026-09-22T16:00:13Z,K,32,available,False,BFI IMAX K 32
2026-09-22T16:00:13Z,K,31,available,False,BFI IMAX K 31
2026-09-22T16:00:13Z,K,30,available,False,BFI IMAX K 30
2026-09-22T16:00:13Z,K,29,available,False,BFI IMAX K 29
2026-09-22T16:00:13Z,K,28,available,False,BFI IMAX K 28
2026-09-22T16:00:13Z,B,27,available,False,BFI IMAX B 27
2026-09-22T16:00:13Z,B,26,available,False,BFI IMAX B 26
2026-09-22T16:00:13Z,K,25,available,False,BFI IMAX K 25
2026-09-22T16:00:13Z,K,24,available,False,BFI IMAX K 24
2026-09-22T16:00:13Z,K,23,available,False,BFI IMAX K 23
2026-09-22T16:00:13Z,K,22,available,False,BFI IMAX K 22
2026-09-22T16:00:13Z,K,21,available,False,BFI IMAX K 21
2026-09-22T16:00:13Z,K,20,available,False,BFI IMAX K 20
2026-09-22T16:00:13Z,K,19,available,False,BFI IMAX K 19
2026-09-22T16:00:13Z,K,18,available,False,BFI IMAX K 18
2026-09-22T16:00:13Z,K,17,available,False,BFI IMAX K 17
2026-09-22T16:00:13Z,K,16,available,False,BFI IMAX K 16
2026-09-22T16:00:13Z,K,15,available,False,BFI IMAX K 15
2026-09-22T16:00:13Z,K,14,available,False,BFI IMAX K 14
2026-09-22T16:00:13Z,K,13,available,False,BFI IMAX K 13
2026-09-22T16:00:13Z,K,12,available,False,BFI IMAX K 12
2026-09-22T16:00:13Z,K,11,available,False,BFI IMAX K 11
2026-09-22T16:00:13Z,K,10,available,False,BFI IMAX K 10
2026-09-22T16:00:13Z,K,9,available,False,BFI IMAX K 9
2026-09-22T16:00:13Z,K,8,available,False,BFI IMAX K 8
2026-09-22T16:00:13Z,K,7,available,False,BFI IMAX K 7
2026-09-22T16:00:13Z,K,6,available,False,BFI IMAX K 6
2026-09-22T16:00:13Z,K,5,available,False,BFI IMAX K 5
2026-09-22T16:00:13Z,K,4,available,False,BFI IMAX K 4
2026-09-22T16:00:13Z,K,3,available,False,BFI IMAX K 3
2026-09-22T16:00:13Z,K,2,available,False,BFI IMAX K 2
2026-09-22T16:00:13Z,K,1,available,False,BFI IMAX K 1
2026-09-22T16:00:13Z,L,33,available,False,BFI IMAX L 33
2026-09-22T16:00:13Z,L,32,available,False,BFI IMAX L 32
2026-09-22T16:00:13Z,L,31,available,False,BFI IMAX L 31
2026-09-22T16:00:13Z,L,30,available,False,BFI IMAX L 30
2026-09-22T16:00:13Z,L,29,available,False,BFI IMAX L 29
2026-09-22T16:00:13Z,L,28,available,False,BFI IMAX L 28
2026-09-22T16:00:13Z,L,27,available,False,BFI IMAX L 27
2026-09-22T16:00:13Z,L,26,available,False,BFI IMAX L 26
2026-09-22T16:00:13Z,L,8,available,False,BFI IMAX L 8
2026-09-22T16:00:13Z,L,7,available,False,BFI IMAX L 7
2026-09-22T16:00:13Z,L,6,available,False,BFI IMAX L 6
2026-09-22T16:00:13Z,L,5,available,False,BFI IMAX L 5
2026-09-22T16:00:13Z,L,4,available,False,BFI IMAX L 4
2026-09-22T16:00:13Z,L,3,available,False,BFI IMAX L 3
2026-09-22T16:00:13Z,L,2,available,False,BFI IMAX L 2
2026-09-22T16:00:13Z,L,1,available,False,BFI IMAX L 1
2026-09-22T16:00:13Z,M,34,available,False,BFI IMAX M 34
2026-09-22T16:00:13Z,M,33,available,False,BFI IMAX M 33
2026-09-22T16:00:13Z,M,32,available,False,BFI IMAX M 32
2026-09-22T16:00:13Z,M,31,available,False,BFI IMAX M 31
2026-09-22T16:00:13Z,M,30,available,False,BFI IMAX M 30
2026-09-22T16:00:13Z,M,29,available,False,BFI IMAX M 29
2026-09-22T16:00:13Z,M,28,available,False,BFI IMAX M 28
2026-09-22T16:00:13Z,M,27,available,False,BFI IMAX M 27
2026-09-22T16:00:13Z,M,8,available,False,BFI IMAX M 8
2026-09-22T16:00:13Z,M,7,available,False,BFI IMAX M 7
2026-09-22T16:00:13Z,M,6,available,False,BFI IMAX M 6
2026-09-22T16:00:13Z,M,5,available,False,BFI IMAX M 5
2026-09-22T16:00:13Z,M,4,available,False,BFI IMAX M 4
2026-09-22T16:00:13Z,M,3,available,False,BFI IMAX M 3
2026-09-22T16:00:13Z,M,2,available,False,BFI IMAX M 2
2026-09-22T16:00:13Z,M,1,available,False,BFI IMAX M 1
2026-09-22T16:00:13Z,N,34,unavailable,False,BFI IMAX N 34
2026-09-22T16:00:13Z,N,33,unavailable,False,BFI IMAX N 33
2026-09-22T16:00:13Z,N,32,unavailable,False,BFI IMAX N 32
2026-09-22T16:00:13Z,N,31,unavailable,False,BFI IMAX N 31
2026-09-22T16:00:13Z,N,30,unavailable,False,BFI IMAX N 30
2026-09-22T16:00:13Z,N,29,unavailable,False,BFI IMAX N 29
2026-09-22T16:00:13Z,N,28,unavailable,False,BFI IMAX N 28
2026-09-22T16:00:13Z,N,27,unavailable,False,BFI IMAX N 27
2026-09-22T16:00:13Z,N,8,available,False,BFI IMAX N 8
2026-09-22T16:00:13Z,N,7,available,False,BFI IMAX N 7
2026-09-22T16:00:13Z,N,6,available,False,BFI IMAX N 6
2026-09-22T16:00:13Z,N,5,available,False,BFI IMAX N 5
2026-09-22T16:00:13Z,N,4,available,False,BFI IMAX N 4
2026-09-22T16:00:13Z,N,3,available,False,BFI IMAX N 3
2026-09-22T16:00:13Z,N,2,available,False,BFI IMAX N 2
2026-09-22T16:00:13Z,N,1,available,False,BFI IMAX N 1
2026-09-22T16:00:13Z,B,25,available,False,BFI IMAX B 25
2026-09-22T16:00:13Z,B,24,available,False,BFI IMAX B 24
2026-09-22T16:00:13Z,B,23,available,False,BFI IMAX B 23
2026-09-22T16:00:13Z,B,22,available,False,BFI IMAX B 22
2026-09-22T16:00:13Z,M,15,available,False,BFI IMAX M 15
2026-09-22T16:00:13Z,M,14,available,False,BFI IMAX M 14
2026-09-22T16:00:13Z,M,13,available,False,BFI IMAX M 13
2026-09-22T16:00:13Z,M,12,available,False,BFI IMAX M 12
2026-09-22T16:00:13Z,M,11,available,False,BFI IMAX M 11
2026-09-22T16:00:13Z,M,10,available,False,BFI IMAX M 10
2026-09-22T16:00:13Z,M,9,available,False,BFI IMAX M 9
2026-09-22T16:00:13Z,L,9,available,False,BFI IMAX L 9
2026-09-22T16:00:13Z,L,25,available,False,BFI IMAX L 25
2026-09-22T16:00:13Z,L,24,available,False,BFI IMAX L 24
2026-09-22T16:00:13Z,L,23,available,False,BFI IMAX L 23
2026-09-22T16:00:13Z,L,22,available,False,BFI IMAX L 22
2026-09-22T16:00:13Z,L,21,available,False,BFI IMAX L 21
2026-09-22T16:00:13Z,L,20,available,False,BFI IMAX L 20
2026-09-22T16:00:13Z,L,19,available,False,BFI IMAX L 19
2026-09-22T16:00:13Z,L,18,available,False,BFI IMAX L 18
2026-09-22T16:00:13Z,L,17,available,False,BFI IMAX L 17
2026-09-22T16:00:13Z,L,16,available,False,BFI IMAX L 16
2026-09-22T16:00:13Z,L,15,available,False,BFI IMAX L 15
2026-09-22T16:00:13Z,L,14,available,False,BFI IMAX L 14
2026-09-22T16:00:13Z,L,13,available,False,BFI IMAX L 13
2026-09-22T16:00:13Z,L,12,available,False,BFI IMAX L 12
2026-09-22T16:00:13Z,L,11,available,False,BFI IMAX L 11
2026-09-22T16:00:13Z,N,26,unavailable,False,BFI IMAX N 26
2026-09-22T16:00:13Z,N,25,unavailable,False,BFI IMAX N 25
2026-09-22T16:00:13Z,N,24,unavailable,False,BFI IMAX N 24
2026-09-22T16:00:13Z,N,23,unavailable,False,BFI IMAX N 23
2026-09-22T16:00:13Z,N,22,available,False,BFI IMAX N 22
2026-09-22T16:00:13Z,N,21,available,False,BFI IMAX N 21
2026-09-22T16:00:13Z,N,20,available,False,BFI IMAX N 20
2026-09-22T16:00:13Z,N,19,available,False,BFI IMAX N 19
2026-09-22T16:00:13Z,N,18,available,False,BFI IMAX N 18
2026-09-22T16:00:13Z,N,17,available,False,BFI IMAX N 17
2026-09-22T16:00:13Z,N,16,available,False,BFI IMAX N 16
2026-09-22T16:00:13Z,N,15,available,False,BFI IMAX N 15
2026-09-22T16:00:13Z,N,14,available,False,BFI IMAX N 14
2026-09-22T16:00:13Z,N,13,available,False,BFI IMAX N 13
2026-09-22T16:00:13Z,N,12,unavailable,False,BFI IMAX N 12
2026-09-22T16:00:13Z,N,11,unavailable,False,BFI IMAX N 11
2026-09-22T16:00:13Z,N,10,unavailable,False,BFI IMAX N 10
2026-09-22T16:00:13Z,N,9,unavailable,False,BFI IMAX N 9
2026-09-22T16:00:13Z,L,10,available,False,BFI IMAX L 10
2026-09-22T16:00:13Z,M,26,available,False,BFI IMAX M 26
2026-09-22T16:00:13Z,M,25,available,False,BFI IMAX M 25
2026-09-22T16:00:13Z,M,24,available,False,BFI IMAX M 24
2026-09-22T16:00:13Z,M,23,available,False,BFI IMAX M 23
2026-09-22T16:00:13Z,M,22,available,False,BFI IMAX M 22
2026-09-22T16:00:13Z,M,21,available,False,BFI IMAX M 21
2026-09-22T16:00:13Z,M,20,available,False,BFI IMAX M 20
2026-09-22T16:00:13Z,M,19,available,False,BFI IMAX M 19
2026-09-22T16:00:13Z,M,18,available,False,BFI IMAX M 18
2026-09-22T16:00:13Z,M,17,available,False,BFI IMAX M 17
2026-09-22T16:00:13Z,M,16,available,False,BFI IMAX M 16
2026-09-22T16:00:13Z,P,27,available,True,BFI IMAX P 27
2026-09-22T16:00:13Z,P,26,unavailable,False,BFI IMAX P 26
2026-09-22T16:00:13Z,P,6,unavailable,False,BFI IMAX P 6
2026-09-22T16:00:13Z,P,5,available,True,BFI IMAX P 5
2026-09-22T16:00:13Z,P,31,unavailable,False,BFI IMAX P 31
2026-09-22T16:00:13Z,P,30,available,True,BFI IMAX P 30
2026-09-22T16:00:13Z,P,2,available,True,BFI IMAX P 2
2026-09-22T16:00:13Z,P,1,unavailable,False,BFI IMAX P 1
2026-09-22T16:00:13Z,P,21,available,False,BFI IMAX P 21
2026-09-22T16:00:13Z,P,20,available,False,BFI IMAX P 20
2026-09-22T16:00:13Z,P,19,available,False,BFI IMAX P 19
2026-09-22T16:00:13Z,P,18,available,False,BFI IMAX P 18
2026-09-22T16:00:13Z,P,17,available,False,BFI IMAX P 17
2026-09-22T16:00:13Z,P,16,available,False,BFI IMAX P 16
2026-09-22T16:00:13Z,P,15,available,False,BFI IMAX P 15
2026-09-22T16:00:13Z,P,14,available,False,BFI IMAX P 14
2026-09-22T16:00:13Z,P,13,available,False,BFI IMAX P 13
2026-09-22T16:00:13Z,P,12,available,False,BFI IMAX P 12
2026-09-22T16:00:13Z,P,11,available,False,BFI IMAX P 11
2026-09-22T16:00:13Z,P,9,available,False,BFI IMAX P 9
2026-09-22T16:00:13Z,P,8,available,False,BFI IMAX P 8
2026-09-22T16:00:13Z,P,7,available,False,BFI IMAX P 7
2026-09-22T16:00:13Z,P,10,available,False,BFI IMAX P 10
2026-09-22T16:00:13Z,P,25,available,False,BFI IMAX P 25
2026-09-22T16:00:13Z,P,24,available,False,BFI IMAX P 24
2026-09-22T16:00:13Z,P,23,available,False,BFI IMAX P 23
2026-09-22T16:00:13Z,P,22,available,False,BFI IMAX P 22
2026-09-22T16:00:13Z,Q,18,sold,False,BFI IMAX Q 18
2026-09-22T16:00:13Z,Q,17,available,False,BFI IMAX Q 17
2026-09-22T16:00:13Z,Q,16,available,False,BFI IMAX Q 16
2026-09-22T16:00:13Z,Q,15,available,False,BFI IMAX Q 15
2026-09-22T16:00:13Z,Q,14,available,False,BFI IMAX Q 14
2026-09-22T16:00:13Z,Q,13,available,False,BFI IMAX Q 13
2026-09-22T16:00:13Z,Q,12,available,False,BFI IMAX Q 12
2026-09-22T16:00:13Z,Q,11,available,False,BFI IMAX Q 11
2026-09-22T16:00:13Z,Q,10,available,False,BFI IMAX Q 10
2026-09-22T16:00:13Z,Q,9,sold,False,BFI IMAX Q 9
2026-09-22T16:00:13Z,Q,8,available,False,BFI IMAX Q 8
2026-09-22T16:00:13Z,Q,7,available,False,BFI IMAX Q 7
2026-09-22T16:00:13Z,Q,6,available,False,BFI IMAX Q 6
2026-09-22T16:00:13Z,Q,5,available,False,BFI IMAX Q 5
2026-09-22T16:00:13Z,Q,4,available,False,BFI IMAX Q 4
2026-09-22T16:00:13Z,Q,3,available,False,BFI IMAX Q 3
2026-09-22T16:00:13Z,Q,2,available,False,BFI IMAX Q 2
2026-09-22T16:00:13Z,Q,1,available,False,BFI IMAX Q 1
2026-09-22T22:29:39Z,J,29,unavailable,False,BFI IMAX J 29
2026-09-22T22:29:39Z,J,28,unavailable,False,BFI IMAX J 28
2026-09-22T22:29:39Z,J,27,unavailable,False,BFI IMAX J 27
2026-09-22T22:29:39Z,J,26,unavailable,False,BFI IMAX J 26
2026-09-22T22:29:39Z,J,25,unavailable,False,BFI IMAX J 25
2026-09-22T22:29:39Z,J,24,unavailable,False,BFI IMAX J 24
2026-09-22T22:29:39Z,J,23,unavailable,False,BFI IMAX J 23
2026-09-22T22:29:39Z,J,22,unavailable,False,BFI IMAX J 22
2026-09-22T22:29:39Z,J,21,unavailable,False,BFI IMAX J 21
2026-09-22T22:29:39Z,J,20,unavailable,False,BFI IMAX J 20
2026-09-22T22:29:39Z,J,19,unavailable,False,BFI IMAX J 19
2026-09-22T22:29:39Z,J,18,unavailable,False,BFI IMAX J 18
2026-09-22T22:29:39Z,J,17,unavailable,False,BFI IMAX J 17
2026-09-22T22:29:39Z,J,16,unavailable,False,BFI IMAX J 16
2026-09-22T22:29:39Z,J,15,unavailable,False,BFI IMAX J 15
2026-09-22T22:29:39Z,J,14,unavailable,False,BFI IMAX J 14
2026-09-22T22:29:39Z,J,13,unavailable,False,BFI IMAX J 13
2026-09-22T22:29:39Z,J,12,unavailable,False,BFI IMAX J 12
2026-09-22T22:29:39Z,J,11,unavailable,False,BFI IMAX J 11
2026-09-22T22:29:39Z,J,10,unavailable,False,BFI IMAX J 10
2026-09-22T22:29:39Z,J,9,unavailable,False,BFI IMAX J 9
2026-09-22T22:29:39Z,J,8,unavailable,False,BFI IMAX J 8
2026-09-22T22:29:39Z,K,27,unavailable,False,BFI IMAX K 27
2026-09-22T22:29:39Z,K,26,unavailable,False,BFI IMAX K 26
2026-09-22T22:29:39Z,P,29,available,True,BFI IMAX P 29
2026-09-22T22:29:39Z,P,28,available,True,BFI IMAX P 28
2026-09-22T22:29:39Z,P,4,available,True,BFI IMAX P 4
2026-09-22T22:29:39Z,P,3,available,True,BFI IMAX P 3
2026-09-22T22:29:39Z,B,21,available,False,BFI IMAX B 21
2026-09-22T22:29:39Z,B,20,available,False,BFI IMAX B 20
2026-09-22T22:29:39Z,B,19,available,False,BFI IMAX B 19
2026-09-22T22:29:39Z,B,18,available,False,BFI IMAX B 18
2026-09-22T22:29:39Z,B,17,available,False,BFI IMAX B 17
2026-09-22T22:29:39Z,B,16,available,False,BFI IMAX B 16
2026-09-22T22:29:39Z,B,15,available,False,BFI IMAX B 15
2026-09-22T22:29:39Z,B,14,available,False,BFI IMAX B 14
2026-09-22T22:29:39Z,B,13,available,False,BFI IMAX B 13
2026-09-22T22:29:39Z,B,12,available,False,BFI IMAX B 12
2026-09-22T22:29:39Z,B,11,available,False,BFI IMAX B 11
2026-09-22T22:29:39Z,B,10,available,False,BFI IMAX B 10
2026-09-22T22:29:39Z,B,9,available,False,BFI IMAX B 9
2026-09-22T22:29:39Z,B,8,available,False,BFI IMAX B 8
2026-09-22T22:29:39Z,B,7,available,False,BFI IMAX B 7
2026-09-22T22:29:39Z,B,6,available,False,BFI IMAX B 6
2026-09-22T22:29:39Z,B,5,available,False,BFI IMAX B 5
2026-09-22T22:29:39Z,B,4,available,False,BFI IMAX B 4
2026-09-22T22:29:39Z,B,3,available,False,BFI IMAX B 3
2026-09-22T22:29:39Z,B,2,available,False,BFI IMAX B 2
2026-09-22T22:29:39Z,B,1,available,False,BFI IMAX B 1
2026-09-22T22:29:39Z,C,36,available,False,BFI IMAX C 36
2026-09-22T22:29:39Z,C,35,available,False,BFI IMAX C 35
2026-09-22T22:29:39Z,C,34,available,False,BFI IMAX C 34
2026-09-22T22:29:39Z,C,33,available,False,BFI IMAX C 33
2026-09-22T22:29:39Z,C,32,available,False,BFI IMAX C 32
2026-09-22T22:29:39Z,C,31,available,False,BFI IMAX C 31
2026-09-22T22:29:39Z,C,30,available,False,BFI IMAX C 30
2026-09-22T22:29:39Z,C,29,available,False,BFI IMAX C 29
2026-09-22T22:29:39Z,C,28,available,False,BFI IMAX C 28
2026-09-22T22:29:39Z,C,27,available,False,BFI IMAX C 27
2026-09-22T22:29:39Z,C,26,available,False,BFI IMAX C 26
2026-09-22T22:29:39Z,C,25,sold,False,BFI IMAX C 25
2026-09-22T22:29:39Z,C,24,available,False,BFI IMAX C 24
2026-09-22T22:29:39Z,C,23,available,False,BFI IMAX C 23
2026-09-22T22:29:39Z,C,22,available,False,BFI IMAX C 22
2026-09-22T22:29:39Z,C,21,available,False,BFI IMAX C 21
2026-09-22T22:29:39Z,C,20,available,False,BFI IMAX C 20
2026-09-22T22:29:39Z,C,19,available,False,BFI IMAX C 19
2026-09-22T22:29:39Z,C,18,available,False,BFI IMAX C 18
2026-09-22T22:29:39Z,C,17,available,False,BFI IMAX C 17
2026-09-22T22:29:39Z,C,16,available,False,BFI IMAX C 16
2026-09-22T22:29:39Z,C,15,available,False,BFI IMAX C 15
2026-09-22T22:29:39Z,C,14,available,False,BFI IMAX C 14
2026-09-22T22:29:39Z,C,13,available,False,BFI IMAX C 13
2026-09-22T22:29:39Z,C,12,available,False,BFI IMAX C 12
2026-09-22T22:29:39Z,C,11,available,False,BFI IMAX C 11
2026-09-22T22:29:39Z,C,10,available,False,BFI IMAX C 10
2026-09-22T22:29:39Z,C,9,available,False,BFI IMAX C 9
2026-09-22T22:29:39Z,C,8,available,False,BFI IMAX C 8
2026-09-22T22:29:39Z,C,7,available,False,BFI IMAX C 7
2026-09-22T22:29:39Z,C,6,available,False,BFI IMAX C 6
2026-09-22T22:29:39Z,C,5,available,False,BFI IMAX C 5
2026-09-22T22:29:39Z,C,4,available,False,BFI IMAX C 4
2026-09-22T22:29:39Z,C,3,available,False,BFI IMAX C 3
2026-09-22T22:29:39Z,C,2,available,False,BFI IMAX C 2
2026-09-22T22:29:39Z,C,1,available,False,BFI IMAX C 1
2026-09-22T22:29:39Z,D,37,available,False,BFI IMAX D 37
2026-09-22T22:29:39Z,D,36,available,False,BFI IMAX D 36
2026-09-22T22:29:39Z,D,35,available,False,BFI IMAX D 35
2026-09-22T22:29:39Z,D,34,available,False,BFI IMAX D 34
2026-09-22T22:29:39Z,D,33,available,False,BFI IMAX D 33
2026-09-22T22:29:39Z,D,32,available,False,BFI IMAX D 32
2026-09-22T22:29:39Z,D,31,available,False,BFI IMAX D 31
2026-09-22T22:29:39Z,D,30,available,False,BFI IMAX D 30
2026-09-22T22:29:39Z,D,29,available,False,BFI IMAX D 29
2026-09-22T22:29:39Z,D,28,available,False,BFI IMAX D 28
2026-09-22T22:29:39Z,D,27,available,False,BFI IMAX D 27
2026-09-22T22:29:39Z,D,26,available,False,BFI IMAX D 26
2026-09-22T22:29:39Z,D,25,available,False,BFI IMAX D 25
2026-09-22T22:29:39Z,D,24,available,False,BFI IMAX D 24
2026-09-22T22:29:39Z,D,23,available,False,BFI IMAX D 23
2026-09-22T22:29:39Z,D,22,available,False,BFI IMAX D 22
2026-09-22T22:29:39Z,D,21,available,False,BFI IMAX D 21
2026-09-22T22:29:39Z,D,20,available,False,BFI IMAX D 20
2026-09-22T22:29:39Z,D,19,available,False,BFI IMAX D 19
2026-09-22T22:29:39Z,D,18,available,False,BFI IMAX D 18
2026-09-22T22:29:39Z,D,17,available,False,BFI IMAX D 17
2026-09-22T22:29:39Z,D,16,available,False,BFI IMAX D 16
2026-09-22T22:29:39Z,D,15,available,False,BFI IMAX D 15
2026-09-22T22:29:39Z,D,14,available,False,BFI IMAX D 14
2026-09-22T22:29:39Z,D,13,available,False,BFI IMAX D 13
2026-09-22T22:29:39Z,D,12,available,False,BFI IMAX D 12
2026-09-22T22:29:39Z,D,11,available,False,BFI IMAX D 11
2026-09-22T22:29:39Z,D,10,available,False,BFI IMAX D 10
2026-09-22T22:29:39Z,D,9,available,False,BFI IMAX D 9
2026-09-22T22:29:39Z,D,8,available,False,BFI IMAX D 8
2026-09-22T22:29:39Z,D,7,available,False,BFI IMAX D 7
2026-09-22T22:29:39Z,D,6,available,False,BFI IMAX D 6
2026-09-22T22:29:39Z,D,5,available,False,BFI IMAX D 5
2026-09-22T22:29:39Z,D,4,available,False,BFI IMAX D 4
2026-09-22T22:29:39Z,D,3,available,False,BFI IMAX D 3
2026-09-22T22:29:39Z,D,2,available,False,BFI IMAX D 2
2026-09-22T22:29:39Z,D,1,available,False,BFI IMAX D 1
2026-09-22T22:29:39Z,E,37,available,False,BFI IMAX E 37
2026-09-22T22:29:39Z,E,36,available,False,BFI IMAX E 36
2026-09-22T22:29:39Z,E,35,available,False,BFI IMAX E 35
2026-09-22T22:29:39Z,E,34,available,False,BFI IMAX E 34
2026-09-22T22:29:39Z,E,33,available,False,BFI IMAX E 33
2026-09-22T22:29:39Z,E,32,available,False,BFI IMAX E 32
2026-09-22T22:29:39Z,E,31,available,False,BFI IMAX E 31
2026-09-22T22:29:39Z,E,30,available,False,BFI IMAX E 30
2026-09-22T22:29:39Z,E,29,available,False,BFI IMAX E 29
2026-09-22T22:29:39Z,E,28,available,False,BFI IMAX E 28
2026-09-22T22:29:39Z,E,27,available,False,BFI IMAX E 27
2026-09-22T22:29:39Z,E,26,available,False,BFI IMAX E 26
2026-09-22T22:29:39Z,E,25,available,False,BFI IMAX E 25
2026-09-22T22:29:39Z,E,24,available,False,BFI IMAX E 24
2026-09-22T22:29:39Z,E,23,available,False,BFI IMAX E 23
2026-09-22T22:29:39Z,E,22,available,False,BFI IMAX E 22
2026-09-22T22:29:39Z,E,21,available,False,BFI IMAX E 21
2026-09-22T22:29:39Z,E,20,available,False,BFI IMAX E 20
2026-09-22T22:29:39Z,E,19,available,False,BFI IMAX E 19
2026-09-22T22:29:39Z,E,18,available,False,BFI IMAX E 18
2026-09-22T22:29:39Z,E,17,available,False,BFI IMAX E 17
2026-09-22T22:29:39Z,E,16,available,False,BFI IMAX E 16
2026-09-22T22:29:39Z,E,15,available,False,BFI IMAX E 15
2026-09-22T22:29:39Z,E,14,available,False,BFI IMAX E 14
2026-09-22T22:29:39Z,E,13,available,False,BFI IMAX E 13
2026-09-22T22:29:39Z,E,12,available,False,BFI IMAX E 12
2026-09-22T22:29:39Z,E,11,available,False,BFI IMAX E 11
2026-09-22T22:29:39Z,E,10,available,False,BFI IMAX E 10
2026-09-22T22:29:39Z,E,9,available,False,BFI IMAX E 9
2026-09-22T22:29:39Z,E,8,available,False,BFI IMAX E 8
2026-09-22T22:29:39Z,E,7,available,False,BFI IMAX E 7
2026-09-22T22:29:39Z,E,6,available,False,BFI IMAX E 6
2026-09-22T22:29:39Z,E,5,available,False,BFI IMAX E 5
2026-09-22T22:29:39Z,E,4,available,False,BFI IMAX E 4
2026-09-22T22:29:39Z,E,3,available,False,BFI IMAX E 3
2026-09-22T22:29:39Z,E,2,available,False,BFI IMAX E 2
2026-09-22T22:29:39Z,E,1,available,False,BFI IMAX E 1
2026-09-22T22:29:39Z,F,38,available,False,BFI IMAX F 38
2026-09-22T22:29:39Z,F,37,available,False,BFI IMAX F 37
2026-09-22T22:29:39Z,F,36,available,False,BFI IMAX F 36
2026-09-22T22:29:39Z,F,35,available,False,BFI IMAX F 35
2026-09-22T22:29:39Z,F,34,available,False,BFI IMAX F 34
2026-09-22T22:29:39Z,F,33,available,False,BFI IMAX F 33
2026-09-22T22:29:39Z,F,32,available,False,BFI IMAX F 32
2026-09-22T22:29:39Z,F,31,available,False,BFI IMAX F 31
2026-09-22T22:29:39Z,F,30,available,False,BFI IMAX F 30
2026-09-22T22:29:39Z,F,29,available,False,BFI IMAX F 29
2026-09-22T22:29:39Z,F,28,available,False,BFI IMAX F 28
2026-09-22T22:29:39Z,F,27,available,False,BFI IMAX F 27
2026-09-22T22:29:39Z,F,26,available,False,BFI IMAX F 26
2026-09-22T22:29:39Z,F,25,available,False,BFI IMAX F 25
2026-09-22T22:29:39Z,F,24,available,False,BFI IMAX F 24
2026-09-22T22:29:39Z,F,23,available,False,BFI IMAX F 23
2026-09-22T22:29:39Z,F,22,available,False,BFI IMAX F 22
2026-09-22T22:29:39Z,F,21,available,False,BFI IMAX F 21
2026-09-22T22:29:39Z,F,20,available,False,BFI IMAX F 20
2026-09-22T22:29:39Z,F,19,available,False,BFI IMAX F 19
2026-09-22T22:29:39Z,F,18,available,False,BFI IMAX F 18
2026-09-22T22:29:39Z,F,17,available,False,BFI IMAX F 17
2026-09-22T22:29:39Z,F,16,available,False,BFI IMAX F 16
2026-09-22T22:29:39Z,F,15,available,False,BFI IMAX F 15
2026-09-22T22:29:39Z,F,14,available,False,BFI IMAX F 14
2026-09-22T22:29:39Z,F,13,available,False,BFI IMAX F 13
2026-09-22T22:29:39Z,F,12,available,False,BFI IMAX F 12
2026-09-22T22:29:39Z,F,11,available,False,BFI IMAX F 11
2026-09-22T22:29:39Z,F,10,available,False,BFI IMAX F 10
2026-09-22T22:29:39Z,F,9,available,False,BFI IMAX F 9
2026-09-22T22:29:39Z,F,8,available,False,BFI IMAX F 8
2026-09-22T22:29:39Z,F,7,available,False,BFI IMAX F 7
2026-09-22T22:29:39Z,F,6,available,False,BFI IMAX F 6
2026-09-22T22:29:39Z,F,5,available,False,BFI IMAX F 5
2026-09-22T22:29:39Z,F,4,available,False,BFI IMAX F 4
2026-09-22T22:29:39Z,F,3,available,False,BFI IMAX F 3
2026-09-22T22:29:39Z,F,2,available,False,BFI IMAX F 2
2026-09-22T22:29:39Z,F,1,available,False,BFI IMAX F 1
2026-09-22T22:29:39Z,G,37,available,False,BFI IMAX G 37
2026-09-22T22:29:39Z,G,36,available,False,BFI IMAX G 36
2026-09-22T22:29:39Z,G,35,available,False,BFI IMAX G 35
2026-09-22T22:29:39Z,G,34,available,False,BFI IMAX G 34
2026-09-22T22:29:39Z,G,33,available,False,BFI IMAX G 33
2026-09-22T22:29:39Z,G,32,available,False,BFI IMAX G 32
2026-09-22T22:29:39Z,G,31,available,False,BFI IMAX G 31
2026-09-22T22:29:39Z,G,30,available,False,BFI IMAX G 30
2026-09-22T22:29:39Z,G,29,available,False,BFI IMAX G 29
2026-09-22T22:29:39Z,G,28,available,False,BFI IMAX G 28
2026-09-22T22:29:39Z,G,27,available,False,BFI IMAX G 27
2026-09-22T22:29:39Z,G,26,available,False,BFI IMAX G 26
2026-09-22T22:29:39Z,G,25,available,False,BFI IMAX G 25
2026-09-22T22:29:39Z,G,24,available,False,BFI IMAX G 24
2026-09-22T22:29:39Z,G,23,available,False,BFI IMAX G 23
2026-09-22T22:29:39Z,G,22,available,False,BFI IMAX G 22
2026-09-22T22:29:39Z,G,21,available,False,BFI IMAX G 21
2026-09-22T22:29:39Z,G,20,available,False,BFI IMAX G 20
2026-09-22T22:29:39Z,G,19,available,False,BFI IMAX G 19
2026-09-22T22:29:39Z,G,18,available,False,BFI IMAX G 18
2026-09-22T22:29:39Z,G,17,available,False,BFI IMAX G 17
2026-09-22T22:29:39Z,G,16,available,False,BFI IMAX G 16
2026-09-22T22:29:39Z,G,15,available,False,BFI IMAX G 15
2026-09-22T22:29:39Z,G,14,available,False,BFI IMAX G 14
2026-09-22T22:29:39Z,G,13,available,False,BFI IMAX G 13
2026-09-22T22:29:39Z,G,12,available,False,BFI IMAX G 12
2026-09-22T22:29:39Z,G,11,available,False,BFI IMAX G 11
2026-09-22T22:29:39Z,G,10,available,False,BFI IMAX G 10
2026-09-22T22:29:39Z,G,9,available,False,BFI IMAX G 9
2026-09-22T22:29:39Z,G,8,available,False,BFI IMAX G 8
2026-09-22T22:29:39Z,G,7,available,False,BFI IMAX G 7
2026-09-22T22:29:39Z,G,6,available,False,BFI IMAX G 6
2026-09-22T22:29:39Z,G,5,available,False,BFI IMAX G 5
2026-09-22T22:29:39Z,G,4,available,False,BFI IMAX G 4
2026-09-22T22:29:39Z,G,3,available,False,BFI IMAX G 3
2026-09-22T22:29:39Z,G,2,available,False,BFI IMAX G 2
2026-09-22T22:29:39Z,G,1,available,False,BFI IMAX G 1
2026-09-22T22:29:39Z,H,37,available,False,BFI IMAX H 37
2026-09-22T22:29:39Z,H,36,available,False,BFI IMAX H 36
2026-09-22T22:29:39Z,H,35,available,False,BFI IMAX H 35
2026-09-22T22:29:39Z,H,34,available,False,BFI IMAX H 34
2026-09-22T22:29:39Z,H,33,available,False,BFI IMAX H 33
2026-09-22T22:29:39Z,H,32,available,False,BFI IMAX H 32
2026-09-22T22:29:39Z,H,31,available,False,BFI IMAX H 31
2026-09-22T22:29:39Z,H,30,available,False,BFI IMAX H 30
2026-09-22T22:29:39Z,H,29,available,False,BFI IMAX H 29
2026-09-22T22:29:39Z,H,28,available,False,BFI IMAX H 28
2026-09-22T22:29:39Z,H,27,available,False,BFI IMAX H 27
2026-09-22T22:29:39Z,H,26,available,False,BFI IMAX H 26
2026-09-22T22:29:39Z,H,25,available,False,BFI IMAX H 25
2026-09-22T22:29:39Z,H,24,available,False,BFI IMAX H 24
2026-09-22T22:29:39Z,H,23,available,False,BFI IMAX H 23
2026-09-22T22:29:39Z,H,22,available,False,BFI IMAX H 22
2026-09-22T22:29:39Z,H,21,available,False,BFI IMAX H 21
2026-09-22T22:29:39Z,H,20,available,False,BFI IMAX H 20
2026-09-22T22:29:39Z,H,19,available,False,BFI IMAX H 19
2026-09-22T22:29:39Z,H,18,available,False,BFI IMAX H 18
2026-09-22T22:29:39Z,H,17,available,False,BFI IMAX H 17
2026-09-22T22:29:39Z,H,16,available,False,BFI IMAX H 16
2026-09-22T22:29:39Z,H,15,available,False,BFI IMAX H 15
2026-09-22T22:29:39Z,H,14,available,False,BFI IMAX H 14
2026-09-22T22:29:39Z,H,13,available,False,BFI IMAX H 13
2026-09-22T22:29:39Z,H,12,available,False,BFI IMAX H 12
2026-09-22T22:29:39Z,H,11,available,False,BFI IMAX H 11
2026-09-22T22:29:39Z,H,10,available,False,BFI IMAX H 10
2026-09-22T22:29:39Z,H,9,available,False,BFI IMAX H 9
2026-09-22T22:29:39Z,H,8,available,False,BFI IMAX H 8
2026-09-22T22:29:39Z,H,7,available,False,BFI IMAX H 7
2026-09-22T22:29:39Z,H,6,available,False,BFI IMAX H 6
2026-09-22T22:29:39Z,H,5,available,False,BFI IMAX H 5
2026-09-22T22:29:39Z,H,4,available,False,BFI IMAX H 4
2026-09-22T22:29:39Z,H,3,available,False,BFI IMAX H 3
2026-09-22T22:29:39Z,H,2,available,False,BFI IMAX H 2
2026-09-22T22:29:39Z,H,1,available,False,BFI IMAX H 1
2026-09-22T22:29:39Z,J,36,available,False,BFI IMAX J 36
2026-09-22T22:29:39Z,J,35,available,False,BFI IMAX J 35
2026-09-22T22:29:39Z,J,34,available,False,BFI IMAX J 34
2026-09-22T22:29:39Z,J,33,available,False,BFI IMAX J 33
2026-09-22T22:29:39Z,J,32,available,False,BFI IMAX J 32
2026-09-22T22:29:39Z,J,31,available,False,BFI IMAX J 31
2026-09-22T22:29:39Z,J,30,available,False,BFI IMAX J 30
2026-09-22T22:29:39Z,A,13,available,False,BFI IMAX A 13
2026-09-22T22:29:39Z,A,12,available,False,BFI IMAX A 12
2026-09-22T22:29:39Z,A,11,available,False,BFI IMAX A 11
2026-09-22T22:29:39Z,A,10,available,False,BFI IMAX A 10
2026-09-22T22:29:39Z,A,9,available,False,BFI IMAX A 9
2026-09-22T22:29:39Z,A,8,available,False,BFI IMAX A 8
2026-09-22T22:29:39Z,A,7,available,False,BFI IMAX A 7
2026-09-22T22:29:39Z,A,6,available,False,BFI IMAX A 6
2026-09-22T22:29:39Z,A,5,available,False,BFI IMAX A 5
2026-09-22T22:29:39Z,A,4,available,False,BFI IMAX A 4
2026-09-22T22:29:39Z,A,3,available,False,BFI IMAX A 3
2026-09-22T22:29:39Z,A,2,available,False,BFI IMAX A 2
2026-09-22T22:29:39Z,A,1,available,False,BFI IMAX A 1
2026-09-22T22:29:39Z,B,36,available,False,BFI IMAX B 36
2026-09-22T22:29:39Z,B,35,available,False,BFI IMAX B 35
2026-09-22T22:29:39Z,B,34,available,False,BFI IMAX B 34
2026-09-22T22:29:39Z,B,33,available,False,BFI IMAX B 33
2026-09-22T22:29:39Z,B,32,available,False,BFI IMAX B 32
2026-09-22T22:29:39Z,B,31,available,False,BFI IMAX B 31
2026-09-22T22:29:39Z,B,30,available,False,BFI IMAX B 30
2026-09-22T22:29:39Z,B,29,available,False,BFI IMAX B 29
2026-09-22T22:29:39Z,B,28,available,False,BFI IMAX B 28
2026-09-22T22:29:39Z,J,7,available,False,BFI IMAX J 7
2026-09-22T22:29:39Z,J,6,available,False,BFI IMAX J 6
2026-09-22T22:29:39Z,J,5,available,False,BFI IMAX J 5
2026-09-22T22:29:39Z,J,4,available,False,BFI IMAX J 4
2026-09-22T22:29:39Z,J,3,available,False,BFI IMAX J 3
2026-09-22T22:29:39Z,J,2,available,False,BFI IMAX J 2
2026-09-22T22:29:39Z,J,1,available,False,BFI IMAX J 1
2026-09-22T22:29:39Z,K,36,available,False,BFI IMAX K 36
2026-09-22T22:29:39Z,K,35,available,False,BFI IMAX K 35
2026-09-22T22:29:39Z,K,34,available,False,BFI IMAX K 34
2026-09-22T22:29:39Z,K,33,available,False,BFI IMAX K 33
2026-09-22T22:29:39Z,K,32,available,False,BFI IMAX K 32
2026-09-22T22:29:39Z,K,31,available,False,BFI IMAX K 31
2026-09-22T22:29:39Z,K,30,available,False,BFI IMAX K 30
2026-09-22T22:29:39Z,K,29,available,False,BFI IMAX K 29
2026-09-22T22:29:39Z,K,28,available,False,BFI IMAX K 28
2026-09-22T22:29:39Z,B,27,available,False,BFI IMAX B 27
2026-09-22T22:29:39Z,B,26,available,False,BFI IMAX B 26
2026-09-22T22:29:39Z,K,25,available,False,BFI IMAX K 25
2026-09-22T22:29:39Z,K,24,available,False,BFI IMAX K 24
2026-09-22T22:29:39Z,K,23,available,False,BFI IMAX K 23
2026-09-22T22:29:39Z,K,22,available,False,BFI IMAX K 22
2026-09-22T22:29:39Z,K,21,available,False,BFI IMAX K 21
2026-09-22T22:29:39Z,K,20,available,False,BFI IMAX K 20
2026-09-22T22:29:39Z,K,19,available,False,BFI IMAX K 19
2026-09-22T22:29:39Z,K,18,available,False,BFI IMAX K 18
2026-09-22T22:29:39Z,K,17,available,False,BFI IMAX K 17
2026-09-22T22:29:39Z,K,16,available,False,BFI IMAX K 16
2026-09-22T22:29:39Z,K,15,available,False,BFI IMAX K 15
2026-09-22T22:29:39Z,K,14,available,False,BFI IMAX K 14
2026-09-22T22:29:39Z,K,13,available,False,BFI IMAX K 13
2026-09-22T22:29:39Z,K,12,available,False,BFI IMAX K 12
2026-09-22T22:29:39Z,K,11,available,False,BFI IMAX K 11
2026-09-22T22:29:39Z,K,10,available,False,BFI IMAX K 10
2026-09-22T22:29:39Z,K,9,available,False,BFI IMAX K 9
2026-09-22T22:29:39Z,K,8,available,False,BFI IMAX K 8
2026-09-22T22:29:39Z,K,7,available,False,BFI IMAX K 7
2026-09-22T22:29:39Z,K,6,available,False,BFI IMAX K 6
2026-09-22T22:29:39Z,K,5,available,False,BFI IMAX K 5
2026-09-22T22:29:39Z,K,4,available,False,BFI IMAX K 4
2026-09-22T22:29:39Z,K,3,available,False,BFI IMAX K 3
2026-09-22T22:29:39Z,K,2,available,False,BFI IMAX K 2
2026-09-22T22:29:39Z,K,1,available,False,BFI IMAX K 1
2026-09-22T22:29:39Z,L,33,available,False,BFI IMAX L 33
2026-09-22T22:29:39Z,L,32,available,False,BFI IMAX L 32
2026-09-22T22:29:39Z,L,31,available,False,BFI IMAX L 31
2026-09-22T22:29:39Z,L,30,available,False,BFI IMAX L 30
2026-09-22T22:29:39Z,L,29,available,False,BFI IMAX L 29
2026-09-22T22:29:39Z,L,28,available,False,BFI IMAX L 28
2026-09-22T22:29:39Z,L,27,available,False,BFI IMAX L 27
2026-09-22T22:29:39Z,L,26,available,False,BFI IMAX L 26
2026-09-22T22:29:39Z,L,8,available,False,BFI IMAX L 8
2026-09-22T22:29:39Z,L,7,available,False,BFI IMAX L 7
2026-09-22T22:29:39Z,L,6,available,False,BFI IMAX L 6
2026-09-22T22:29:39Z,L,5,available,False,BFI IMAX L 5
2026-09-22T22:29:39Z,L,4,available,False,BFI IMAX L 4
2026-09-22T22:29:39Z,L,3,available,False,BFI IMAX L 3
2026-09-22T22:29:39Z,L,2,available,False,BFI IMAX L 2
2026-09-22T22:29:39Z,L,1,available,False,BFI IMAX L 1
2026-09-22T22:29:39Z,M,34,available,False,BFI IMAX M 34
2026-09-22T22:29:39Z,M,33,available,False,BFI IMAX M 33
2026-09-22T22:29:39Z,M,32,available,False,BFI IMAX M 32
2026-09-22T22:29:39Z,M,31,available,False,BFI IMAX M 31
2026-09-22T22:29:39Z,M,30,available,False,BFI IMAX M 30
2026-09-22T22:29:39Z,M,29,available,False,BFI IMAX M 29
2026-09-22T22:29:39Z,M,28,available,False,BFI IMAX M 28
2026-09-22T22:29:39Z,M,27,available,False,BFI IMAX M 27
2026-09-22T22:29:39Z,M,8,available,False,BFI IMAX M 8
2026-09-22T22:29:39Z,M,7,available,False,BFI IMAX M 7
2026-09-22T22:29:39Z,M,6,available,False,BFI IMAX M 6
2026-09-22T22:29:39Z,M,5,available,False,BFI IMAX M 5
2026-09-22T22:29:39Z,M,4,available,False,BFI IMAX M 4
2026-09-22T22:29:39Z,M,3,available,False,BFI IMAX M 3
2026-09-22T22:29:39Z,M,2,available,False,BFI IMAX M 2
2026-09-22T22:29:39Z,M,1,available,False,BFI IMAX M 1
2026-09-22T22:29:39Z,N,34,unavailable,False,BFI IMAX N 34
2026-09-22T22:29:39Z,N,33,unavailable,False,BFI IMAX N 33
2026-09-22T22:29:39Z,N,32,unavailable,False,BFI IMAX N 32
2026-09-22T22:29:39Z,N,31,unavailable,False,BFI IMAX N 31
2026-09-22T22:29:39Z,N,30,unavailable,False,BFI IMAX N 30
2026-09-22T22:29:39Z,N,29,unavailable,False,BFI IMAX N 29
2026-09-22T22:29:39Z,N,28,unavailable,False,BFI IMAX N 28
2026-09-22T22:29:39Z,N,27,unavailable,False,BFI IMAX N 27
2026-09-22T22:29:39Z,N,8,available,False,BFI IMAX N 8
2026-09-22T22:29:39Z,N,7,available,False,BFI IMAX N 7
2026-09-22T22:29:39Z,N,6,available,False,BFI IMAX N 6
2026-09-22T22:29:39Z,N,5,available,False,BFI IMAX N 5
2026-09-22T22:29:39Z,N,4,available,False,BFI IMAX N 4
2026-09-22T22:29:39Z,N,3,available,False,BFI IMAX N 3
2026-09-22T22:29:39Z,N,2,available,False,BFI IMAX N 2
2026-09-22T22:29:39Z,N,1,available,False,BFI IMAX N 1
2026-09-22T22:29:39Z,B,25,available,False,BFI IMAX B 25
2026-09-22T22:29:39Z,B,24,available,False,BFI IMAX B 24
2026-09-22T22:29:39Z,B,23,available,False,BFI IMAX B 23
2026-09-22T22:29:39Z,B,22,available,False,BFI IMAX B 22
2026-09-22T22:29:39Z,M,15,available,False,BFI IMAX M 15
2026-09-22T22:29:39Z,M,14,available,False,BFI IMAX M 14
2026-09-22T22:29:39Z,M,13,available,False,BFI IMAX M 13
2026-09-22T22:29:39Z,M,12,available,False,BFI IMAX M 12
2026-09-22T22:29:39Z,M,11,available,False,BFI IMAX M 11
2026-09-22T22:29:39Z,M,10,available,False,BFI IMAX M 10
2026-09-22T22:29:39Z,M,9,available,False,BFI IMAX M 9
2026-09-22T22:29:39Z,L,9,available,False,BFI IMAX L 9
2026-09-22T22:29:39Z,L,25,available,False,BFI IMAX L 25
2026-09-22T22:29:39Z,L,24,available,False,BFI IMAX L 24
2026-09-22T22:29:39Z,L,23,available,False,BFI IMAX L 23
2026-09-22T22:29:39Z,L,22,available,False,BFI IMAX L 22
2026-09-22T22:29:39Z,L,21,available,False,BFI IMAX L 21
2026-09-22T22:29:39Z,L,20,available,False,BFI IMAX L 20
2026-09-22T22:29:39Z,L,19,available,False,BFI IMAX L 19
2026-09-22T22:29:39Z,L,18,sold,False,BFI IMAX L 18
2026-09-22T22:29:39Z,L,17,sold,False,BFI IMAX L 17
2026-09-22T22:29:39Z,L,16,available,False,BFI IMAX L 16
2026-09-22T22:29:39Z,L,15,available,False,BFI IMAX L 15
2026-09-22T22:29:39Z,L,14,available,False,BFI IMAX L 14
2026-09-22T22:29:39Z,L,13,available,False,BFI IMAX L 13
2026-09-22T22:29:39Z,L,12,available,False,BFI IMAX L 12
2026-09-22T22:29:39Z,L,11,available,False,BFI IMAX L 11
2026-09-22T22:29:39Z,N,26,unavailable,False,BFI IMAX N 26
2026-09-22T22:29:39Z,N,25,unavailable,False,BFI IMAX N 25
2026-09-22T22:29:39Z,N,24,unavailable,False,BFI IMAX N 24
2026-09-22T22:29:39Z,N,23,unavailable,False,BFI IMAX N 23
2026-09-22T22:29:39Z,N,22,available,False,BFI IMAX N 22
2026-09-22T22:29:39Z,N,21,available,False,BFI IMAX N 21
2026-09-22T22:29:39Z,N,20,available,False,BFI IMAX N 20
2026-09-22T22:29:39Z,N,19,available,False,BFI IMAX N 19
2026-09-22T22:29:39Z,N,18,available,False,BFI IMAX N 18
2026-09-22T22:29:39Z,N,17,available,False,BFI IMAX N 17
2026-09-22T22:29:39Z,N,16,available,False,BFI IMAX N 16
2026-09-22T22:29:39Z,N,15,available,False,BFI IMAX N 15
2026-09-22T22:29:39Z,N,14,available,False,BFI IMAX N 14
2026-09-22T22:29:39Z,N,13,available,False,BFI IMAX N 13
2026-09-22T22:29:39Z,N,12,unavailable,False,BFI IMAX N 12
2026-09-22T22:29:39Z,N,11,unavailable,False,BFI IMAX N 11
2026-09-22T22:29:39Z,N,10,unavailable,False,BFI IMAX N 10
2026-09-22T22:29:39Z,N,9,unavailable,False,BFI IMAX N 9
2026-09-22T22:29:39Z,L,10,available,False,BFI IMAX L 10
2026-09-22T22:29:39Z,M,26,available,False,BFI IMAX M 26
2026-09-22T22:29:39Z,M,25,available,False,BFI IMAX M 25
2026-09-22T22:29:39Z,M,24,available,False,BFI IMAX M 24
2026-09-22T22:29:39Z,M,23,available,False,BFI IMAX M 23
2026-09-22T22:29:39Z,M,22,available,False,BFI IMAX M 22
2026-09-22T22:29:39Z,M,21,available,False,BFI IMAX M 21
2026-09-22T22:29:39Z,M,20,available,False,BFI IMAX M 20
2026-09-22T22:29:39Z,M,19,available,False,BFI IMAX M 19
2026-09-22T22:29:39Z,M,18,available,False,BFI IMAX M 18
2026-09-22T22:29:39Z,M,17,available,False,BFI IMAX M 17
2026-09-22T22:29:39Z,M,16,available,False,BFI IMAX M 16
2026-09-22T22:29:39Z,P,27,available,True,BFI IMAX P 27
2026-09-22T22:29:39Z,P,26,unavailable,False,BFI IMAX P 26
2026-09-22T22:29:39Z,P,6,unavailable,False,BFI IMAX P 6
2026-09-22T22:29:39Z,P,5,available,True,BFI IMAX P 5
2026-09-22T22:29:39Z,P,31,unavailable,False,BFI IMAX P 31
2026-09-22T22:29:39Z,P,30,available,True,BFI IMAX P 30
2026-09-22T22:29:39Z,P,2,available,True,BFI IMAX P 2
2026-09-22T22:29:39Z,P,1,unavailable,False,BFI IMAX P 1
2026-09-22T22:29:39Z,P,21,available,False,BFI IMAX P 21
2026-09-22T22:29:39Z,P,20,available,False,BFI IMAX P 20
2026-09-22T22:29:39Z,P,19,available,False,BFI IMAX P 19
2026-09-22T22:29:39Z,P,18,available,False,BFI IMAX P 18
2026-09-22T22:29:39Z,P,17,available,False,BFI IMAX P 17
2026-09-22T22:29:39Z,P,16,available,False,BFI IMAX P 16
2026-09-22T22:29:39Z,P,15,available,False,BFI IMAX P 15
2026-09-22T22:29:39Z,P,14,available,False,BFI IMAX P 14
2026-09-22T22:29:39Z,P,13,available,False,BFI IMAX P 13
2026-09-22T22:29:39Z,P,12,available,False,BFI IMAX P 12
2026-09-22T22:29:39Z,P,11,available,False,BFI IMAX P 11
2026-09-22T22:29:39Z,P,9,available,False,BFI IMAX P 9
2026-09-22T22:29:39Z,P,8,available,False,BFI IMAX P 8
2026-09-22T22:29:39Z,P,7,available,False,BFI IMAX P 7
2026-09-22T22:29:39Z,P,10,available,False,BFI IMAX P 10
2026-09-22T22:29:39Z,P,25,available,False,BFI IMAX P 25
2026-09-22T22:29:39Z,P,24,available,False,BFI IMAX P 24
2026-09-22T22:29:39Z,P,23,available,False,BFI IMAX P 23
2026-09-22T22:29:39Z,P,22,available,False,BFI IMAX P 22
2026-09-22T22:29:39Z,Q,18,sold,False,BFI IMAX Q 18
2026-09-22T22:29:39Z,Q,17,available,False,BFI IMAX Q 17
2026-09-22T22:29:39Z,Q,16,available,False,BFI IMAX Q 16
2026-09-22T22:29:39Z,Q,15,available,False,BFI IMAX Q 15
2026-09-22T22:29:39Z,Q,14,available,False,BFI IMAX Q 14
2026-09-22T22:29:39Z,Q,13,available,False,BFI IMAX Q 13
2026-09-22T22:29:39Z,Q,12,available,False,BFI IMAX Q 12
2026-09-22T22:29:39Z,Q,11,available,False,BFI IMAX Q 11
2026-09-22T22:29:39Z,Q,10,available,False,BFI IMAX Q 10
2026-09-22T22:29:39Z,Q,9,sold,False,BFI IMAX Q 9
2026-09-22T22:29:39Z,Q,8,available,False,BFI IMAX Q 8
2026-09-22T22:29:39Z,Q,7,available,False,BFI IMAX Q 7
2026-09-22T22:29:39Z,Q,6,available,False,BFI IMAX Q 6
2026-09-22T22:29:39Z,Q,5,available,False,BFI IMAX Q 5
2026-09-22T22:29:39Z,Q,4,available,False,BFI IMAX Q 4
2026-09-22T22:29:39Z,Q,3,available,False,BFI IMAX Q 3
2026-09-22T22:29:39Z,Q,2,available,False,BFI IMAX Q 2
2026-09-22T22:29:39Z,Q,1,available,False,BFI IMAX Q 1
2026-09-23T00:54:34Z,J,29,unavailable,False,BFI IMAX J 29
2026-09-23T00:54:34Z,J,28,unavailable,False,BFI IMAX J 28
2026-09-23T00:54:34Z,J,27,unavailable,False,BFI IMAX J 27
2026-09-23T00:54:34Z,J,26,unavailable,False,BFI IMAX J 26
2026-09-23T00:54:34Z,J,25,unavailable,False,BFI IMAX J 25
2026-09-23T00:54:34Z,J,24,unavailable,False,BFI IMAX J 24
2026-09-23T00:54:34Z,J,23,unavailable,False,BFI IMAX J 23
2026-09-23T00:54:34Z,J,22,unavailable,False,BFI IMAX J 22
2026-09-23T00:54:34Z,J,21,unavailable,False,BFI IMAX J 21
2026-09-23T00:54:34Z,J,20,unavailable,False,BFI IMAX J 20
2026-09-23T00:54:34Z,J,19,unavailable,False,BFI IMAX J 19
2026-09-23T00:54:34Z,J,18,unavailable,False,BFI IMAX J 18
2026-09-23T00:54:34Z,J,17,unavailable,False,BFI IMAX J 17
2026-09-23T00:54:34Z,J,16,unavailable,False,BFI IMAX J 16
2026-09-23T00:54:34Z,J,15,unavailable,False,BFI IMAX J 15
2026-09-23T00:54:34Z,J,14,unavailable,False,BFI IMAX J 14
2026-09-23T00:54:34Z,J,13,unavailable,False,BFI IMAX J 13
2026-09-23T00:54:34Z,J,12,unavailable,False,BFI IMAX J 12
2026-09-23T00:54:34Z,J,11,unavailable,False,BFI IMAX J 11
2026-09-23T00:54:34Z,J,10,unavailable,False,BFI IMAX J 10
2026-09-23T00:54:34Z,J,9,unavailable,False,BFI IMAX J 9
2026-09-23T00:54:34Z,J,8,unavailable,False,BFI IMAX J 8
2026-09-23T00:54:34Z,K,27,unavailable,False,BFI IMAX K 27
2026-09-23T00:54:34Z,K,26,unavailable,False,BFI IMAX K 26
2026-09-23T00:54:34Z,P,29,available,True,BFI IMAX P 29
2026-09-23T00:54:34Z,P,28,available,True,BFI IMAX P 28
2026-09-23T00:54:34Z,P,4,available,True,BFI IMAX P 4
2026-09-23T00:54:34Z,P,3,available,True,BFI IMAX P 3
2026-09-23T00:54:34Z,B,21,available,False,BFI IMAX B 21
2026-09-23T00:54:34Z,B,20,available,False,BFI IMAX B 20
2026-09-23T00:54:34Z,B,19,available,False,BFI IMAX B 19
2026-09-23T00:54:34Z,B,18,available,False,BFI IMAX B 18
2026-09-23T00:54:34Z,B,17,available,False,BFI IMAX B 17
2026-09-23T00:54:34Z,B,16,available,False,BFI IMAX B 16
2026-09-23T00:54:34Z,B,15,available,False,BFI IMAX B 15
2026-09-23T00:54:34Z,B,14,available,False,BFI IMAX B 14
2026-09-23T00:54:34Z,B,13,available,False,BFI IMAX B 13
2026-09-23T00:54:34Z,B,12,available,False,BFI IMAX B 12
2026-09-23T00:54:34Z,B,11,available,False,BFI IMAX B 11
2026-09-23T00:54:34Z,B,10,available,False,BFI IMAX B 10
2026-09-23T00:54:34Z,B,9,available,False,BFI IMAX B 9
2026-09-23T00:54:34Z,B,8,available,False,BFI IMAX B 8
2026-09-23T00:54:34Z,B,7,available,False,BFI IMAX B 7
2026-09-23T00:54:34Z,B,6,available,False,BFI IMAX B 6
2026-09-23T00:54:34Z,B,5,available,False,BFI IMAX B 5
2026-09-23T00:54:34Z,B,4,available,False,BFI IMAX B 4
2026-09-23T00:54:34Z,B,3,available,False,BFI IMAX B 3
2026-09-23T00:54:34Z,B,2,available,False,BFI IMAX B 2
2026-09-23T00:54:34Z,B,1,available,False,BFI IMAX B 1
2026-09-23T00:54:34Z,C,36,available,False,BFI IMAX C 36
2026-09-23T00:54:34Z,C,35,available,False,BFI IMAX C 35
2026-09-23T00:54:34Z,C,34,available,False,BFI IMAX C 34
2026-09-23T00:54:34Z,C,33,available,False,BFI IMAX C 33
2026-09-23T00:54:34Z,C,32,available,False,BFI IMAX C 32
2026-09-23T00:54:34Z,C,31,available,False,BFI IMAX C 31
2026-09-23T00:54:34Z,C,30,available,False,BFI IMAX C 30
2026-09-23T00:54:34Z,C,29,available,False,BFI IMAX C 29
2026-09-23T00:54:34Z,C,28,available,False,BFI IMAX C 28
2026-09-23T00:54:34Z,C,27,available,False,BFI IMAX C 27
2026-09-23T00:54:34Z,C,26,available,False,BFI IMAX C 26
2026-09-23T00:54:34Z,C,25,sold,False,BFI IMAX C 25
2026-09-23T00:54:34Z,C,24,available,False,BFI IMAX C 24
2026-09-23T00:54:34Z,C,23,available,False,BFI IMAX C 23
2026-09-23T00:54:34Z,C,22,available,False,BFI IMAX C 22
2026-09-23T00:54:34Z,C,21,available,False,BFI IMAX C 21
2026-09-23T00:54:34Z,C,20,available,False,BFI IMAX C 20
2026-09-23T00:54:34Z,C,19,available,False,BFI IMAX C 19
2026-09-23T00:54:34Z,C,18,available,False,BFI IMAX C 18
2026-09-23T00:54:34Z,C,17,available,False,BFI IMAX C 17
2026-09-23T00:54:34Z,C,16,available,False,BFI IMAX C 16
2026-09-23T00:54:34Z,C,15,available,False,BFI IMAX C 15
2026-09-23T00:54:34Z,C,14,available,False,BFI IMAX C 14
2026-09-23T00:54:34Z,C,13,available,False,BFI IMAX C 13
2026-09-23T00:54:34Z,C,12,available,False,BFI IMAX C 12
2026-09-23T00:54:34Z,C,11,available,False,BFI IMAX C 11
2026-09-23T00:54:34Z,C,10,available,False,BFI IMAX C 10
2026-09-23T00:54:34Z,C,9,available,False,BFI IMAX C 9
2026-09-23T00:54:34Z,C,8,available,False,BFI IMAX C 8
2026-09-23T00:54:34Z,C,7,available,False,BFI IMAX C 7
2026-09-23T00:54:34Z,C,6,available,False,BFI IMAX C 6
2026-09-23T00:54:34Z,C,5,available,False,BFI IMAX C 5
2026-09-23T00:54:34Z,C,4,available,False,BFI IMAX C 4
2026-09-23T00:54:34Z,C,3,available,False,BFI IMAX C 3
2026-09-23T00:54:34Z,C,2,available,False,BFI IMAX C 2
2026-09-23T00:54:34Z,C,1,available,False,BFI IMAX C 1
2026-09-23T00:54:34Z,D,37,available,False,BFI IMAX D 37
2026-09-23T00:54:34Z,D,36,available,False,BFI IMAX D 36
2026-09-23T00:54:34Z,D,35,available,False,BFI IMAX D 35
2026-09-23T00:54:34Z,D,34,available,False,BFI IMAX D 34
2026-09-23T00:54:34Z,D,33,available,False,BFI IMAX D 33
2026-09-23T00:54:34Z,D,32,available,False,BFI IMAX D 32
2026-09-23T00:54:34Z,D,31,available,False,BFI IMAX D 31
2026-09-23T00:54:34Z,D,30,available,False,BFI IMAX D 30
2026-09-23T00:54:34Z,D,29,available,False,BFI IMAX D 29
2026-09-23T00:54:34Z,D,28,available,False,BFI IMAX D 28
2026-09-23T00:54:34Z,D,27,available,False,BFI IMAX D 27
2026-09-23T00:54:34Z,D,26,available,False,BFI IMAX D 26
2026-09-23T00:54:34Z,D,25,available,False,BFI IMAX D 25
2026-09-23T00:54:34Z,D,24,available,False,BFI IMAX D 24
2026-09-23T00:54:34Z,D,23,available,False,BFI IMAX D 23
2026-09-23T00:54:34Z,D,22,available,False,BFI IMAX D 22
2026-09-23T00:54:34Z,D,21,available,False,BFI IMAX D 21
2026-09-23T00:54:34Z,D,20,available,False,BFI IMAX D 20
2026-09-23T00:54:34Z,D,19,available,False,BFI IMAX D 19
2026-09-23T00:54:34Z,D,18,available,False,BFI IMAX D 18
2026-09-23T00:54:34Z,D,17,available,False,BFI IMAX D 17
2026-09-23T00:54:34Z,D,16,available,False,BFI IMAX D 16
2026-09-23T00:54:34Z,D,15,available,False,BFI IMAX D 15
2026-09-23T00:54:34Z,D,14,available,False,BFI IMAX D 14
2026-09-23T00:54:34Z,D,13,available,False,BFI IMAX D 13
2026-09-23T00:54:34Z,D,12,available,False,BFI IMAX D 12
2026-09-23T00:54:34Z,D,11,available,False,BFI IMAX D 11
2026-09-23T00:54:34Z,D,10,available,False,BFI IMAX D 10
2026-09-23T00:54:34Z,D,9,available,False,BFI IMAX D 9
2026-09-23T00:54:34Z,D,8,available,False,BFI IMAX D 8
2026-09-23T00:54:34Z,D,7,available,False,BFI IMAX D 7
2026-09-23T00:54:34Z,D,6,available,False,BFI IMAX D 6
2026-09-23T00:54:34Z,D,5,available,False,BFI IMAX D 5
2026-09-23T00:54:34Z,D,4,available,False,BFI IMAX D 4
2026-09-23T00:54:34Z,D,3,available,False,BFI IMAX D 3
2026-09-23T00:54:34Z,D,2,available,False,BFI IMAX D 2
2026-09-23T00:54:34Z,D,1,available,False,BFI IMAX D 1
2026-09-23T00:54:34Z,E,37,available,False,BFI IMAX E 37
2026-09-23T00:54:34Z,E,36,available,False,BFI IMAX E 36
2026-09-23T00:54:34Z,E,35,available,False,BFI IMAX E 35
2026-09-23T00:54:34Z,E,34,available,False,BFI IMAX E 34
2026-09-23T00:54:34Z,E,33,available,False,BFI IMAX E 33
2026-09-23T00:54:34Z,E,32,available,False,BFI IMAX E 32
2026-09-23T00:54:34Z,E,31,available,False,BFI IMAX E 31
2026-09-23T00:54:34Z,E,30,available,False,BFI IMAX E 30
2026-09-23T00:54:34Z,E,29,available,False,BFI IMAX E 29
2026-09-23T00:54:34Z,E,28,available,False,BFI IMAX E 28
2026-09-23T00:54:34Z,E,27,available,False,BFI IMAX E 27
2026-09-23T00:54:34Z,E,26,available,False,BFI IMAX E 26
2026-09-23T00:54:34Z,E,25,available,False,BFI IMAX E 25
2026-09-23T00:54:34Z,E,24,available,False,BFI IMAX E 24
2026-09-23T00:54:34Z,E,23,available,False,BFI IMAX E 23
2026-09-23T00:54:34Z,E,22,available,False,BFI IMAX E 22
2026-09-23T00:54:34Z,E,21,available,False,BFI IMAX E 21
2026-09-23T00:54:34Z,E,20,available,False,BFI IMAX E 20
2026-09-23T00:54:34Z,E,19,available,False,BFI IMAX E 19
2026-09-23T00:54:34Z,E,18,available,False,BFI IMAX E 18
2026-09-23T00:54:34Z,E,17,available,False,BFI IMAX E 17
2026-09-23T00:54:34Z,E,16,available,False,BFI IMAX E 16
2026-09-23T00:54:34Z,E,15,available,False,BFI IMAX E 15
2026-09-23T00:54:34Z,E,14,available,False,BFI IMAX E 14
2026-09-23T00:54:34Z,E,13,available,False,BFI IMAX E 13
2026-09-23T00:54:34Z,E,12,available,False,BFI IMAX E 12
2026-09-23T00:54:34Z,E,11,available,False,BFI IMAX E 11
2026-09-23T00:54:34Z,E,10,available,False,BFI IMAX E 10
2026-09-23T00:54:34Z,E,9,available,False,BFI IMAX E 9
2026-09-23T00:54:34Z,E,8,available,False,BFI IMAX E 8
2026-09-23T00:54:34Z,E,7,available,False,BFI IMAX E 7
2026-09-23T00:54:34Z,E,6,available,False,BFI IMAX E 6
2026-09-23T00:54:34Z,E,5,available,False,BFI IMAX E 5
2026-09-23T00:54:34Z,E,4,available,False,BFI IMAX E 4
2026-09-23T00:54:34Z,E,3,available,False,BFI IMAX E 3
2026-09-23T00:54:34Z,E,2,available,False,BFI IMAX E 2
2026-09-23T00:54:34Z,E,1,available,False,BFI IMAX E 1
2026-09-23T00:54:34Z,F,38,available,False,BFI IMAX F 38
2026-09-23T00:54:34Z,F,37,available,False,BFI IMAX F 37
2026-09-23T00:54:34Z,F,36,available,False,BFI IMAX F 36
2026-09-23T00:54:34Z,F,35,available,False,BFI IMAX F 35
2026-09-23T00:54:34Z,F,34,available,False,BFI IMAX F 34
2026-09-23T00:54:34Z,F,33,available,False,BFI IMAX F 33
2026-09-23T00:54:34Z,F,32,available,False,BFI IMAX F 32
2026-09-23T00:54:34Z,F,31,available,False,BFI IMAX F 31
2026-09-23T00:54:34Z,F,30,available,False,BFI IMAX F 30
2026-09-23T00:54:34Z,F,29,available,False,BFI IMAX F 29
2026-09-23T00:54:34Z,F,28,available,False,BFI IMAX F 28
2026-09-23T00:54:34Z,F,27,available,False,BFI IMAX F 27
2026-09-23T00:54:34Z,F,26,available,False,BFI IMAX F 26
2026-09-23T00:54:34Z,F,25,available,False,BFI IMAX F 25
2026-09-23T00:54:34Z,F,24,available,False,BFI IMAX F 24
2026-09-23T00:54:34Z,F,23,available,False,BFI IMAX F 23
2026-09-23T00:54:34Z,F,22,available,False,BFI IMAX F 22
2026-09-23T00:54:34Z,F,21,available,False,BFI IMAX F 21
2026-09-23T00:54:34Z,F,20,available,False,BFI IMAX F 20
2026-09-23T00:54:34Z,F,19,available,False,BFI IMAX F 19
2026-09-23T00:54:34Z,F,18,available,False,BFI IMAX F 18
2026-09-23T00:54:34Z,F,17,available,False,BFI IMAX F 17
2026-09-23T00:54:34Z,F,16,available,False,BFI IMAX F 16
2026-09-23T00:54:34Z,F,15,available,False,BFI IMAX F 15
2026-09-23T00:54:34Z,F,14,available,False,BFI IMAX F 14
2026-09-23T00:54:34Z,F,13,available,False,BFI IMAX F 13
2026-09-23T00:54:34Z,F,12,available,False,BFI IMAX F 12
2026-09-23T00:54:34Z,F,11,available,False,BFI IMAX F 11
2026-09-23T00:54:34Z,F,10,available,False,BFI IMAX F 10
2026-09-23T00:54:34Z,F,9,available,False,BFI IMAX F 9
2026-09-23T00:54:34Z,F,8,available,False,BFI IMAX F 8
2026-09-23T00:54:34Z,F,7,available,False,BFI IMAX F 7
2026-09-23T00:54:34Z,F,6,available,False,BFI IMAX F 6
2026-09-23T00:54:34Z,F,5,available,False,BFI IMAX F 5
2026-09-23T00:54:34Z,F,4,available,False,BFI IMAX F 4
2026-09-23T00:54:34Z,F,3,available,False,BFI IMAX F 3
2026-09-23T00:54:34Z,F,2,available,False,BFI IMAX F 2
2026-09-23T00:54:34Z,F,1,available,False,BFI IMAX F 1
2026-09-23T00:54:34Z,G,37,available,False,BFI IMAX G 37
2026-09-23T00:54:34Z,G,36,available,False,BFI IMAX G 36
2026-09-23T00:54:34Z,G,35,available,False,BFI IMAX G 35
2026-09-23T00:54:34Z,G,34,available,False,BFI IMAX G 34
2026-09-23T00:54:34Z,G,33,available,False,BFI IMAX G 33
2026-09-23T00:54:34Z,G,32,available,False,BFI IMAX G 32
2026-09-23T00:54:34Z,G,31,available,False,BFI IMAX G 31
2026-09-23T00:54:34Z,G,30,available,False,BFI IMAX G 30
2026-09-23T00:54:34Z,G,29,available,False,BFI IMAX G 29
2026-09-23T00:54:34Z,G,28,available,False,BFI IMAX G 28
2026-09-23T00:54:34Z,G,27,available,False,BFI IMAX G 27
2026-09-23T00:54:34Z,G,26,available,False,BFI IMAX G 26
2026-09-23T00:54:34Z,G,25,available,False,BFI IMAX G 25
2026-09-23T00:54:34Z,G,24,available,False,BFI IMAX G 24
2026-09-23T00:54:34Z,G,23,available,False,BFI IMAX G 23
2026-09-23T00:54:34Z,G,22,available,False,BFI IMAX G 22
2026-09-23T00:54:34Z,G,21,available,False,BFI IMAX G 21
2026-09-23T00:54:34Z,G,20,available,False,BFI IMAX G 20
2026-09-23T00:54:34Z,G,19,available,False,BFI IMAX G 19
2026-09-23T00:54:34Z,G,18,available,False,BFI IMAX G 18
2026-09-23T00:54:34Z,G,17,available,False,BFI IMAX G 17
2026-09-23T00:54:34Z,G,16,available,False,BFI IMAX G 16
2026-09-23T00:54:34Z,G,15,available,False,BFI IMAX G 15
2026-09-23T00:54:34Z,G,14,available,False,BFI IMAX G 14
2026-09-23T00:54:34Z,G,13,available,False,BFI IMAX G 13
2026-09-23T00:54:34Z,G,12,available,False,BFI IMAX G 12
2026-09-23T00:54:34Z,G,11,available,False,BFI IMAX G 11
2026-09-23T00:54:34Z,G,10,available,False,BFI IMAX G 10
2026-09-23T00:54:34Z,G,9,available,False,BFI IMAX G 9
2026-09-23T00:54:34Z,G,8,available,False,BFI IMAX G 8
2026-09-23T00:54:34Z,G,7,available,False,BFI IMAX G 7
2026-09-23T00:54:34Z,G,6,available,False,BFI IMAX G 6
2026-09-23T00:54:34Z,G,5,available,False,BFI IMAX G 5
2026-09-23T00:54:34Z,G,4,available,False,BFI IMAX G 4
2026-09-23T00:54:34Z,G,3,available,False,BFI IMAX G 3
2026-09-23T00:54:34Z,G,2,available,False,BFI IMAX G 2
2026-09-23T00:54:34Z,G,1,available,False,BFI IMAX G 1
2026-09-23T00:54:34Z,H,37,available,False,BFI IMAX H 37
2026-09-23T00:54:34Z,H,36,available,False,BFI IMAX H 36
2026-09-23T00:54:34Z,H,35,available,False,BFI IMAX H 35
2026-09-23T00:54:34Z,H,34,available,False,BFI IMAX H 34
2026-09-23T00:54:34Z,H,33,available,False,BFI IMAX H 33
2026-09-23T00:54:34Z,H,32,available,False,BFI IMAX H 32
2026-09-23T00:54:34Z,H,31,available,False,BFI IMAX H 31
2026-09-23T00:54:34Z,H,30,available,False,BFI IMAX H 30
2026-09-23T00:54:34Z,H,29,available,False,BFI IMAX H 29
2026-09-23T00:54:34Z,H,28,available,False,BFI IMAX H 28
2026-09-23T00:54:34Z,H,27,available,False,BFI IMAX H 27
2026-09-23T00:54:34Z,H,26,available,False,BFI IMAX H 26
2026-09-23T00:54:34Z,H,25,available,False,BFI IMAX H 25
2026-09-23T00:54:34Z,H,24,available,False,BFI IMAX H 24
2026-09-23T00:54:34Z,H,23,available,False,BFI IMAX H 23
2026-09-23T00:54:34Z,H,22,available,False,BFI IMAX H 22
2026-09-23T00:54:34Z,H,21,available,False,BFI IMAX H 21
2026-09-23T00:54:34Z,H,20,available,False,BFI IMAX H 20
2026-09-23T00:54:34Z,H,19,available,False,BFI IMAX H 19
2026-09-23T00:54:34Z,H,18,available,False,BFI IMAX H 18
2026-09-23T00:54:34Z,H,17,available,False,BFI IMAX H 17
2026-09-23T00:54:34Z,H,16,available,False,BFI IMAX H 16
2026-09-23T00:54:34Z,H,15,available,False,BFI IMAX H 15
2026-09-23T00:54:34Z,H,14,available,False,BFI IMAX H 14
2026-09-23T00:54:34Z,H,13,available,False,BFI IMAX H 13
2026-09-23T00:54:34Z,H,12,available,False,BFI IMAX H 12
2026-09-23T00:54:34Z,H,11,available,False,BFI IMAX H 11
2026-09-23T00:54:34Z,H,10,available,False,BFI IMAX H 10
2026-09-23T00:54:34Z,H,9,available,False,BFI IMAX H 9
2026-09-23T00:54:34Z,H,8,available,False,BFI IMAX H 8
2026-09-23T00:54:34Z,H,7,available,False,BFI IMAX H 7
2026-09-23T00:54:34Z,H,6,available,False,BFI IMAX H 6
2026-09-23T00:54:34Z,H,5,available,False,BFI IMAX H 5
2026-09-23T00:54:34Z,H,4,available,False,BFI IMAX H 4
2026-09-23T00:54:34Z,H,3,available,False,BFI IMAX H 3
2026-09-23T00:54:34Z,H,2,available,False,BFI IMAX H 2
2026-09-23T00:54:34Z,H,1,available,False,BFI IMAX H 1
2026-09-23T00:54:34Z,J,36,available,False,BFI IMAX J 36
2026-09-23T00:54:34Z,J,35,available,False,BFI IMAX J 35
2026-09-23T00:54:34Z,J,34,available,False,BFI IMAX J 34
2026-09-23T00:54:34Z,J,33,available,False,BFI IMAX J 33
2026-09-23T00:54:34Z,J,32,available,False,BFI IMAX J 32
2026-09-23T00:54:34Z,J,31,available,False,BFI IMAX J 31
2026-09-23T00:54:34Z,J,30,available,False,BFI IMAX J 30
2026-09-23T00:54:34Z,A,13,available,False,BFI IMAX A 13
2026-09-23T00:54:34Z,A,12,available,False,BFI IMAX A 12
2026-09-23T00:54:34Z,A,11,available,False,BFI IMAX A 11
2026-09-23T00:54:34Z,A,10,available,False,BFI IMAX A 10
2026-09-23T00:54:34Z,A,9,available,False,BFI IMAX A 9
2026-09-23T00:54:34Z,A,8,available,False,BFI IMAX A 8
2026-09-23T00:54:34Z,A,7,available,False,BFI IMAX A 7
2026-09-23T00:54:34Z,A,6,available,False,BFI IMAX A 6
2026-09-23T00:54:34Z,A,5,available,False,BFI IMAX A 5
2026-09-23T00:54:34Z,A,4,available,False,BFI IMAX A 4
2026-09-23T00:54:34Z,A,3,available,False,BFI IMAX A 3
2026-09-23T00:54:34Z,A,2,available,False,BFI IMAX A 2
2026-09-23T00:54:34Z,A,1,available,False,BFI IMAX A 1
2026-09-23T00:54:34Z,B,36,available,False,BFI IMAX B 36
2026-09-23T00:54:34Z,B,35,available,False,BFI IMAX B 35
2026-09-23T00:54:34Z,B,34,available,False,BFI IMAX B 34
2026-09-23T00:54:34Z,B,33,available,False,BFI IMAX B 33
2026-09-23T00:54:34Z,B,32,available,False,BFI IMAX B 32
2026-09-23T00:54:34Z,B,31,available,False,BFI IMAX B 31
2026-09-23T00:54:34Z,B,30,available,False,BFI IMAX B 30
2026-09-23T00:54:34Z,B,29,available,False,BFI IMAX B 29
2026-09-23T00:54:34Z,B,28,available,False,BFI IMAX B 28
2026-09-23T00:54:34Z,J,7,available,False,BFI IMAX J 7
2026-09-23T00:54:34Z,J,6,available,False,BFI IMAX J 6
2026-09-23T00:54:34Z,J,5,available,False,BFI IMAX J 5
2026-09-23T00:54:34Z,J,4,available,False,BFI IMAX J 4
2026-09-23T00:54:34Z,J,3,available,False,BFI IMAX J 3
2026-09-23T00:54:34Z,J,2,available,False,BFI IMAX J 2
2026-09-23T00:54:34Z,J,1,available,False,BFI IMAX J 1
2026-09-23T00:54:34Z,K,36,available,False,BFI IMAX K 36
2026-09-23T00:54:34Z,K,35,available,False,BFI IMAX K 35
2026-09-23T00:54:34Z,K,34,available,False,BFI IMAX K 34
2026-09-23T00:54:34Z,K,33,available,False,BFI IMAX K 33
2026-09-23T00:54:34Z,K,32,available,False,BFI IMAX K 32
2026-09-23T00:54:34Z,K,31,available,False,BFI IMAX K 31
2026-09-23T00:54:34Z,K,30,available,False,BFI IMAX K 30
2026-09-23T00:54:34Z,K,29,available,False,BFI IMAX K 29
2026-09-23T00:54:34Z,K,28,available,False,BFI IMAX K 28
2026-09-23T00:54:34Z,B,27,available,False,BFI IMAX B 27
2026-09-23T00:54:34Z,B,26,available,False,BFI IMAX B 26
2026-09-23T00:54:34Z,K,25,available,False,BFI IMAX K 25
2026-09-23T00:54:34Z,K,24,available,False,BFI IMAX K 24
2026-09-23T00:54:34Z,K,23,available,False,BFI IMAX K 23
2026-09-23T00:54:34Z,K,22,available,False,BFI IMAX K 22
2026-09-23T00:54:34Z,K,21,available,False,BFI IMAX K 21
2026-09-23T00:54:34Z,K,20,available,False,BFI IMAX K 20
2026-09-23T00:54:34Z,K,19,available,False,BFI IMAX K 19
2026-09-23T00:54:34Z,K,18,available,False,BFI IMAX K 18
2026-09-23T00:54:34Z,K,17,available,False,BFI IMAX K 17
2026-09-23T00:54:34Z,K,16,available,False,BFI IMAX K 16
2026-09-23T00:54:34Z,K,15,available,False,BFI IMAX K 15
2026-09-23T00:54:34Z,K,14,available,False,BFI IMAX K 14
2026-09-23T00:54:34Z,K,13,available,False,BFI IMAX K 13
2026-09-23T00:54:34Z,K,12,available,False,BFI IMAX K 12
2026-09-23T00:54:34Z,K,11,available,False,BFI IMAX K 11
2026-09-23T00:54:34Z,K,10,available,False,BFI IMAX K 10
2026-09-23T00:54:34Z,K,9,available,False,BFI IMAX K 9
2026-09-23T00:54:34Z,K,8,available,False,BFI IMAX K 8
2026-09-23T00:54:34Z,K,7,available,False,BFI IMAX K 7
2026-09-23T00:54:34Z,K,6,available,False,BFI IMAX K 6
2026-09-23T00:54:34Z,K,5,available,False,BFI IMAX K 5
2026-09-23T00:54:34Z,K,4,available,False,BFI IMAX K 4
2026-09-23T00:54:34Z,K,3,available,False,BFI IMAX K 3
2026-09-23T00:54:34Z,K,2,available,False,BFI IMAX K 2
2026-09-23T00:54:34Z,K,1,available,False,BFI IMAX K 1
2026-09-23T00:54:34Z,L,33,available,False,BFI IMAX L 33
2026-09-23T00:54:34Z,L,32,available,False,BFI IMAX L 32
2026-09-23T00:54:34Z,L,31,available,False,BFI IMAX L 31
2026-09-23T00:54:34Z,L,30,available,False,BFI IMAX L 30
2026-09-23T00:54:34Z,L,29,available,False,BFI IMAX L 29
2026-09-23T00:54:34Z,L,28,available,False,BFI IMAX L 28
2026-09-23T00:54:34Z,L,27,available,False,BFI IMAX L 27
2026-09-23T00:54:34Z,L,26,available,False,BFI IMAX L 26
2026-09-23T00:54:34Z,L,8,available,False,BFI IMAX L 8
2026-09-23T00:54:34Z,L,7,available,False,BFI IMAX L 7
2026-09-23T00:54:34Z,L,6,available,False,BFI IMAX L 6
2026-09-23T00:54:34Z,L,5,available,False,BFI IMAX L 5
2026-09-23T00:54:34Z,L,4,available,False,BFI IMAX L 4
2026-09-23T00:54:34Z,L,3,available,False,BFI IMAX L 3
2026-09-23T00:54:34Z,L,2,available,False,BFI IMAX L 2
2026-09-23T00:54:34Z,L,1,available,False,BFI IMAX L 1
2026-09-23T00:54:34Z,M,34,available,False,BFI IMAX M 34
2026-09-23T00:54:34Z,M,33,available,False,BFI IMAX M 33
2026-09-23T00:54:34Z,M,32,available,False,BFI IMAX M 32
2026-09-23T00:54:34Z,M,31,available,False,BFI IMAX M 31
2026-09-23T00:54:34Z,M,30,available,False,BFI IMAX M 30
2026-09-23T00:54:34Z,M,29,available,False,BFI IMAX M 29
2026-09-23T00:54:34Z,M,28,available,False,BFI IMAX M 28
2026-09-23T00:54:34Z,M,27,available,False,BFI IMAX M 27
2026-09-23T00:54:34Z,M,8,available,False,BFI IMAX M 8
2026-09-23T00:54:34Z,M,7,available,False,BFI IMAX M 7
2026-09-23T00:54:34Z,M,6,available,False,BFI IMAX M 6
2026-09-23T00:54:34Z,M,5,available,False,BFI IMAX M 5
2026-09-23T00:54:34Z,M,4,available,False,BFI IMAX M 4
2026-09-23T00:54:34Z,M,3,available,False,BFI IMAX M 3
2026-09-23T00:54:34Z,M,2,available,False,BFI IMAX M 2
2026-09-23T00:54:34Z,M,1,available,False,BFI IMAX M 1
2026-09-23T00:54:34Z,N,34,unavailable,False,BFI IMAX N 34
2026-09-23T00:54:34Z,N,33,unavailable,False,BFI IMAX N 33
2026-09-23T00:54:34Z,N,32,unavailable,False,BFI IMAX N 32
2026-09-23T00:54:34Z,N,31,unavailable,False,BFI IMAX N 31
2026-09-23T00:54:34Z,N,30,unavailable,False,BFI IMAX N 30
2026-09-23T00:54:34Z,N,29,unavailable,False,BFI IMAX N 29
2026-09-23T00:54:34Z,N,28,unavailable,False,BFI IMAX N 28
2026-09-23T00:54:34Z,N,27,unavailable,False,BFI IMAX N 27
2026-09-23T00:54:34Z,N,8,available,False,BFI IMAX N 8
2026-09-23T00:54:34Z,N,7,available,False,BFI IMAX N 7
2026-09-23T00:54:34Z,N,6,available,False,BFI IMAX N 6
2026-09-23T00:54:34Z,N,5,available,False,BFI IMAX N 5
2026-09-23T00:54:34Z,N,4,available,False,BFI IMAX N 4
2026-09-23T00:54:34Z,N,3,available,False,BFI IMAX N 3
2026-09-23T00:54:34Z,N,2,available,False,BFI IMAX N 2
2026-09-23T00:54:34Z,N,1,available,False,BFI IMAX N 1
2026-09-23T00:54:34Z,B,25,available,False,BFI IMAX B 25
2026-09-23T00:54:34Z,B,24,available,False,BFI IMAX B 24
2026-09-23T00:54:34Z,B,23,available,False,BFI IMAX B 23
2026-09-23T00:54:34Z,B,22,available,False,BFI IMAX B 22
2026-09-23T00:54:34Z,M,15,available,False,BFI IMAX M 15
2026-09-23T00:54:34Z,M,14,available,False,BFI IMAX M 14
2026-09-23T00:54:34Z,M,13,available,False,BFI IMAX M 13
2026-09-23T00:54:34Z,M,12,available,False,BFI IMAX M 12
2026-09-23T00:54:34Z,M,11,available,False,BFI IMAX M 11
2026-09-23T00:54:34Z,M,10,available,False,BFI IMAX M 10
2026-09-23T00:54:34Z,M,9,available,False,BFI IMAX M 9
2026-09-23T00:54:34Z,L,9,available,False,BFI IMAX L 9
2026-09-23T00:54:34Z,L,25,available,False,BFI IMAX L 25
2026-09-23T00:54:34Z,L,24,available,False,BFI IMAX L 24
2026-09-23T00:54:34Z,L,23,available,False,BFI IMAX L 23
2026-09-23T00:54:34Z,L,22,available,False,BFI IMAX L 22
2026-09-23T00:54:34Z,L,21,available,False,BFI IMAX L 21
2026-09-23T00:54:34Z,L,20,available,False,BFI IMAX L 20
2026-09-23T00:54:34Z,L,19,available,False,BFI IMAX L 19
2026-09-23T00:54:34Z,L,18,sold,False,BFI IMAX L 18
2026-09-23T00:54:34Z,L,17,sold,False,BFI IMAX L 17
2026-09-23T00:54:34Z,L,16,available,False,BFI IMAX L 16
2026-09-23T00:54:34Z,L,15,available,False,BFI IMAX L 15
2026-09-23T00:54:34Z,L,14,available,False,BFI IMAX L 14
2026-09-23T00:54:34Z,L,13,available,False,BFI IMAX L 13
2026-09-23T00:54:34Z,L,12,available,False,BFI IMAX L 12
2026-09-23T00:54:34Z,L,11,available,False,BFI IMAX L 11
2026-09-23T00:54:34Z,N,26,unavailable,False,BFI IMAX N 26
2026-09-23T00:54:34Z,N,25,unavailable,False,BFI IMAX N 25
2026-09-23T00:54:34Z,N,24,unavailable,False,BFI IMAX N 24
2026-09-23T00:54:34Z,N,23,unavailable,False,BFI IMAX N 23
2026-09-23T00:54:34Z,N,22,available,False,BFI IMAX N 22
2026-09-23T00:54:34Z,N,21,available,False,BFI IMAX N 21
2026-09-23T00:54:34Z,N,20,available,False,BFI IMAX N 20
2026-09-23T00:54:34Z,N,19,available,False,BFI IMAX N 19
2026-09-23T00:54:34Z,N,18,available,False,BFI IMAX N 18
2026-09-23T00:54:34Z,N,17,available,False,BFI IMAX N 17
2026-09-23T00:54:34Z,N,16,available,False,BFI IMAX N 16
2026-09-23T00:54:34Z,N,15,available,False,BFI IMAX N 15
2026-09-23T00:54:34Z,N,14,available,False,BFI IMAX N 14
2026-09-23T00:54:34Z,N,13,available,False,BFI IMAX N 13
2026-09-23T00:54:34Z,N,12,unavailable,False,BFI IMAX N 12
2026-09-23T00:54:34Z,N,11,unavailable,False,BFI IMAX N 11
2026-09-23T00:54:34Z,N,10,unavailable,False,BFI IMAX N 10
2026-09-23T00:54:34Z,N,9,unavailable,False,BFI IMAX N 9
2026-09-23T00:54:34Z,L,10,available,False,BFI IMAX L 10
2026-09-23T00:54:34Z,M,26,available,False,BFI IMAX M 26
2026-09-23T00:54:34Z,M,25,available,False,BFI IMAX M 25
2026-09-23T00:54:34Z,M,24,available,False,BFI IMAX M 24
2026-09-23T00:54:34Z,M,23,available,False,BFI IMAX M 23
2026-09-23T00:54:34Z,M,22,available,False,BFI IMAX M 22
2026-09-23T00:54:34Z,M,21,available,False,BFI IMAX M 21
2026-09-23T00:54:34Z,M,20,available,False,BFI IMAX M 20
2026-09-23T00:54:34Z,M,19,available,False,BFI IMAX M 19
2026-09-23T00:54:34Z,M,18,available,False,BFI IMAX M 18
2026-09-23T00:54:34Z,M,17,available,False,BFI IMAX M 17
2026-09-23T00:54:34Z,M,16,available,False,BFI IMAX M 16
2026-09-23T00:54:34Z,P,27,available,True,BFI IMAX P 27
2026-09-23T00:54:34Z,P,26,unavailable,False,BFI IMAX P 26
2026-09-23T00:54:34Z,P,6,unavailable,False,BFI IMAX P 6
2026-09-23T00:54:34Z,P,5,available,True,BFI IMAX P 5
2026-09-23T00:54:34Z,P,31,unavailable,False,BFI IMAX P 31
2026-09-23T00:54:34Z,P,30,available,True,BFI IMAX P 30
2026-09-23T00:54:34Z,P,2,available,True,BFI IMAX P 2
2026-09-23T00:54:34Z,P,1,unavailable,False,BFI IMAX P 1
2026-09-23T00:54:34Z,P,21,available,False,BFI IMAX P 21
2026-09-23T00:54:34Z,P,20,available,False,BFI IMAX P 20
2026-09-23T00:54:34Z,P,19,available,False,BFI IMAX P 19
2026-09-23T00:54:34Z,P,18,available,False,BFI IMAX P 18
2026-09-23T00:54:34Z,P,17,available,False,BFI IMAX P 17
2026-09-23T00:54:34Z,P,16,available,False,BFI IMAX P 16
2026-09-23T00:54:34Z,P,15,available,False,BFI IMAX P 15
2026-09-23T00:54:34Z,P,14,available,False,BFI IMAX P 14
2026-09-23T00:54:34Z,P,13,available,False,BFI IMAX P 13
2026-09-23T00:54:34Z,P,12,available,False,BFI IMAX P 12
2026-09-23T00:54:34Z,P,11,available,False,BFI IMAX P 11
2026-09-23T00:54:34Z,P,9,available,False,BFI IMAX P 9
2026-09-23T00:54:34Z,P,8,available,False,BFI IMAX P 8
2026-09-23T00:54:34Z,P,7,available,False,BFI IMAX P 7
2026-09-23T00:54:34Z,P,10,available,False,BFI IMAX P 10
2026-09-23T00:54:34Z,P,25,available,False,BFI IMAX P 25
2026-09-23T00:54:34Z,P,24,available,False,BFI IMAX P 24
2026-09-23T00:54:34Z,P,23,available,False,BFI IMAX P 23
2026-09-23T00:54:34Z,P,22,available,False,BFI IMAX P 22
2026-09-23T00:54:34Z,Q,18,sold,False,BFI IMAX Q 18
2026-09-23T00:54:34Z,Q,17,available,False,BFI IMAX Q 17
2026-09-23T00:54:34Z,Q,16,available,False,BFI IMAX Q 16
2026-09-23T00:54:34Z,Q,15,available,False,BFI IMAX Q 15
2026-09-23T00:54:34Z,Q,14,available,False,BFI IMAX Q 14
2026-09-23T00:54:34Z,Q,13,available,False,BFI IMAX Q 13
2026-09-23T00:54:34Z,Q,12,available,False,BFI IMAX Q 12
2026-09-23T00:54:34Z,Q,11,available,False,BFI IMAX Q 11
2026-09-23T00:54:34Z,Q,10,available,False,BFI IMAX Q 10
2026-09-23T00:54:34Z,Q,9,sold,False,BFI IMAX Q 9
2026-09-23T00:54:34Z,Q,8,available,False,BFI IMAX Q 8
2026-09-23T00:54:34Z,Q,7,available,False,BFI IMAX Q 7
2026-09-23T00:54:34Z,Q,6,available,False,BFI IMAX Q 6
2026-09-23T00:54:34Z,Q,5,available,False,BFI IMAX Q 5
2026-09-23T00:54:34Z,Q,4,available,False,BFI IMAX Q 4
2026-09-23T00:54:34Z,Q,3,available,False,BFI IMAX Q 3
2026-09-23T00:54:34Z,Q,2,available,False,BFI IMAX Q 2
2026-09-23T00:54:34Z,Q,1,available,False,BFI IMAX Q 1
2026-09-23T10:20:07Z,J,29,unavailable,False,BFI IMAX J 29
2026-09-23T10:20:07Z,J,28,unavailable,False,BFI IMAX J 28
2026-09-23T10:20:07Z,J,27,unavailable,False,BFI IMAX J 27
2026-09-23T10:20:07Z,J,26,unavailable,False,BFI IMAX J 26
2026-09-23T10:20:07Z,J,25,unavailable,False,BFI IMAX J 25
2026-09-23T10:20:07Z,J,24,unavailable,False,BFI IMAX J 24
2026-09-23T10:20:07Z,J,23,unavailable,False,BFI IMAX J 23
2026-09-23T10:20:07Z,J,22,unavailable,False,BFI IMAX J 22
2026-09-23T10:20:07Z,J,21,unavailable,False,BFI IMAX J 21
2026-09-23T10:20:07Z,J,20,unavailable,False,BFI IMAX J 20
2026-09-23T10:20:07Z,J,19,unavailable,False,BFI IMAX J 19
2026-09-23T10:20:07Z,J,18,unavailable,False,BFI IMAX J 18
2026-09-23T10:20:07Z,J,17,unavailable,False,BFI IMAX J 17
2026-09-23T10:20:07Z,J,16,unavailable,False,BFI IMAX J 16
2026-09-23T10:20:07Z,J,15,unavailable,False,BFI IMAX J 15
2026-09-23T10:20:07Z,J,14,unavailable,False,BFI IMAX J 14
2026-09-23T10:20:07Z,J,13,unavailable,False,BFI IMAX J 13
2026-09-23T10:20:07Z,J,12,unavailable,False,BFI IMAX J 12
2026-09-23T10:20:07Z,J,11,unavailable,False,BFI IMAX J 11
2026-09-23T10:20:07Z,J,10,unavailable,False,BFI IMAX J 10
2026-09-23T10:20:07Z,J,9,unavailable,False,BFI IMAX J 9
2026-09-23T10:20:07Z,J,8,unavailable,False,BFI IMAX J 8
2026-09-23T10:20:07Z,K,27,unavailable,False,BFI IMAX K 27
2026-09-23T10:20:07Z,K,26,unavailable,False,BFI IMAX K 26
2026-09-23T10:20:07Z,P,29,available,True,BFI IMAX P 29
2026-09-23T10:20:07Z,P,28,available,True,BFI IMAX P 28
2026-09-23T10:20:07Z,P,4,available,True,BFI IMAX P 4
2026-09-23T10:20:07Z,P,3,available,True,BFI IMAX P 3
2026-09-23T10:20:07Z,B,21,available,False,BFI IMAX B 21
2026-09-23T10:20:07Z,B,20,available,False,BFI IMAX B 20
2026-09-23T10:20:07Z,B,19,available,False,BFI IMAX B 19
2026-09-23T10:20:07Z,B,18,available,False,BFI IMAX B 18
2026-09-23T10:20:07Z,B,17,available,False,BFI IMAX B 17
2026-09-23T10:20:07Z,B,16,available,False,BFI IMAX B 16
2026-09-23T10:20:07Z,B,15,available,False,BFI IMAX B 15
2026-09-23T10:20:07Z,B,14,available,False,BFI IMAX B 14
2026-09-23T10:20:07Z,B,13,available,False,BFI IMAX B 13
2026-09-23T10:20:07Z,B,12,available,False,BFI IMAX B 12
2026-09-23T10:20:07Z,B,11,available,False,BFI IMAX B 11
2026-09-23T10:20:07Z,B,10,available,False,BFI IMAX B 10
2026-09-23T10:20:07Z,B,9,available,False,BFI IMAX B 9
2026-09-23T10:20:07Z,B,8,available,False,BFI IMAX B 8
2026-09-23T10:20:07Z,B,7,available,False,BFI IMAX B 7
2026-09-23T10:20:07Z,B,6,available,False,BFI IMAX B 6
2026-09-23T10:20:07Z,B,5,available,False,BFI IMAX B 5
2026-09-23T10:20:07Z,B,4,available,False,BFI IMAX B 4
2026-09-23T10:20:07Z,B,3,available,False,BFI IMAX B 3
2026-09-23T10:20:07Z,B,2,available,False,BFI IMAX B 2
2026-09-23T10:20:07Z,B,1,available,False,BFI IMAX B 1
2026-09-23T10:20:07Z,C,36,available,False,BFI IMAX C 36
2026-09-23T10:20:07Z,C,35,available,False,BFI IMAX C 35
2026-09-23T10:20:07Z,C,34,available,False,BFI IMAX C 34
2026-09-23T10:20:07Z,C,33,available,False,BFI IMAX C 33
2026-09-23T10:20:07Z,C,32,available,False,BFI IMAX C 32
2026-09-23T10:20:07Z,C,31,available,False,BFI IMAX C 31
2026-09-23T10:20:07Z,C,30,available,False,BFI IMAX C 30
2026-09-23T10:20:07Z,C,29,available,False,BFI IMAX C 29
2026-09-23T10:20:07Z,C,28,available,False,BFI IMAX C 28
2026-09-23T10:20:07Z,C,27,available,False,BFI IMAX C 27
2026-09-23T10:20:07Z,C,26,available,False,BFI IMAX C 26
2026-09-23T10:20:07Z,C,25,sold,False,BFI IMAX C 25
2026-09-23T10:20:07Z,C,24,available,False,BFI IMAX C 24
2026-09-23T10:20:07Z,C,23,available,False,BFI IMAX C 23
2026-09-23T10:20:07Z,C,22,available,False,BFI IMAX C 22
2026-09-23T10:20:07Z,C,21,available,False,BFI IMAX C 21
2026-09-23T10:20:07Z,C,20,available,False,BFI IMAX C 20
2026-09-23T10:20:07Z,C,19,available,False,BFI IMAX C 19
2026-09-23T10:20:07Z,C,18,available,False,BFI IMAX C 18
2026-09-23T10:20:07Z,C,17,available,False,BFI IMAX C 17
2026-09-23T10:20:07Z,C,16,available,False,BFI IMAX C 16
2026-09-23T10:20:07Z,C,15,available,False,BFI IMAX C 15
2026-09-23T10:20:07Z,C,14,available,False,BFI IMAX C 14
2026-09-23T10:20:07Z,C,13,available,False,BFI IMAX C 13
2026-09-23T10:20:07Z,C,12,available,False,BFI IMAX C 12
2026-09-23T10:20:07Z,C,11,available,False,BFI IMAX C 11
2026-09-23T10:20:07Z,C,10,available,False,BFI IMAX C 10
2026-09-23T10:20:07Z,C,9,available,False,BFI IMAX C 9
2026-09-23T10:20:07Z,C,8,available,False,BFI IMAX C 8
2026-09-23T10:20:07Z,C,7,available,False,BFI IMAX C 7
2026-09-23T10:20:07Z,C,6,available,False,BFI IMAX C 6
2026-09-23T10:20:07Z,C,5,available,False,BFI IMAX C 5
2026-09-23T10:20:07Z,C,4,available,False,BFI IMAX C 4
2026-09-23T10:20:07Z,C,3,available,False,BFI IMAX C 3
2026-09-23T10:20:07Z,C,2,available,False,BFI IMAX C 2
2026-09-23T10:20:07Z,C,1,available,False,BFI IMAX C 1
2026-09-23T10:20:07Z,D,37,available,False,BFI IMAX D 37
2026-09-23T10:20:07Z,D,36,available,False,BFI IMAX D 36
2026-09-23T10:20:07Z,D,35,available,False,BFI IMAX D 35
2026-09-23T10:20:07Z,D,34,available,False,BFI IMAX D 34
2026-09-23T10:20:07Z,D,33,available,False,BFI IMAX D 33
2026-09-23T10:20:07Z,D,32,available,False,BFI IMAX D 32
2026-09-23T10:20:07Z,D,31,available,False,BFI IMAX D 31
2026-09-23T10:20:07Z,D,30,available,False,BFI IMAX D 30
2026-09-23T10:20:07Z,D,29,available,False,BFI IMAX D 29
2026-09-23T10:20:07Z,D,28,available,False,BFI IMAX D 28
2026-09-23T10:20:07Z,D,27,available,False,BFI IMAX D 27
2026-09-23T10:20:07Z,D,26,available,False,BFI IMAX D 26
2026-09-23T10:20:07Z,D,25,available,False,BFI IMAX D 25
2026-09-23T10:20:07Z,D,24,available,False,BFI IMAX D 24
2026-09-23T10:20:07Z,D,23,available,False,BFI IMAX D 23
2026-09-23T10:20:07Z,D,22,available,False,BFI IMAX D 22
2026-09-23T10:20:07Z,D,21,available,False,BFI IMAX D 21
2026-09-23T10:20:07Z,D,20,available,False,BFI IMAX D 20
2026-09-23T10:20:07Z,D,19,available,False,BFI IMAX D 19
2026-09-23T10:20:07Z,D,18,available,False,BFI IMAX D 18
2026-09-23T10:20:07Z,D,17,available,False,BFI IMAX D 17
2026-09-23T10:20:07Z,D,16,available,False,BFI IMAX D 16
2026-09-23T10:20:07Z,D,15,available,False,BFI IMAX D 15
2026-09-23T10:20:07Z,D,14,available,False,BFI IMAX D 14
2026-09-23T10:20:07Z,D,13,available,False,BFI IMAX D 13
2026-09-23T10:20:07Z,D,12,available,False,BFI IMAX D 12
2026-09-23T10:20:07Z,D,11,available,False,BFI IMAX D 11
2026-09-23T10:20:07Z,D,10,available,False,BFI IMAX D 10
2026-09-23T10:20:07Z,D,9,available,False,BFI IMAX D 9
2026-09-23T10:20:07Z,D,8,available,False,BFI IMAX D 8
2026-09-23T10:20:07Z,D,7,available,False,BFI IMAX D 7
2026-09-23T10:20:07Z,D,6,available,False,BFI IMAX D 6
2026-09-23T10:20:07Z,D,5,available,False,BFI IMAX D 5
2026-09-23T10:20:07Z,D,4,available,False,BFI IMAX D 4
2026-09-23T10:20:07Z,D,3,available,False,BFI IMAX D 3
2026-09-23T10:20:07Z,D,2,available,False,BFI IMAX D 2
2026-09-23T10:20:07Z,D,1,available,False,BFI IMAX D 1
2026-09-23T10:20:07Z,E,37,available,False,BFI IMAX E 37
2026-09-23T10:20:07Z,E,36,available,False,BFI IMAX E 36
2026-09-23T10:20:07Z,E,35,available,False,BFI IMAX E 35
2026-09-23T10:20:07Z,E,34,available,False,BFI IMAX E 34
2026-09-23T10:20:07Z,E,33,available,False,BFI IMAX E 33
2026-09-23T10:20:07Z,E,32,available,False,BFI IMAX E 32
2026-09-23T10:20:07Z,E,31,available,False,BFI IMAX E 31
2026-09-23T10:20:07Z,E,30,available,False,BFI IMAX E 30
2026-09-23T10:20:07Z,E,29,available,False,BFI IMAX E 29
2026-09-23T10:20:07Z,E,28,available,False,BFI IMAX E 28
2026-09-23T10:20:07Z,E,27,available,False,BFI IMAX E 27
2026-09-23T10:20:07Z,E,26,available,False,BFI IMAX E 26
2026-09-23T10:20:07Z,E,25,available,False,BFI IMAX E 25
2026-09-23T10:20:07Z,E,24,available,False,BFI IMAX E 24
2026-09-23T10:20:07Z,E,23,available,False,BFI IMAX E 23
2026-09-23T10:20:07Z,E,22,available,False,BFI IMAX E 22
2026-09-23T10:20:07Z,E,21,available,False,BFI IMAX E 21
2026-09-23T10:20:07Z,E,20,available,False,BFI IMAX E 20
2026-09-23T10:20:07Z,E,19,available,False,BFI IMAX E 19
2026-09-23T10:20:07Z,E,18,available,False,BFI IMAX E 18
2026-09-23T10:20:07Z,E,17,available,False,BFI IMAX E 17
2026-09-23T10:20:07Z,E,16,available,False,BFI IMAX E 16
2026-09-23T10:20:07Z,E,15,available,False,BFI IMAX E 15
2026-09-23T10:20:07Z,E,14,available,False,BFI IMAX E 14
2026-09-23T10:20:07Z,E,13,available,False,BFI IMAX E 13
2026-09-23T10:20:07Z,E,12,available,False,BFI IMAX E 12
2026-09-23T10:20:07Z,E,11,available,False,BFI IMAX E 11
2026-09-23T10:20:07Z,E,10,available,False,BFI IMAX E 10
2026-09-23T10:20:07Z,E,9,available,False,BFI IMAX E 9
2026-09-23T10:20:07Z,E,8,available,False,BFI IMAX E 8
2026-09-23T10:20:07Z,E,7,available,False,BFI IMAX E 7
2026-09-23T10:20:07Z,E,6,available,False,BFI IMAX E 6
2026-09-23T10:20:07Z,E,5,available,False,BFI IMAX E 5
2026-09-23T10:20:07Z,E,4,available,False,BFI IMAX E 4
2026-09-23T10:20:07Z,E,3,available,False,BFI IMAX E 3
2026-09-23T10:20:07Z,E,2,available,False,BFI IMAX E 2
2026-09-23T10:20:07Z,E,1,available,False,BFI IMAX E 1
2026-09-23T10:20:07Z,F,38,available,False,BFI IMAX F 38
2026-09-23T10:20:07Z,F,37,available,False,BFI IMAX F 37
2026-09-23T10:20:07Z,F,36,available,False,BFI IMAX F 36
2026-09-23T10:20:07Z,F,35,available,False,BFI IMAX F 35
2026-09-23T10:20:07Z,F,34,available,False,BFI IMAX F 34
2026-09-23T10:20:07Z,F,33,available,False,BFI IMAX F 33
2026-09-23T10:20:07Z,F,32,available,False,BFI IMAX F 32
2026-09-23T10:20:07Z,F,31,available,False,BFI IMAX F 31
2026-09-23T10:20:07Z,F,30,available,False,BFI IMAX F 30
2026-09-23T10:20:07Z,F,29,available,False,BFI IMAX F 29
2026-09-23T10:20:07Z,F,28,available,False,BFI IMAX F 28
2026-09-23T10:20:07Z,F,27,available,False,BFI IMAX F 27
2026-09-23T10:20:07Z,F,26,available,False,BFI IMAX F 26
2026-09-23T10:20:07Z,F,25,available,False,BFI IMAX F 25
2026-09-23T10:20:07Z,F,24,available,False,BFI IMAX F 24
2026-09-23T10:20:07Z,F,23,available,False,BFI IMAX F 23
2026-09-23T10:20:07Z,F,22,available,False,BFI IMAX F 22
2026-09-23T10:20:07Z,F,21,available,False,BFI IMAX F 21
2026-09-23T10:20:07Z,F,20,available,False,BFI IMAX F 20
2026-09-23T10:20:07Z,F,19,available,False,BFI IMAX F 19
2026-09-23T10:20:07Z,F,18,available,False,BFI IMAX F 18
2026-09-23T10:20:07Z,F,17,available,False,BFI IMAX F 17
2026-09-23T10:20:07Z,F,16,available,False,BFI IMAX F 16
2026-09-23T10:20:07Z,F,15,available,False,BFI IMAX F 15
2026-09-23T10:20:07Z,F,14,available,False,BFI IMAX F 14
2026-09-23T10:20:07Z,F,13,available,False,BFI IMAX F 13
2026-09-23T10:20:07Z,F,12,available,False,BFI IMAX F 12
2026-09-23T10:20:07Z,F,11,available,False,BFI IMAX F 11
2026-09-23T10:20:07Z,F,10,available,False,BFI IMAX F 10
2026-09-23T10:20:07Z,F,9,available,False,BFI IMAX F 9
2026-09-23T10:20:07Z,F,8,available,False,BFI IMAX F 8
2026-09-23T10:20:07Z,F,7,available,False,BFI IMAX F 7
2026-09-23T10:20:07Z,F,6,available,False,BFI IMAX F 6
2026-09-23T10:20:07Z,F,5,available,False,BFI IMAX F 5
2026-09-23T10:20:07Z,F,4,available,False,BFI IMAX F 4
2026-09-23T10:20:07Z,F,3,available,False,BFI IMAX F 3
2026-09-23T10:20:07Z,F,2,available,False,BFI IMAX F 2
2026-09-23T10:20:07Z,F,1,available,False,BFI IMAX F 1
2026-09-23T10:20:07Z,G,37,available,False,BFI IMAX G 37
2026-09-23T10:20:07Z,G,36,available,False,BFI IMAX G 36
2026-09-23T10:20:07Z,G,35,available,False,BFI IMAX G 35
2026-09-23T10:20:07Z,G,34,available,False,BFI IMAX G 34
2026-09-23T10:20:07Z,G,33,available,False,BFI IMAX G 33
2026-09-23T10:20:07Z,G,32,available,False,BFI IMAX G 32
2026-09-23T10:20:07Z,G,31,available,False,BFI IMAX G 31
2026-09-23T10:20:07Z,G,30,available,False,BFI IMAX G 30
2026-09-23T10:20:07Z,G,29,available,False,BFI IMAX G 29
2026-09-23T10:20:07Z,G,28,available,False,BFI IMAX G 28
2026-09-23T10:20:07Z,G,27,available,False,BFI IMAX G 27
2026-09-23T10:20:07Z,G,26,available,False,BFI IMAX G 26
2026-09-23T10:20:07Z,G,25,available,False,BFI IMAX G 25
2026-09-23T10:20:07Z,G,24,available,False,BFI IMAX G 24
2026-09-23T10:20:07Z,G,23,available,False,BFI IMAX G 23
2026-09-23T10:20:07Z,G,22,available,False,BFI IMAX G 22
2026-09-23T10:20:07Z,G,21,available,False,BFI IMAX G 21
2026-09-23T10:20:07Z,G,20,available,False,BFI IMAX G 20
2026-09-23T10:20:07Z,G,19,available,False,BFI IMAX G 19
2026-09-23T10:20:07Z,G,18,available,False,BFI IMAX G 18
2026-09-23T10:20:07Z,G,17,available,False,BFI IMAX G 17
2026-09-23T10:20:07Z,G,16,available,False,BFI IMAX G 16
2026-09-23T10:20:07Z,G,15,available,False,BFI IMAX G 15
2026-09-23T10:20:07Z,G,14,available,False,BFI IMAX G 14
2026-09-23T10:20:07Z,G,13,available,False,BFI IMAX G 13
2026-09-23T10:20:07Z,G,12,available,False,BFI IMAX G 12
2026-09-23T10:20:07Z,G,11,available,False,BFI IMAX G 11
2026-09-23T10:20:07Z,G,10,available,False,BFI IMAX G 10
2026-09-23T10:20:07Z,G,9,available,False,BFI IMAX G 9
2026-09-23T10:20:07Z,G,8,available,False,BFI IMAX G 8
2026-09-23T10:20:07Z,G,7,available,False,BFI IMAX G 7
2026-09-23T10:20:07Z,G,6,available,False,BFI IMAX G 6
2026-09-23T10:20:07Z,G,5,available,False,BFI IMAX G 5
2026-09-23T10:20:07Z,G,4,available,False,BFI IMAX G 4
2026-09-23T10:20:07Z,G,3,available,False,BFI IMAX G 3
2026-09-23T10:20:07Z,G,2,available,False,BFI IMAX G 2
2026-09-23T10:20:07Z,G,1,available,False,BFI IMAX G 1
2026-09-23T10:20:07Z,H,37,available,False,BFI IMAX H 37
2026-09-23T10:20:07Z,H,36,available,False,BFI IMAX H 36
2026-09-23T10:20:07Z,H,35,available,False,BFI IMAX H 35
2026-09-23T10:20:07Z,H,34,available,False,BFI IMAX H 34
2026-09-23T10:20:07Z,H,33,available,False,BFI IMAX H 33
2026-09-23T10:20:07Z,H,32,available,False,BFI IMAX H 32
2026-09-23T10:20:07Z,H,31,available,False,BFI IMAX H 31
2026-09-23T10:20:07Z,H,30,available,False,BFI IMAX H 30
2026-09-23T10:20:07Z,H,29,available,False,BFI IMAX H 29
2026-09-23T10:20:07Z,H,28,available,False,BFI IMAX H 28
2026-09-23T10:20:07Z,H,27,available,False,BFI IMAX H 27
2026-09-23T10:20:07Z,H,26,available,False,BFI IMAX H 26
2026-09-23T10:20:07Z,H,25,available,False,BFI IMAX H 25
2026-09-23T10:20:07Z,H,24,available,False,BFI IMAX H 24
2026-09-23T10:20:07Z,H,23,available,False,BFI IMAX H 23
2026-09-23T10:20:07Z,H,22,available,False,BFI IMAX H 22
2026-09-23T10:20:07Z,H,21,available,False,BFI IMAX H 21
2026-09-23T10:20:07Z,H,20,available,False,BFI IMAX H 20
2026-09-23T10:20:07Z,H,19,available,False,BFI IMAX H 19
2026-09-23T10:20:07Z,H,18,available,False,BFI IMAX H 18
2026-09-23T10:20:07Z,H,17,available,False,BFI IMAX H 17
2026-09-23T10:20:07Z,H,16,available,False,BFI IMAX H 16
2026-09-23T10:20:07Z,H,15,available,False,BFI IMAX H 15
2026-09-23T10:20:07Z,H,14,available,False,BFI IMAX H 14
2026-09-23T10:20:07Z,H,13,available,False,BFI IMAX H 13
2026-09-23T10:20:07Z,H,12,available,False,BFI IMAX H 12
2026-09-23T10:20:07Z,H,11,available,False,BFI IMAX H 11
2026-09-23T10:20:07Z,H,10,available,False,BFI IMAX H 10
2026-09-23T10:20:07Z,H,9,available,False,BFI IMAX H 9
2026-09-23T10:20:07Z,H,8,available,False,BFI IMAX H 8
2026-09-23T10:20:07Z,H,7,available,False,BFI IMAX H 7
2026-09-23T10:20:07Z,H,6,available,False,BFI IMAX H 6
2026-09-23T10:20:07Z,H,5,available,False,BFI IMAX H 5
2026-09-23T10:20:07Z,H,4,available,False,BFI IMAX H 4
2026-09-23T10:20:07Z,H,3,available,False,BFI IMAX H 3
2026-09-23T10:20:07Z,H,2,available,False,BFI IMAX H 2
2026-09-23T10:20:07Z,H,1,available,False,BFI IMAX H 1
2026-09-23T10:20:07Z,J,36,available,False,BFI IMAX J 36
2026-09-23T10:20:07Z,J,35,available,False,BFI IMAX J 35
2026-09-23T10:20:07Z,J,34,available,False,BFI IMAX J 34
2026-09-23T10:20:07Z,J,33,available,False,BFI IMAX J 33
2026-09-23T10:20:07Z,J,32,available,False,BFI IMAX J 32
2026-09-23T10:20:07Z,J,31,available,False,BFI IMAX J 31
2026-09-23T10:20:07Z,J,30,available,False,BFI IMAX J 30
2026-09-23T10:20:07Z,A,13,available,False,BFI IMAX A 13
2026-09-23T10:20:07Z,A,12,available,False,BFI IMAX A 12
2026-09-23T10:20:07Z,A,11,available,False,BFI IMAX A 11
2026-09-23T10:20:07Z,A,10,available,False,BFI IMAX A 10
2026-09-23T10:20:07Z,A,9,available,False,BFI IMAX A 9
2026-09-23T10:20:07Z,A,8,available,False,BFI IMAX A 8
2026-09-23T10:20:07Z,A,7,available,False,BFI IMAX A 7
2026-09-23T10:20:07Z,A,6,available,False,BFI IMAX A 6
2026-09-23T10:20:07Z,A,5,available,False,BFI IMAX A 5
2026-09-23T10:20:07Z,A,4,available,False,BFI IMAX A 4
2026-09-23T10:20:07Z,A,3,available,False,BFI IMAX A 3
2026-09-23T10:20:07Z,A,2,available,False,BFI IMAX A 2
2026-09-23T10:20:07Z,A,1,available,False,BFI IMAX A 1
2026-09-23T10:20:07Z,B,36,available,False,BFI IMAX B 36
2026-09-23T10:20:07Z,B,35,available,False,BFI IMAX B 35
2026-09-23T10:20:07Z,B,34,available,False,BFI IMAX B 34
2026-09-23T10:20:07Z,B,33,available,False,BFI IMAX B 33
2026-09-23T10:20:07Z,B,32,available,False,BFI IMAX B 32
2026-09-23T10:20:07Z,B,31,available,False,BFI IMAX B 31
2026-09-23T10:20:07Z,B,30,available,False,BFI IMAX B 30
2026-09-23T10:20:07Z,B,29,available,False,BFI IMAX B 29
2026-09-23T10:20:07Z,B,28,available,False,BFI IMAX B 28
2026-09-23T10:20:07Z,J,7,available,False,BFI IMAX J 7
2026-09-23T10:20:07Z,J,6,available,False,BFI IMAX J 6
2026-09-23T10:20:07Z,J,5,available,False,BFI IMAX J 5
2026-09-23T10:20:07Z,J,4,available,False,BFI IMAX J 4
2026-09-23T10:20:07Z,J,3,available,False,BFI IMAX J 3
2026-09-23T10:20:07Z,J,2,available,False,BFI IMAX J 2
2026-09-23T10:20:07Z,J,1,available,False,BFI IMAX J 1
2026-09-23T10:20:07Z,K,36,available,False,BFI IMAX K 36
2026-09-23T10:20:07Z,K,35,available,False,BFI IMAX K 35
2026-09-23T10:20:07Z,K,34,available,False,BFI IMAX K 34
2026-09-23T10:20:07Z,K,33,available,False,BFI IMAX K 33
2026-09-23T10:20:07Z,K,32,available,False,BFI IMAX K 32
2026-09-23T10:20:07Z,K,31,available,False,BFI IMAX K 31
2026-09-23T10:20:07Z,K,30,available,False,BFI IMAX K 30
2026-09-23T10:20:07Z,K,29,available,False,BFI IMAX K 29
2026-09-23T10:20:07Z,K,28,available,False,BFI IMAX K 28
2026-09-23T10:20:07Z,B,27,available,False,BFI IMAX B 27
2026-09-23T10:20:07Z,B,26,available,False,BFI IMAX B 26
2026-09-23T10:20:07Z,K,25,available,False,BFI IMAX K 25
2026-09-23T10:20:07Z,K,24,available,False,BFI IMAX K 24
2026-09-23T10:20:07Z,K,23,available,False,BFI IMAX K 23
2026-09-23T10:20:07Z,K,22,available,False,BFI IMAX K 22
2026-09-23T10:20:07Z,K,21,available,False,BFI IMAX K 21
2026-09-23T10:20:07Z,K,20,available,False,BFI IMAX K 20
2026-09-23T10:20:07Z,K,19,available,False,BFI IMAX K 19
2026-09-23T10:20:07Z,K,18,available,False,BFI IMAX K 18
2026-09-23T10:20:07Z,K,17,available,False,BFI IMAX K 17
2026-09-23T10:20:07Z,K,16,available,False,BFI IMAX K 16
2026-09-23T10:20:07Z,K,15,available,False,BFI IMAX K 15
2026-09-23T10:20:07Z,K,14,available,False,BFI IMAX K 14
2026-09-23T10:20:07Z,K,13,available,False,BFI IMAX K 13
2026-09-23T10:20:07Z,K,12,available,False,BFI IMAX K 12
2026-09-23T10:20:07Z,K,11,available,False,BFI IMAX K 11
2026-09-23T10:20:07Z,K,10,available,False,BFI IMAX K 10
2026-09-23T10:20:07Z,K,9,available,False,BFI IMAX K 9
2026-09-23T10:20:07Z,K,8,available,False,BFI IMAX K 8
2026-09-23T10:20:07Z,K,7,available,False,BFI IMAX K 7
2026-09-23T10:20:07Z,K,6,available,False,BFI IMAX K 6
2026-09-23T10:20:07Z,K,5,available,False,BFI IMAX K 5
2026-09-23T10:20:07Z,K,4,available,False,BFI IMAX K 4
2026-09-23T10:20:07Z,K,3,available,False,BFI IMAX K 3
2026-09-23T10:20:07Z,K,2,available,False,BFI IMAX K 2
2026-09-23T10:20:07Z,K,1,available,False,BFI IMAX K 1
2026-09-23T10:20:07Z,L,33,available,False,BFI IMAX L 33
2026-09-23T10:20:07Z,L,32,available,False,BFI IMAX L 32
2026-09-23T10:20:07Z,L,31,available,False,BFI IMAX L 31
2026-09-23T10:20:07Z,L,30,available,False,BFI IMAX L 30
2026-09-23T10:20:07Z,L,29,available,False,BFI IMAX L 29
2026-09-23T10:20:07Z,L,28,available,False,BFI IMAX L 28
2026-09-23T10:20:07Z,L,27,available,False,BFI IMAX L 27
2026-09-23T10:20:07Z,L,26,available,False,BFI IMAX L 26
2026-09-23T10:20:07Z,L,8,available,False,BFI IMAX L 8
2026-09-23T10:20:07Z,L,7,available,False,BFI IMAX L 7
2026-09-23T10:20:07Z,L,6,available,False,BFI IMAX L 6
2026-09-23T10:20:07Z,L,5,available,False,BFI IMAX L 5
2026-09-23T10:20:07Z,L,4,available,False,BFI IMAX L 4
2026-09-23T10:20:07Z,L,3,available,False,BFI IMAX L 3
2026-09-23T10:20:07Z,L,2,available,False,BFI IMAX L 2
2026-09-23T10:20:07Z,L,1,available,False,BFI IMAX L 1
2026-09-23T10:20:07Z,M,34,available,False,BFI IMAX M 34
2026-09-23T10:20:07Z,M,33,available,False,BFI IMAX M 33
2026-09-23T10:20:07Z,M,32,available,False,BFI IMAX M 32
2026-09-23T10:20:07Z,M,31,available,False,BFI IMAX M 31
2026-09-23T10:20:07Z,M,30,available,False,BFI IMAX M 30
2026-09-23T10:20:07Z,M,29,available,False,BFI IMAX M 29
2026-09-23T10:20:07Z,M,28,available,False,BFI IMAX M 28
2026-09-23T10:20:07Z,M,27,sold,False,BFI IMAX M 27
2026-09-23T10:20:07Z,M,8,available,False,BFI IMAX M 8
2026-09-23T10:20:07Z,M,7,available,False,BFI IMAX M 7
2026-09-23T10:20:07Z,M,6,available,False,BFI IMAX M 6
2026-09-23T10:20:07Z,M,5,available,False,BFI IMAX M 5
2026-09-23T10:20:07Z,M,4,available,False,BFI IMAX M 4
2026-09-23T10:20:07Z,M,3,available,False,BFI IMAX M 3
2026-09-23T10:20:07Z,M,2,available,False,BFI IMAX M 2
2026-09-23T10:20:07Z,M,1,available,False,BFI IMAX M 1
2026-09-23T10:20:07Z,N,34,unavailable,False,BFI IMAX N 34
2026-09-23T10:20:07Z,N,33,unavailable,False,BFI IMAX N 33
2026-09-23T10:20:07Z,N,32,unavailable,False,BFI IMAX N 32
2026-09-23T10:20:07Z,N,31,unavailable,False,BFI IMAX N 31
2026-09-23T10:20:07Z,N,30,unavailable,False,BFI IMAX N 30
2026-09-23T10:20:07Z,N,29,unavailable,False,BFI IMAX N 29
2026-09-23T10:20:07Z,N,28,unavailable,False,BFI IMAX N 28
2026-09-23T10:20:07Z,N,27,unavailable,False,BFI IMAX N 27
2026-09-23T10:20:07Z,N,8,available,False,BFI IMAX N 8
2026-09-23T10:20:07Z,N,7,available,False,BFI IMAX N 7
2026-09-23T10:20:07Z,N,6,available,False,BFI IMAX N 6
2026-09-23T10:20:07Z,N,5,available,False,BFI IMAX N 5
2026-09-23T10:20:07Z,N,4,available,False,BFI IMAX N 4
2026-09-23T10:20:07Z,N,3,available,False,BFI IMAX N 3
2026-09-23T10:20:07Z,N,2,available,False,BFI IMAX N 2
2026-09-23T10:20:07Z,N,1,available,False,BFI IMAX N 1
2026-09-23T10:20:07Z,B,25,available,False,BFI IMAX B 25
2026-09-23T10:20:07Z,B,24,available,False,BFI IMAX B 24
2026-09-23T10:20:07Z,B,23,available,False,BFI IMAX B 23
2026-09-23T10:20:07Z,B,22,available,False,BFI IMAX B 22
2026-09-23T10:20:07Z,M,15,available,False,BFI IMAX M 15
2026-09-23T10:20:07Z,M,14,available,False,BFI IMAX M 14
2026-09-23T10:20:07Z,M,13,available,False,BFI IMAX M 13
2026-09-23T10:20:07Z,M,12,available,False,BFI IMAX M 12
2026-09-23T10:20:07Z,M,11,available,False,BFI IMAX M 11
2026-09-23T10:20:07Z,M,10,available,False,BFI IMAX M 10
2026-09-23T10:20:07Z,M,9,available,False,BFI IMAX M 9
2026-09-23T10:20:07Z,L,9,available,False,BFI IMAX L 9
2026-09-23T10:20:07Z,L,25,available,False,BFI IMAX L 25
2026-09-23T10:20:07Z,L,24,available,False,BFI IMAX L 24
2026-09-23T10:20:07Z,L,23,available,False,BFI IMAX L 23
2026-09-23T10:20:07Z,L,22,available,False,BFI IMAX L 22
2026-09-23T10:20:07Z,L,21,available,False,BFI IMAX L 21
2026-09-23T10:20:07Z,L,20,available,False,BFI IMAX L 20
2026-09-23T10:20:07Z,L,19,available,False,BFI IMAX L 19
2026-09-23T10:20:07Z,L,18,sold,False,BFI IMAX L 18
2026-09-23T10:20:07Z,L,17,sold,False,BFI IMAX L 17
2026-09-23T10:20:07Z,L,16,available,False,BFI IMAX L 16
2026-09-23T10:20:07Z,L,15,available,False,BFI IMAX L 15
2026-09-23T10:20:07Z,L,14,available,False,BFI IMAX L 14
2026-09-23T10:20:07Z,L,13,available,False,BFI IMAX L 13
2026-09-23T10:20:07Z,L,12,available,False,BFI IMAX L 12
2026-09-23T10:20:07Z,L,11,available,False,BFI IMAX L 11
2026-09-23T10:20:07Z,N,26,unavailable,False,BFI IMAX N 26
2026-09-23T10:20:07Z,N,25,unavailable,False,BFI IMAX N 25
2026-09-23T10:20:07Z,N,24,unavailable,False,BFI IMAX N 24
2026-09-23T10:20:07Z,N,23,unavailable,False,BFI IMAX N 23
2026-09-23T10:20:07Z,N,22,available,False,BFI IMAX N 22
2026-09-23T10:20:07Z,N,21,available,False,BFI IMAX N 21
2026-09-23T10:20:07Z,N,20,available,False,BFI IMAX N 20
2026-09-23T10:20:07Z,N,19,available,False,BFI IMAX N 19
2026-09-23T10:20:07Z,N,18,available,False,BFI IMAX N 18
2026-09-23T10:20:07Z,N,17,available,False,BFI IMAX N 17
2026-09-23T10:20:07Z,N,16,available,False,BFI IMAX N 16
2026-09-23T10:20:07Z,N,15,available,False,BFI IMAX N 15
2026-09-23T10:20:07Z,N,14,available,False,BFI IMAX N 14
2026-09-23T10:20:07Z,N,13,available,False,BFI IMAX N 13
2026-09-23T10:20:07Z,N,12,unavailable,False,BFI IMAX N 12
2026-09-23T10:20:07Z,N,11,unavailable,False,BFI IMAX N 11
2026-09-23T10:20:07Z,N,10,unavailable,False,BFI IMAX N 10
2026-09-23T10:20:07Z,N,9,unavailable,False,BFI IMAX N 9
2026-09-23T10:20:07Z,L,10,available,False,BFI IMAX L 10
2026-09-23T10:20:07Z,M,26,available,False,BFI IMAX M 26
2026-09-23T10:20:07Z,M,25,available,False,BFI IMAX M 25
2026-09-23T10:20:07Z,M,24,available,False,BFI IMAX M 24
2026-09-23T10:20:07Z,M,23,available,False,BFI IMAX M 23
2026-09-23T10:20:07Z,M,22,available,False,BFI IMAX M 22
2026-09-23T10:20:07Z,M,21,available,False,BFI IMAX M 21
2026-09-23T10:20:07Z,M,20,available,False,BFI IMAX M 20
2026-09-23T10:20:07Z,M,19,available,False,BFI IMAX M 19
2026-09-23T10:20:07Z,M,18,available,False,BFI IMAX M 18
2026-09-23T10:20:07Z,M,17,available,False,BFI IMAX M 17
2026-09-23T10:20:07Z,M,16,available,False,BFI IMAX M 16
2026-09-23T10:20:07Z,P,27,available,True,BFI IMAX P 27
2026-09-23T10:20:07Z,P,26,unavailable,False,BFI IMAX P 26
2026-09-23T10:20:07Z,P,6,unavailable,False,BFI IMAX P 6
2026-09-23T10:20:07Z,P,5,available,True,BFI IMAX P 5
2026-09-23T10:20:07Z,P,31,unavailable,False,BFI IMAX P 31
2026-09-23T10:20:07Z,P,30,available,True,BFI IMAX P 30
2026-09-23T10:20:07Z,P,2,available,True,BFI IMAX P 2
2026-09-23T10:20:07Z,P,1,unavailable,False,BFI IMAX P 1
2026-09-23T10:20:07Z,P,21,available,False,BFI IMAX P 21
2026-09-23T10:20:07Z,P,20,available,False,BFI IMAX P 20
2026-09-23T10:20:07Z,P,19,available,False,BFI IMAX P 19
2026-09-23T10:20:07Z,P,18,available,False,BFI IMAX P 18
2026-09-23T10:20:07Z,P,17,available,False,BFI IMAX P 17
2026-09-23T10:20:07Z,P,16,available,False,BFI IMAX P 16
2026-09-23T10:20:07Z,P,15,available,False,BFI IMAX P 15
2026-09-23T10:20:07Z,P,14,available,False,BFI IMAX P 14
2026-09-23T10:20:07Z,P,13,available,False,BFI IMAX P 13
2026-09-23T10:20:07Z,P,12,available,False,BFI IMAX P 12
2026-09-23T10:20:07Z,P,11,available,False,BFI IMAX P 11
2026-09-23T10:20:07Z,P,9,available,False,BFI IMAX P 9
2026-09-23T10:20:07Z,P,8,available,False,BFI IMAX P 8
2026-09-23T10:20:07Z,P,7,available,False,BFI IMAX P 7
2026-09-23T10:20:07Z,P,10,available,False,BFI IMAX P 10
2026-09-23T10:20:07Z,P,25,available,False,BFI IMAX P 25
2026-09-23T10:20:07Z,P,24,available,False,BFI IMAX P 24
2026-09-23T10:20:07Z,P,23,available,False,BFI IMAX P 23
2026-09-23T10:20:07Z,P,22,available,False,BFI IMAX P 22
2026-09-23T10:20:07Z,Q,18,sold,False,BFI IMAX Q 18
2026-09-23T10:20:07Z,Q,17,available,False,BFI IMAX Q 17
2026-09-23T10:20:07Z,Q,16,available,False,BFI IMAX Q 16
2026-09-23T10:20:07Z,Q,15,available,False,BFI IMAX Q 15
2026-09-23T10:20:07Z,Q,14,available,False,BFI IMAX Q 14
2026-09-23T10:20:07Z,Q,13,available,False,BFI IMAX Q 13
2026-09-23T10:20:07Z,Q,12,available,False,BFI IMAX Q 12
2026-09-23T10:20:07Z,Q,11,available,False,BFI IMAX Q 11
2026-09-23T10:20:07Z,Q,10,available,False,BFI IMAX Q 10
2026-09-23T10:20:07Z,Q,9,sold,False,BFI IMAX Q 9
2026-09-23T10:20:07Z,Q,8,available,False,BFI IMAX Q 8
2026-09-23T10:20:07Z,Q,7,available,False,BFI IMAX Q 7
2026-09-23T10:20:07Z,Q,6,available,False,BFI IMAX Q 6
2026-09-23T10:20:07Z,Q,5,available,False,BFI IMAX Q 5
2026-09-23T10:20:07Z,Q,4,available,False,BFI IMAX Q 4
2026-09-23T10:20:07Z,Q,3,available,False,BFI IMAX Q 3
2026-09-23T10:20:07Z,Q,2,available,False,BFI IMAX Q 2
2026-09-23T10:20:07Z,Q,1,available,False,BFI IMAX Q 1
2026-09-23T15:16:29Z,K,27,unavailable,False,BFI IMAX K 27
2026-09-23T15:16:29Z,K,26,unavailable,False,BFI IMAX K 26
2026-09-23T15:16:29Z,P,29,available,True,BFI IMAX P 29
2026-09-23T15:16:29Z,P,28,available,True,BFI IMAX P 28
2026-09-23T15:16:29Z,P,4,available,True,BFI IMAX P 4
2026-09-23T15:16:29Z,P,3,available,True,BFI IMAX P 3
2026-09-23T15:16:29Z,A,7,available,False,BFI IMAX A 7
2026-09-23T15:16:29Z,A,6,available,False,BFI IMAX A 6
2026-09-23T15:16:29Z,A,5,available,False,BFI IMAX A 5
2026-09-23T15:16:29Z,A,4,available,False,BFI IMAX A 4
2026-09-23T15:16:29Z,A,3,available,False,BFI IMAX A 3
2026-09-23T15:16:29Z,A,2,available,False,BFI IMAX A 2
2026-09-23T15:16:29Z,A,1,available,False,BFI IMAX A 1
2026-09-23T15:16:29Z,B,36,available,False,BFI IMAX B 36
2026-09-23T15:16:29Z,B,35,available,False,BFI IMAX B 35
2026-09-23T15:16:29Z,B,34,available,False,BFI IMAX B 34
2026-09-23T15:16:29Z,B,33,available,False,BFI IMAX B 33
2026-09-23T15:16:29Z,B,32,available,False,BFI IMAX B 32
2026-09-23T15:16:29Z,B,31,available,False,BFI IMAX B 31
2026-09-23T15:16:29Z,B,30,available,False,BFI IMAX B 30
2026-09-23T15:16:29Z,B,29,available,False,BFI IMAX B 29
2026-09-23T15:16:29Z,B,28,available,False,BFI IMAX B 28
2026-09-23T15:16:29Z,B,27,available,False,BFI IMAX B 27
2026-09-23T15:16:29Z,B,26,available,False,BFI IMAX B 26
2026-09-23T15:16:29Z,B,25,available,False,BFI IMAX B 25
2026-09-23T15:16:29Z,B,24,available,False,BFI IMAX B 24
2026-09-23T15:16:29Z,B,23,available,False,BFI IMAX B 23
2026-09-23T15:16:29Z,B,22,available,False,BFI IMAX B 22
2026-09-23T15:16:29Z,B,21,available,False,BFI IMAX B 21
2026-09-23T15:16:29Z,B,20,available,False,BFI IMAX B 20
2026-09-23T15:16:29Z,B,19,available,False,BFI IMAX B 19
2026-09-23T15:16:29Z,B,18,available,False,BFI IMAX B 18
2026-09-23T15:16:29Z,B,17,available,False,BFI IMAX B 17
2026-09-23T15:16:29Z,B,16,available,False,BFI IMAX B 16
2026-09-23T15:16:29Z,B,15,available,False,BFI IMAX B 15
2026-09-23T15:16:29Z,B,14,available,False,BFI IMAX B 14
2026-09-23T15:16:29Z,B,13,available,False,BFI IMAX B 13
2026-09-23T15:16:29Z,B,12,available,False,BFI IMAX B 12
2026-09-23T15:16:29Z,B,11,available,False,BFI IMAX B 11
2026-09-23T15:16:29Z,B,10,available,False,BFI IMAX B 10
2026-09-23T15:16:29Z,B,9,available,False,BFI IMAX B 9
2026-09-23T15:16:29Z,B,8,available,False,BFI IMAX B 8
2026-09-23T15:16:29Z,B,7,available,False,BFI IMAX B 7
2026-09-23T15:16:29Z,B,6,available,False,BFI IMAX B 6
2026-09-23T15:16:29Z,B,5,available,False,BFI IMAX B 5
2026-09-23T15:16:29Z,B,4,available,False,BFI IMAX B 4
2026-09-23T15:16:29Z,B,3,available,False,BFI IMAX B 3
2026-09-23T15:16:29Z,B,2,available,False,BFI IMAX B 2
2026-09-23T15:16:29Z,B,1,available,False,BFI IMAX B 1
2026-09-23T15:16:29Z,C,36,available,False,BFI IMAX C 36
2026-09-23T15:16:29Z,C,35,available,False,BFI IMAX C 35
2026-09-23T15:16:29Z,C,34,available,False,BFI IMAX C 34
2026-09-23T15:16:29Z,C,33,available,False,BFI IMAX C 33
2026-09-23T15:16:29Z,C,32,available,False,BFI IMAX C 32
2026-09-23T15:16:29Z,C,31,available,False,BFI IMAX C 31
2026-09-23T15:16:29Z,C,30,available,False,BFI IMAX C 30
2026-09-23T15:16:29Z,C,29,available,False,BFI IMAX C 29
2026-09-23T15:16:29Z,C,28,available,False,BFI IMAX C 28
2026-09-23T15:16:29Z,C,27,available,False,BFI IMAX C 27
2026-09-23T15:16:29Z,C,26,available,False,BFI IMAX C 26
2026-09-23T15:16:29Z,C,25,sold,False,BFI IMAX C 25
2026-09-23T15:16:29Z,C,24,available,False,BFI IMAX C 24
2026-09-23T15:16:29Z,C,23,available,False,BFI IMAX C 23
2026-09-23T15:16:29Z,C,22,available,False,BFI IMAX C 22
2026-09-23T15:16:29Z,C,21,available,False,BFI IMAX C 21
2026-09-23T15:16:29Z,C,20,available,False,BFI IMAX C 20
2026-09-23T15:16:29Z,C,19,available,False,BFI IMAX C 19
2026-09-23T15:16:29Z,C,18,available,False,BFI IMAX C 18
2026-09-23T15:16:29Z,C,17,available,False,BFI IMAX C 17
2026-09-23T15:16:29Z,C,16,available,False,BFI IMAX C 16
2026-09-23T15:16:29Z,C,15,available,False,BFI IMAX C 15
2026-09-23T15:16:29Z,C,14,available,False,BFI IMAX C 14
2026-09-23T15:16:29Z,C,13,available,False,BFI IMAX C 13
2026-09-23T15:16:29Z,C,12,available,False,BFI IMAX C 12
2026-09-23T15:16:29Z,C,11,available,False,BFI IMAX C 11
2026-09-23T15:16:29Z,C,10,available,False,BFI IMAX C 10
2026-09-23T15:16:29Z,C,9,available,False,BFI IMAX C 9
2026-09-23T15:16:29Z,C,8,available,False,BFI IMAX C 8
2026-09-23T15:16:29Z,C,7,available,False,BFI IMAX C 7
2026-09-23T15:16:29Z,C,6,available,False,BFI IMAX C 6
2026-09-23T15:16:29Z,C,5,available,False,BFI IMAX C 5
2026-09-23T15:16:29Z,C,4,available,False,BFI IMAX C 4
2026-09-23T15:16:29Z,C,3,available,False,BFI IMAX C 3
2026-09-23T15:16:29Z,C,2,available,False,BFI IMAX C 2
2026-09-23T15:16:29Z,C,1,available,False,BFI IMAX C 1
2026-09-23T15:16:29Z,D,37,available,False,BFI IMAX D 37
2026-09-23T15:16:29Z,D,36,available,False,BFI IMAX D 36
2026-09-23T15:16:29Z,D,35,available,False,BFI IMAX D 35
2026-09-23T15:16:29Z,D,34,available,False,BFI IMAX D 34
2026-09-23T15:16:29Z,D,33,available,False,BFI IMAX D 33
2026-09-23T15:16:29Z,D,32,available,False,BFI IMAX D 32
2026-09-23T15:16:29Z,D,31,available,False,BFI IMAX D 31
2026-09-23T15:16:29Z,D,30,available,False,BFI IMAX D 30
2026-09-23T15:16:29Z,D,29,available,False,BFI IMAX D 29
2026-09-23T15:16:29Z,D,28,available,False,BFI IMAX D 28
2026-09-23T15:16:29Z,D,27,available,False,BFI IMAX D 27
2026-09-23T15:16:29Z,D,26,available,False,BFI IMAX D 26
2026-09-23T15:16:29Z,D,25,available,False,BFI IMAX D 25
2026-09-23T15:16:29Z,D,24,available,False,BFI IMAX D 24
2026-09-23T15:16:29Z,D,23,available,False,BFI IMAX D 23
2026-09-23T15:16:29Z,D,22,available,False,BFI IMAX D 22
2026-09-23T15:16:29Z,D,21,available,False,BFI IMAX D 21
2026-09-23T15:16:29Z,D,20,available,False,BFI IMAX D 20
2026-09-23T15:16:29Z,D,19,available,False,BFI IMAX D 19
2026-09-23T15:16:29Z,D,18,available,False,BFI IMAX D 18
2026-09-23T15:16:29Z,D,17,available,False,BFI IMAX D 17
2026-09-23T15:16:29Z,D,16,available,False,BFI IMAX D 16
2026-09-23T15:16:29Z,D,15,available,False,BFI IMAX D 15
2026-09-23T15:16:29Z,D,14,available,False,BFI IMAX D 14
2026-09-23T15:16:29Z,D,13,available,False,BFI IMAX D 13
2026-09-23T15:16:29Z,D,12,available,False,BFI IMAX D 12
2026-09-23T15:16:29Z,D,11,available,False,BFI IMAX D 11
2026-09-23T15:16:29Z,D,10,available,False,BFI IMAX D 10
2026-09-23T15:16:29Z,D,9,available,False,BFI IMAX D 9
2026-09-23T15:16:29Z,D,8,available,False,BFI IMAX D 8
2026-09-23T15:16:29Z,D,7,available,False,BFI IMAX D 7
2026-09-23T15:16:29Z,D,6,available,False,BFI IMAX D 6
2026-09-23T15:16:29Z,D,5,available,False,BFI IMAX D 5
2026-09-23T15:16:29Z,D,4,available,False,BFI IMAX D 4
2026-09-23T15:16:29Z,D,3,available,False,BFI IMAX D 3
2026-09-23T15:16:29Z,D,2,available,False,BFI IMAX D 2
2026-09-23T15:16:29Z,D,1,available,False,BFI IMAX D 1
2026-09-23T15:16:29Z,E,37,available,False,BFI IMAX E 37
2026-09-23T15:16:29Z,E,36,available,False,BFI IMAX E 36
2026-09-23T15:16:29Z,E,35,available,False,BFI IMAX E 35
2026-09-23T15:16:29Z,E,34,available,False,BFI IMAX E 34
2026-09-23T15:16:29Z,E,33,available,False,BFI IMAX E 33
2026-09-23T15:16:29Z,E,32,available,False,BFI IMAX E 32
2026-09-23T15:16:29Z,E,31,available,False,BFI IMAX E 31
2026-09-23T15:16:29Z,E,30,available,False,BFI IMAX E 30
2026-09-23T15:16:29Z,E,29,available,False,BFI IMAX E 29
2026-09-23T15:16:29Z,E,28,available,False,BFI IMAX E 28
2026-09-23T15:16:29Z,E,27,available,False,BFI IMAX E 27
2026-09-23T15:16:29Z,E,26,available,False,BFI IMAX E 26
2026-09-23T15:16:29Z,E,25,available,False,BFI IMAX E 25
2026-09-23T15:16:29Z,E,24,available,False,BFI IMAX E 24
2026-09-23T15:16:29Z,E,23,available,False,BFI IMAX E 23
2026-09-23T15:16:29Z,E,22,available,False,BFI IMAX E 22
2026-09-23T15:16:29Z,E,21,available,False,BFI IMAX E 21
2026-09-23T15:16:29Z,E,20,available,False,BFI IMAX E 20
2026-09-23T15:16:29Z,E,19,available,False,BFI IMAX E 19
2026-09-23T15:16:29Z,E,18,available,False,BFI IMAX E 18
2026-09-23T15:16:29Z,E,17,available,False,BFI IMAX E 17
2026-09-23T15:16:29Z,E,16,available,False,BFI IMAX E 16
2026-09-23T15:16:29Z,E,15,available,False,BFI IMAX E 15
2026-09-23T15:16:29Z,E,14,available,False,BFI IMAX E 14
2026-09-23T15:16:29Z,E,13,available,False,BFI IMAX E 13
2026-09-23T15:16:29Z,E,12,available,False,BFI IMAX E 12
2026-09-23T15:16:29Z,E,11,available,False,BFI IMAX E 11
2026-09-23T15:16:29Z,E,10,available,False,BFI IMAX E 10
2026-09-23T15:16:29Z,E,9,available,False,BFI IMAX E 9
2026-09-23T15:16:29Z,E,8,available,False,BFI IMAX E 8
2026-09-23T15:16:29Z,E,7,available,False,BFI IMAX E 7
2026-09-23T15:16:29Z,E,6,available,False,BFI IMAX E 6
2026-09-23T15:16:29Z,E,5,available,False,BFI IMAX E 5
2026-09-23T15:16:29Z,E,4,available,False,BFI IMAX E 4
2026-09-23T15:16:29Z,E,3,available,False,BFI IMAX E 3
2026-09-23T15:16:29Z,E,2,available,False,BFI IMAX E 2
2026-09-23T15:16:29Z,E,1,available,False,BFI IMAX E 1
2026-09-23T15:16:29Z,F,38,available,False,BFI IMAX F 38
2026-09-23T15:16:29Z,F,37,available,False,BFI IMAX F 37
2026-09-23T15:16:29Z,F,36,available,False,BFI IMAX F 36
2026-09-23T15:16:29Z,F,35,available,False,BFI IMAX F 35
2026-09-23T15:16:29Z,F,34,available,False,BFI IMAX F 34
2026-09-23T15:16:29Z,F,33,available,False,BFI IMAX F 33
2026-09-23T15:16:29Z,F,32,available,False,BFI IMAX F 32
2026-09-23T15:16:29Z,F,31,available,False,BFI IMAX F 31
2026-09-23T15:16:29Z,F,30,available,False,BFI IMAX F 30
2026-09-23T15:16:29Z,F,29,available,False,BFI IMAX F 29
2026-09-23T15:16:29Z,F,28,available,False,BFI IMAX F 28
2026-09-23T15:16:29Z,F,27,available,False,BFI IMAX F 27
2026-09-23T15:16:29Z,F,26,available,False,BFI IMAX F 26
2026-09-23T15:16:29Z,F,25,available,False,BFI IMAX F 25
2026-09-23T15:16:29Z,F,24,available,False,BFI IMAX F 24
2026-09-23T15:16:29Z,F,23,available,False,BFI IMAX F 23
2026-09-23T15:16:29Z,F,22,available,False,BFI IMAX F 22
2026-09-23T15:16:29Z,F,21,available,False,BFI IMAX F 21
2026-09-23T15:16:29Z,F,20,available,False,BFI IMAX F 20
2026-09-23T15:16:29Z,F,19,available,False,BFI IMAX F 19
2026-09-23T15:16:29Z,F,18,available,False,BFI IMAX F 18
2026-09-23T15:16:29Z,F,17,available,False,BFI IMAX F 17
2026-09-23T15:16:29Z,F,16,available,False,BFI IMAX F 16
2026-09-23T15:16:29Z,F,15,available,False,BFI IMAX F 15
2026-09-23T15:16:29Z,F,14,available,False,BFI IMAX F 14
2026-09-23T15:16:29Z,F,13,available,False,BFI IMAX F 13
2026-09-23T15:16:29Z,F,12,available,False,BFI IMAX F 12
2026-09-23T15:16:29Z,F,11,available,False,BFI IMAX F 11
2026-09-23T15:16:29Z,F,10,available,False,BFI IMAX F 10
2026-09-23T15:16:29Z,F,9,available,False,BFI IMAX F 9
2026-09-23T15:16:29Z,F,8,available,False,BFI IMAX F 8
2026-09-23T15:16:29Z,F,7,available,False,BFI IMAX F 7
2026-09-23T15:16:29Z,F,6,available,False,BFI IMAX F 6
2026-09-23T15:16:29Z,F,5,available,False,BFI IMAX F 5
2026-09-23T15:16:29Z,F,4,available,False,BFI IMAX F 4
2026-09-23T15:16:29Z,F,3,available,False,BFI IMAX F 3
2026-09-23T15:16:29Z,F,2,available,False,BFI IMAX F 2
2026-09-23T15:16:29Z,F,1,available,False,BFI IMAX F 1
2026-09-23T15:16:29Z,G,37,available,False,BFI IMAX G 37
2026-09-23T15:16:29Z,G,36,available,False,BFI IMAX G 36
2026-09-23T15:16:29Z,G,35,available,False,BFI IMAX G 35
2026-09-23T15:16:29Z,G,34,available,False,BFI IMAX G 34
2026-09-23T15:16:29Z,G,33,available,False,BFI IMAX G 33
2026-09-23T15:16:29Z,G,32,available,False,BFI IMAX G 32
2026-09-23T15:16:29Z,G,31,available,False,BFI IMAX G 31
2026-09-23T15:16:29Z,G,30,available,False,BFI IMAX G 30
2026-09-23T15:16:29Z,G,29,available,False,BFI IMAX G 29
2026-09-23T15:16:29Z,G,28,available,False,BFI IMAX G 28
2026-09-23T15:16:29Z,G,27,available,False,BFI IMAX G 27
2026-09-23T15:16:29Z,G,26,available,False,BFI IMAX G 26
2026-09-23T15:16:29Z,G,25,available,False,BFI IMAX G 25
2026-09-23T15:16:29Z,G,24,available,False,BFI IMAX G 24
2026-09-23T15:16:29Z,G,23,available,False,BFI IMAX G 23
2026-09-23T15:16:29Z,G,22,available,False,BFI IMAX G 22
2026-09-23T15:16:29Z,G,21,available,False,BFI IMAX G 21
2026-09-23T15:16:29Z,G,20,available,False,BFI IMAX G 20
2026-09-23T15:16:29Z,G,19,available,False,BFI IMAX G 19
2026-09-23T15:16:29Z,G,18,available,False,BFI IMAX G 18
2026-09-23T15:16:29Z,G,17,available,False,BFI IMAX G 17
2026-09-23T15:16:29Z,G,16,available,False,BFI IMAX G 16
2026-09-23T15:16:29Z,G,15,available,False,BFI IMAX G 15
2026-09-23T15:16:29Z,G,14,available,False,BFI IMAX G 14
2026-09-23T15:16:29Z,G,13,available,False,BFI IMAX G 13
2026-09-23T15:16:29Z,G,12,available,False,BFI IMAX G 12
2026-09-23T15:16:29Z,G,11,available,False,BFI IMAX G 11
2026-09-23T15:16:29Z,G,10,available,False,BFI IMAX G 10
2026-09-23T15:16:29Z,G,9,available,False,BFI IMAX G 9
2026-09-23T15:16:29Z,G,8,available,False,BFI IMAX G 8
2026-09-23T15:16:29Z,G,7,available,False,BFI IMAX G 7
2026-09-23T15:16:29Z,G,6,available,False,BFI IMAX G 6
2026-09-23T15:16:29Z,G,5,available,False,BFI IMAX G 5
2026-09-23T15:16:29Z,G,4,available,False,BFI IMAX G 4
2026-09-23T15:16:29Z,G,3,available,False,BFI IMAX G 3
2026-09-23T15:16:29Z,G,2,available,False,BFI IMAX G 2
2026-09-23T15:16:29Z,G,1,available,False,BFI IMAX G 1
2026-09-23T15:16:29Z,H,37,available,False,BFI IMAX H 37
2026-09-23T15:16:29Z,H,36,available,False,BFI IMAX H 36
2026-09-23T15:16:29Z,H,35,available,False,BFI IMAX H 35
2026-09-23T15:16:29Z,H,34,available,False,BFI IMAX H 34
2026-09-23T15:16:29Z,H,33,available,False,BFI IMAX H 33
2026-09-23T15:16:29Z,H,32,available,False,BFI IMAX H 32
2026-09-23T15:16:29Z,H,31,available,False,BFI IMAX H 31
2026-09-23T15:16:29Z,H,30,available,False,BFI IMAX H 30
2026-09-23T15:16:29Z,H,29,available,False,BFI IMAX H 29
2026-09-23T15:16:29Z,H,28,available,False,BFI IMAX H 28
2026-09-23T15:16:29Z,H,27,available,False,BFI IMAX H 27
2026-09-23T15:16:29Z,H,26,available,False,BFI IMAX H 26
2026-09-23T15:16:29Z,H,25,available,False,BFI IMAX H 25
2026-09-23T15:16:29Z,H,24,available,False,BFI IMAX H 24
2026-09-23T15:16:29Z,H,23,available,False,BFI IMAX H 23
2026-09-23T15:16:29Z,H,22,available,False,BFI IMAX H 22
2026-09-23T15:16:29Z,H,21,available,False,BFI IMAX H 21
2026-09-23T15:16:29Z,H,20,available,False,BFI IMAX H 20
2026-09-23T15:16:29Z,H,19,available,False,BFI IMAX H 19
2026-09-23T15:16:29Z,H,18,available,False,BFI IMAX H 18
2026-09-23T15:16:29Z,H,17,available,False,BFI IMAX H 17
2026-09-23T15:16:29Z,H,16,available,False,BFI IMAX H 16
2026-09-23T15:16:29Z,H,15,available,False,BFI IMAX H 15
2026-09-23T15:16:29Z,H,14,available,False,BFI IMAX H 14
2026-09-23T15:16:29Z,H,13,available,False,BFI IMAX H 13
2026-09-23T15:16:29Z,H,12,available,False,BFI IMAX H 12
2026-09-23T15:16:29Z,H,11,available,False,BFI IMAX H 11
2026-09-23T15:16:29Z,H,10,available,False,BFI IMAX H 10
2026-09-23T15:16:29Z,H,9,available,False,BFI IMAX H 9
2026-09-23T15:16:29Z,H,8,available,False,BFI IMAX H 8
2026-09-23T15:16:29Z,H,7,available,False,BFI IMAX H 7
2026-09-23T15:16:29Z,H,6,available,False,BFI IMAX H 6
2026-09-23T15:16:29Z,H,5,available,False,BFI IMAX H 5
2026-09-23T15:16:29Z,H,4,available,False,BFI IMAX H 4
2026-09-23T15:16:29Z,H,3,available,False,BFI IMAX H 3
2026-09-23T15:16:29Z,H,2,available,False,BFI IMAX H 2
2026-09-23T15:16:29Z,H,1,available,False,BFI IMAX H 1
2026-09-23T15:16:29Z,J,36,available,False,BFI IMAX J 36
2026-09-23T15:16:29Z,J,35,available,False,BFI IMAX J 35
2026-09-23T15:16:29Z,J,34,available,False,BFI IMAX J 34
2026-09-23T15:16:29Z,J,33,available,False,BFI IMAX J 33
2026-09-23T15:16:29Z,J,32,available,False,BFI IMAX J 32
2026-09-23T15:16:29Z,J,31,available,False,BFI IMAX J 31
2026-09-23T15:16:29Z,J,30,available,False,BFI IMAX J 30
2026-09-23T15:16:29Z,J,29,available,False,BFI IMAX J 29
2026-09-23T15:16:29Z,J,28,available,False,BFI IMAX J 28
2026-09-23T15:16:29Z,J,27,available,False,BFI IMAX J 27
2026-09-23T15:16:29Z,J,26,available,False,BFI IMAX J 26
2026-09-23T15:16:29Z,J,25,available,False,BFI IMAX J 25
2026-09-23T15:16:29Z,J,24,available,False,BFI IMAX J 24
2026-09-23T15:16:29Z,J,23,available,False,BFI IMAX J 23
2026-09-23T15:16:29Z,J,22,available,False,BFI IMAX J 22
2026-09-23T15:16:29Z,J,21,available,False,BFI IMAX J 21
2026-09-23T15:16:29Z,J,20,available,False,BFI IMAX J 20
2026-09-23T15:16:29Z,J,19,available,False,BFI IMAX J 19
2026-09-23T15:16:29Z,J,18,available,False,BFI IMAX J 18
2026-09-23T15:16:29Z,J,17,available,False,BFI IMAX J 17
2026-09-23T15:16:29Z,J,16,available,False,BFI IMAX J 16
2026-09-23T15:16:29Z,J,15,available,False,BFI IMAX J 15
2026-09-23T15:16:29Z,J,14,available,False,BFI IMAX J 14
2026-09-23T15:16:29Z,J,13,available,False,BFI IMAX J 13
2026-09-23T15:16:29Z,J,12,available,False,BFI IMAX J 12
2026-09-23T15:16:29Z,J,11,available,False,BFI IMAX J 11
2026-09-23T15:16:29Z,J,10,available,False,BFI IMAX J 10
2026-09-23T15:16:29Z,J,9,available,False,BFI IMAX J 9
2026-09-23T15:16:29Z,J,8,available,False,BFI IMAX J 8
2026-09-23T15:16:29Z,J,7,available,False,BFI IMAX J 7
2026-09-23T15:16:29Z,J,6,available,False,BFI IMAX J 6
2026-09-23T15:16:29Z,J,5,available,False,BFI IMAX J 5
2026-09-23T15:16:29Z,J,4,available,False,BFI IMAX J 4
2026-09-23T15:16:29Z,J,3,available,False,BFI IMAX J 3
2026-09-23T15:16:29Z,J,2,available,False,BFI IMAX J 2
2026-09-23T15:16:29Z,J,1,available,False,BFI IMAX J 1
2026-09-23T15:16:29Z,K,36,available,False,BFI IMAX K 36
2026-09-23T15:16:29Z,K,35,available,False,BFI IMAX K 35
2026-09-23T15:16:29Z,K,34,available,False,BFI IMAX K 34
2026-09-23T15:16:29Z,K,33,available,False,BFI IMAX K 33
2026-09-23T15:16:29Z,K,32,available,False,BFI IMAX K 32
2026-09-23T15:16:29Z,K,31,available,False,BFI IMAX K 31
2026-09-23T15:16:29Z,K,30,available,False,BFI IMAX K 30
2026-09-23T15:16:29Z,K,29,available,False,BFI IMAX K 29
2026-09-23T15:16:29Z,K,28,available,False,BFI IMAX K 28
2026-09-23T15:16:29Z,A,13,available,False,BFI IMAX A 13
2026-09-23T15:16:29Z,A,12,available,False,BFI IMAX A 12
2026-09-23T15:16:29Z,K,25,available,False,BFI IMAX K 25
2026-09-23T15:16:29Z,K,24,available,False,BFI IMAX K 24
2026-09-23T15:16:29Z,K,23,available,False,BFI IMAX K 23
2026-09-23T15:16:29Z,K,22,available,False,BFI IMAX K 22
2026-09-23T15:16:29Z,K,21,available,False,BFI IMAX K 21
2026-09-23T15:16:29Z,K,20,available,False,BFI IMAX K 20
2026-09-23T15:16:29Z,K,19,sold,False,BFI IMAX K 19
2026-09-23T15:16:29Z,K,18,available,False,BFI IMAX K 18
2026-09-23T15:16:29Z,K,17,available,False,BFI IMAX K 17
2026-09-23T15:16:29Z,K,16,available,False,BFI IMAX K 16
2026-09-23T15:16:29Z,K,15,available,False,BFI IMAX K 15
2026-09-23T15:16:29Z,K,14,available,False,BFI IMAX K 14
2026-09-23T15:16:29Z,K,13,available,False,BFI IMAX K 13
2026-09-23T15:16:29Z,K,12,available,False,BFI IMAX K 12
2026-09-23T15:16:29Z,K,11,available,False,BFI IMAX K 11
2026-09-23T15:16:29Z,K,10,available,False,BFI IMAX K 10
2026-09-23T15:16:29Z,K,9,available,False,BFI IMAX K 9
2026-09-23T15:16:29Z,K,8,available,False,BFI IMAX K 8
2026-09-23T15:16:29Z,K,7,available,False,BFI IMAX K 7
2026-09-23T15:16:29Z,K,6,available,False,BFI IMAX K 6
2026-09-23T15:16:29Z,K,5,available,False,BFI IMAX K 5
2026-09-23T15:16:29Z,K,4,available,False,BFI IMAX K 4
2026-09-23T15:16:29Z,K,3,available,False,BFI IMAX K 3
2026-09-23T15:16:29Z,K,2,available,False,BFI IMAX K 2
2026-09-23T15:16:29Z,K,1,available,False,BFI IMAX K 1
2026-09-23T15:16:29Z,L,33,available,False,BFI IMAX L 33
2026-09-23T15:16:29Z,L,32,available,False,BFI IMAX L 32
2026-09-23T15:16:29Z,L,31,available,False,BFI IMAX L 31
2026-09-23T15:16:29Z,L,30,available,False,BFI IMAX L 30
2026-09-23T15:16:29Z,L,29,available,False,BFI IMAX L 29
2026-09-23T15:16:29Z,L,28,available,False,BFI IMAX L 28
2026-09-23T15:16:29Z,L,27,available,False,BFI IMAX L 27
2026-09-23T15:16:29Z,L,26,available,False,BFI IMAX L 26
2026-09-23T15:16:29Z,L,8,available,False,BFI IMAX L 8
2026-09-23T15:16:29Z,L,7,available,False,BFI IMAX L 7
2026-09-23T15:16:29Z,L,6,available,False,BFI IMAX L 6
2026-09-23T15:16:29Z,L,5,available,False,BFI IMAX L 5
2026-09-23T15:16:29Z,L,4,available,False,BFI IMAX L 4
2026-09-23T15:16:29Z,L,3,available,False,BFI IMAX L 3
2026-09-23T15:16:29Z,L,2,available,False,BFI IMAX L 2
2026-09-23T15:16:29Z,L,1,available,False,BFI IMAX L 1
2026-09-23T15:16:29Z,M,34,available,False,BFI IMAX M 34
2026-09-23T15:16:29Z,M,33,available,False,BFI IMAX M 33
2026-09-23T15:16:29Z,M,32,available,False,BFI IMAX M 32
2026-09-23T15:16:29Z,M,31,available,False,BFI IMAX M 31
2026-09-23T15:16:29Z,M,30,available,False,BFI IMAX M 30
2026-09-23T15:16:29Z,M,29,available,False,BFI IMAX M 29
2026-09-23T15:16:29Z,M,28,available,False,BFI IMAX M 28
2026-09-23T15:16:29Z,M,27,sold,False,BFI IMAX M 27
2026-09-23T15:16:29Z,M,8,available,False,BFI IMAX M 8
2026-09-23T15:16:29Z,M,7,available,False,BFI IMAX M 7
2026-09-23T15:16:29Z,M,6,available,False,BFI IMAX M 6
2026-09-23T15:16:29Z,M,5,available,False,BFI IMAX M 5
2026-09-23T15:16:29Z,M,4,available,False,BFI IMAX M 4
2026-09-23T15:16:29Z,M,3,available,False,BFI IMAX M 3
2026-09-23T15:16:29Z,M,2,available,False,BFI IMAX M 2
2026-09-23T15:16:29Z,M,1,available,False,BFI IMAX M 1
2026-09-23T15:16:29Z,N,34,unavailable,False,BFI IMAX N 34
2026-09-23T15:16:29Z,N,33,unavailable,False,BFI IMAX N 33
2026-09-23T15:16:29Z,N,32,unavailable,False,BFI IMAX N 32
2026-09-23T15:16:29Z,N,31,unavailable,False,BFI IMAX N 31
2026-09-23T15:16:29Z,N,30,unavailable,False,BFI IMAX N 30
2026-09-23T15:16:29Z,N,29,unavailable,False,BFI IMAX N 29
2026-09-23T15:16:29Z,N,28,unavailable,False,BFI IMAX N 28
2026-09-23T15:16:29Z,N,27,unavailable,False,BFI IMAX N 27
2026-09-23T15:16:29Z,N,8,available,False,BFI IMAX N 8
2026-09-23T15:16:29Z,N,7,available,False,BFI IMAX N 7
2026-09-23T15:16:29Z,N,6,available,False,BFI IMAX N 6
2026-09-23T15:16:29Z,N,5,available,False,BFI IMAX N 5
2026-09-23T15:16:29Z,N,4,available,False,BFI IMAX N 4
2026-09-23T15:16:29Z,N,3,available,False,BFI IMAX N 3
2026-09-23T15:16:29Z,N,2,available,False,BFI IMAX N 2
2026-09-23T15:16:29Z,N,1,available,False,BFI IMAX N 1
2026-09-23T15:16:29Z,A,11,available,False,BFI IMAX A 11
2026-09-23T15:16:29Z,A,10,available,False,BFI IMAX A 10
2026-09-23T15:16:29Z,A,9,available,False,BFI IMAX A 9
2026-09-23T15:16:29Z,A,8,available,False,BFI IMAX A 8
2026-09-23T15:16:29Z,M,15,available,False,BFI IMAX M 15
2026-09-23T15:16:29Z,M,14,available,False,BFI IMAX M 14
2026-09-23T15:16:29Z,M,13,available,False,BFI IMAX M 13
2026-09-23T15:16:29Z,M,12,available,False,BFI IMAX M 12
2026-09-23T15:16:29Z,M,11,available,False,BFI IMAX M 11
2026-09-23T15:16:29Z,M,10,available,False,BFI IMAX M 10
2026-09-23T15:16:29Z,M,9,available,False,BFI IMAX M 9
2026-09-23T15:16:29Z,L,9,available,False,BFI IMAX L 9
2026-09-23T15:16:29Z,L,25,available,False,BFI IMAX L 25
2026-09-23T15:16:29Z,L,24,available,False,BFI IMAX L 24
2026-09-23T15:16:29Z,L,23,available,False,BFI IMAX L 23
2026-09-23T15:16:29Z,L,22,available,False,BFI IMAX L 22
2026-09-23T15:16:29Z,L,21,available,False,BFI IMAX L 21
2026-09-23T15:16:29Z,L,20,available,False,BFI IMAX L 20
2026-09-23T15:16:29Z,L,19,available,False,BFI IMAX L 19
2026-09-23T15:16:29Z,L,18,sold,False,BFI IMAX L 18
2026-09-23T15:16:29Z,L,17,sold,False,BFI IMAX L 17
2026-09-23T15:16:29Z,L,16,available,False,BFI IMAX L 16
2026-09-23T15:16:29Z,L,15,available,False,BFI IMAX L 15
2026-09-23T15:16:29Z,L,14,available,False,BFI IMAX L 14
2026-09-23T15:16:29Z,L,13,available,False,BFI IMAX L 13
2026-09-23T15:16:29Z,L,12,available,False,BFI IMAX L 12
2026-09-23T15:16:29Z,L,11,available,False,BFI IMAX L 11
2026-09-23T15:16:29Z,N,26,unavailable,False,BFI IMAX N 26
2026-09-23T15:16:29Z,N,25,unavailable,False,BFI IMAX N 25
2026-09-23T15:16:29Z,N,24,unavailable,False,BFI IMAX N 24
2026-09-23T15:16:29Z,N,23,unavailable,False,BFI IMAX N 23
2026-09-23T15:16:29Z,N,22,available,False,BFI IMAX N 22
2026-09-23T15:16:29Z,N,21,available,False,BFI IMAX N 21
2026-09-23T15:16:29Z,N,20,available,False,BFI IMAX N 20
2026-09-23T15:16:29Z,N,19,available,False,BFI IMAX N 19
2026-09-23T15:16:29Z,N,18,available,False,BFI IMAX N 18
2026-09-23T15:16:29Z,N,17,available,False,BFI IMAX N 17
2026-09-23T15:16:29Z,N,16,available,False,BFI IMAX N 16
2026-09-23T15:16:29Z,N,15,available,False,BFI IMAX N 15
2026-09-23T15:16:29Z,N,14,available,False,BFI IMAX N 14
2026-09-23T15:16:29Z,N,13,available,False,BFI IMAX N 13
2026-09-23T15:16:29Z,N,12,unavailable,False,BFI IMAX N 12
2026-09-23T15:16:29Z,N,11,unavailable,False,BFI IMAX N 11
2026-09-23T15:16:29Z,N,10,unavailable,False,BFI IMAX N 10
2026-09-23T15:16:29Z,N,9,unavailable,False,BFI IMAX N 9
2026-09-23T15:16:29Z,L,10,available,False,BFI IMAX L 10
2026-09-23T15:16:29Z,M,26,available,False,BFI IMAX M 26
2026-09-23T15:16:29Z,M,25,available,False,BFI IMAX M 25
2026-09-23T15:16:29Z,M,24,available,False,BFI IMAX M 24
2026-09-23T15:16:29Z,M,23,available,False,BFI IMAX M 23
2026-09-23T15:16:29Z,M,22,available,False,BFI IMAX M 22
2026-09-23T15:16:29Z,M,21,available,False,BFI IMAX M 21
2026-09-23T15:16:29Z,M,20,available,False,BFI IMAX M 20
2026-09-23T15:16:29Z,M,19,available,False,BFI IMAX M 19
2026-09-23T15:16:29Z,M,18,available,False,BFI IMAX M 18
2026-09-23T15:16:29Z,M,17,available,False,BFI IMAX M 17
2026-09-23T15:16:29Z,M,16,available,False,BFI IMAX M 16
2026-09-23T15:16:29Z,P,27,available,True,BFI IMAX P 27
2026-09-23T15:16:29Z,P,26,unavailable,False,BFI IMAX P 26
2026-09-23T15:16:29Z,P,6,unavailable,False,BFI IMAX P 6
2026-09-23T15:16:29Z,P,5,available,True,BFI IMAX P 5
2026-09-23T15:16:29Z,P,31,unavailable,False,BFI IMAX P 31
2026-09-23T15:16:29Z,P,30,available,True,BFI IMAX P 30
2026-09-23T15:16:29Z,P,2,available,True,BFI IMAX P 2
2026-09-23T15:16:29Z,P,1,unavailable,False,BFI IMAX P 1
2026-09-23T15:16:29Z,P,21,available,False,BFI IMAX P 21
2026-09-23T15:16:29Z,P,20,available,False,BFI IMAX P 20
2026-09-23T15:16:29Z,P,19,available,False,BFI IMAX P 19
2026-09-23T15:16:29Z,P,18,available,False,BFI IMAX P 18
2026-09-23T15:16:29Z,P,17,available,False,BFI IMAX P 17
2026-09-23T15:16:29Z,P,16,available,False,BFI IMAX P 16
2026-09-23T15:16:29Z,P,15,available,False,BFI IMAX P 15
2026-09-23T15:16:29Z,P,14,available,False,BFI IMAX P 14
2026-09-23T15:16:29Z,P,13,available,False,BFI IMAX P 13
2026-09-23T15:16:29Z,P,12,available,False,BFI IMAX P 12
2026-09-23T15:16:29Z,P,11,available,False,BFI IMAX P 11
2026-09-23T15:16:29Z,P,9,available,False,BFI IMAX P 9
2026-09-23T15:16:29Z,P,8,available,False,BFI IMAX P 8
2026-09-23T15:16:29Z,P,7,available,False,BFI IMAX P 7
2026-09-23T15:16:29Z,P,10,available,False,BFI IMAX P 10
2026-09-23T15:16:29Z,P,25,available,False,BFI IMAX P 25
2026-09-23T15:16:29Z,P,24,available,False,BFI IMAX P 24
2026-09-23T15:16:29Z,P,23,available,False,BFI IMAX P 23
2026-09-23T15:16:29Z,P,22,available,False,BFI IMAX P 22
2026-09-23T15:16:29Z,Q,18,sold,False,BFI IMAX Q 18
2026-09-23T15:16:29Z,Q,17,available,False,BFI IMAX Q 17
2026-09-23T15:16:29Z,Q,16,available,False,BFI IMAX Q 16
2026-09-23T15:16:29Z,Q,15,available,False,BFI IMAX Q 15
2026-09-23T15:16:29Z,Q,14,available,False,BFI IMAX Q 14
2026-09-23T15:16:29Z,Q,13,available,False,BFI IMAX Q 13
2026-09-23T15:16:29Z,Q,12,available,False,BFI IMAX Q 12
2026-09-23T15:16:29Z,Q,11,available,False,BFI IMAX Q 11
2026-09-23T15:16:29Z,Q,10,available,False,BFI IMAX Q 10
2026-09-23T15:16:29Z,Q,9,sold,False,BFI IMAX Q 9
2026-09-23T15:16:29Z,Q,8,available,False,BFI IMAX Q 8
2026-09-23T15:16:29Z,Q,7,available,False,BFI IMAX Q 7
2026-09-23T15:16:29Z,Q,6,available,False,BFI IMAX Q 6
2026-09-23T15:16:29Z,Q,5,available,False,BFI IMAX Q 5
2026-09-23T15:16:29Z,Q,4,available,False,BFI IMAX Q 4
2026-09-23T15:16:29Z,Q,3,available,False,BFI IMAX Q 3
2026-09-23T15:16:29Z,Q,2,available,False,BFI IMAX Q 2
2026-09-23T15:16:29Z,Q,1,available,False,BFI IMAX Q 1
2026-09-23T19:18:49Z,K,27,unavailable,False,BFI IMAX K 27
2026-09-23T19:18:49Z,K,26,unavailable,False,BFI IMAX K 26
2026-09-23T19:18:49Z,P,29,available,True,BFI IMAX P 29
2026-09-23T19:18:49Z,P,28,available,True,BFI IMAX P 28
2026-09-23T19:18:49Z,P,4,available,True,BFI IMAX P 4
2026-09-23T19:18:49Z,P,3,available,True,BFI IMAX P 3
2026-09-23T19:18:49Z,A,7,available,False,BFI IMAX A 7
2026-09-23T19:18:49Z,A,6,available,False,BFI IMAX A 6
2026-09-23T19:18:49Z,A,5,available,False,BFI IMAX A 5
2026-09-23T19:18:49Z,A,4,available,False,BFI IMAX A 4
2026-09-23T19:18:49Z,A,3,available,False,BFI IMAX A 3
2026-09-23T19:18:49Z,A,2,available,False,BFI IMAX A 2
2026-09-23T19:18:49Z,A,1,available,False,BFI IMAX A 1
2026-09-23T19:18:49Z,B,36,available,False,BFI IMAX B 36
2026-09-23T19:18:49Z,B,35,available,False,BFI IMAX B 35
2026-09-23T19:18:49Z,B,34,available,False,BFI IMAX B 34
2026-09-23T19:18:49Z,B,33,available,False,BFI IMAX B 33
2026-09-23T19:18:49Z,B,32,available,False,BFI IMAX B 32
2026-09-23T19:18:49Z,B,31,available,False,BFI IMAX B 31
2026-09-23T19:18:49Z,B,30,available,False,BFI IMAX B 30
2026-09-23T19:18:49Z,B,29,available,False,BFI IMAX B 29
2026-09-23T19:18:49Z,B,28,available,False,BFI IMAX B 28
2026-09-23T19:18:49Z,B,27,available,False,BFI IMAX B 27
2026-09-23T19:18:49Z,B,26,available,False,BFI IMAX B 26
2026-09-23T19:18:49Z,B,25,available,False,BFI IMAX B 25
2026-09-23T19:18:49Z,B,24,available,False,BFI IMAX B 24
2026-09-23T19:18:49Z,B,23,available,False,BFI IMAX B 23
2026-09-23T19:18:49Z,B,22,available,False,BFI IMAX B 22
2026-09-23T19:18:49Z,B,21,available,False,BFI IMAX B 21
2026-09-23T19:18:49Z,B,20,available,False,BFI IMAX B 20
2026-09-23T19:18:49Z,B,19,available,False,BFI IMAX B 19
2026-09-23T19:18:49Z,B,18,available,False,BFI IMAX B 18
2026-09-23T19:18:49Z,B,17,available,False,BFI IMAX B 17
2026-09-23T19:18:49Z,B,16,available,False,BFI IMAX B 16
2026-09-23T19:18:49Z,B,15,available,False,BFI IMAX B 15
2026-09-23T19:18:49Z,B,14,available,False,BFI IMAX B 14
2026-09-23T19:18:49Z,B,13,available,False,BFI IMAX B 13
2026-09-23T19:18:49Z,B,12,available,False,BFI IMAX B 12
2026-09-23T19:18:49Z,B,11,available,False,BFI IMAX B 11
2026-09-23T19:18:49Z,B,10,available,False,BFI IMAX B 10
2026-09-23T19:18:49Z,B,9,available,False,BFI IMAX B 9
2026-09-23T19:18:49Z,B,8,available,False,BFI IMAX B 8
2026-09-23T19:18:49Z,B,7,available,False,BFI IMAX B 7
2026-09-23T19:18:49Z,B,6,available,False,BFI IMAX B 6
2026-09-23T19:18:49Z,B,5,available,False,BFI IMAX B 5
2026-09-23T19:18:49Z,B,4,available,False,BFI IMAX B 4
2026-09-23T19:18:49Z,B,3,available,False,BFI IMAX B 3
2026-09-23T19:18:49Z,B,2,available,False,BFI IMAX B 2
2026-09-23T19:18:49Z,B,1,available,False,BFI IMAX B 1
2026-09-23T19:18:49Z,C,36,available,False,BFI IMAX C 36
2026-09-23T19:18:49Z,C,35,available,False,BFI IMAX C 35
2026-09-23T19:18:49Z,C,34,available,False,BFI IMAX C 34
2026-09-23T19:18:49Z,C,33,available,False,BFI IMAX C 33
2026-09-23T19:18:49Z,C,32,available,False,BFI IMAX C 32
2026-09-23T19:18:49Z,C,31,available,False,BFI IMAX C 31
2026-09-23T19:18:49Z,C,30,available,False,BFI IMAX C 30
2026-09-23T19:18:49Z,C,29,available,False,BFI IMAX C 29
2026-09-23T19:18:49Z,C,28,available,False,BFI IMAX C 28
2026-09-23T19:18:49Z,C,27,available,False,BFI IMAX C 27
2026-09-23T19:18:49Z,C,26,available,False,BFI IMAX C 26
2026-09-23T19:18:49Z,C,25,sold,False,BFI IMAX C 25
2026-09-23T19:18:49Z,C,24,available,False,BFI IMAX C 24
2026-09-23T19:18:49Z,C,23,available,False,BFI IMAX C 23
2026-09-23T19:18:49Z,C,22,available,False,BFI IMAX C 22
2026-09-23T19:18:49Z,C,21,available,False,BFI IMAX C 21
2026-09-23T19:18:49Z,C,20,available,False,BFI IMAX C 20
2026-09-23T19:18:49Z,C,19,available,False,BFI IMAX C 19
2026-09-23T19:18:49Z,C,18,available,False,BFI IMAX C 18
2026-09-23T19:18:49Z,C,17,available,False,BFI IMAX C 17
2026-09-23T19:18:49Z,C,16,available,False,BFI IMAX C 16
2026-09-23T19:18:49Z,C,15,available,False,BFI IMAX C 15
2026-09-23T19:18:49Z,C,14,available,False,BFI IMAX C 14
2026-09-23T19:18:49Z,C,13,available,False,BFI IMAX C 13
2026-09-23T19:18:49Z,C,12,available,False,BFI IMAX C 12
2026-09-23T19:18:49Z,C,11,available,False,BFI IMAX C 11
2026-09-23T19:18:49Z,C,10,available,False,BFI IMAX C 10
2026-09-23T19:18:49Z,C,9,available,False,BFI IMAX C 9
2026-09-23T19:18:49Z,C,8,available,False,BFI IMAX C 8
2026-09-23T19:18:49Z,C,7,available,False,BFI IMAX C 7
2026-09-23T19:18:49Z,C,6,available,False,BFI IMAX C 6
2026-09-23T19:18:49Z,C,5,available,False,BFI IMAX C 5
2026-09-23T19:18:49Z,C,4,available,False,BFI IMAX C 4
2026-09-23T19:18:49Z,C,3,available,False,BFI IMAX C 3
2026-09-23T19:18:49Z,C,2,available,False,BFI IMAX C 2
2026-09-23T19:18:49Z,C,1,available,False,BFI IMAX C 1
2026-09-23T19:18:49Z,D,37,available,False,BFI IMAX D 37
2026-09-23T19:18:49Z,D,36,available,False,BFI IMAX D 36
2026-09-23T19:18:49Z,D,35,available,False,BFI IMAX D 35
2026-09-23T19:18:49Z,D,34,available,False,BFI IMAX D 34
2026-09-23T19:18:49Z,D,33,available,False,BFI IMAX D 33
2026-09-23T19:18:49Z,D,32,available,False,BFI IMAX D 32
2026-09-23T19:18:49Z,D,31,available,False,BFI IMAX D 31
2026-09-23T19:18:49Z,D,30,available,False,BFI IMAX D 30
2026-09-23T19:18:49Z,D,29,available,False,BFI IMAX D 29
2026-09-23T19:18:49Z,D,28,available,False,BFI IMAX D 28
2026-09-23T19:18:49Z,D,27,available,False,BFI IMAX D 27
2026-09-23T19:18:49Z,D,26,available,False,BFI IMAX D 26
2026-09-23T19:18:49Z,D,25,available,False,BFI IMAX D 25
2026-09-23T19:18:49Z,D,24,available,False,BFI IMAX D 24
2026-09-23T19:18:49Z,D,23,available,False,BFI IMAX D 23
2026-09-23T19:18:49Z,D,22,available,False,BFI IMAX D 22
2026-09-23T19:18:49Z,D,21,available,False,BFI IMAX D 21
2026-09-23T19:18:49Z,D,20,available,False,BFI IMAX D 20
2026-09-23T19:18:49Z,D,19,available,False,BFI IMAX D 19
2026-09-23T19:18:49Z,D,18,available,False,BFI IMAX D 18
2026-09-23T19:18:49Z,D,17,available,False,BFI IMAX D 17
2026-09-23T19:18:49Z,D,16,available,False,BFI IMAX D 16
2026-09-23T19:18:49Z,D,15,available,False,BFI IMAX D 15
2026-09-23T19:18:49Z,D,14,available,False,BFI IMAX D 14
2026-09-23T19:18:49Z,D,13,available,False,BFI IMAX D 13
2026-09-23T19:18:49Z,D,12,available,False,BFI IMAX D 12
2026-09-23T19:18:49Z,D,11,available,False,BFI IMAX D 11
2026-09-23T19:18:49Z,D,10,available,False,BFI IMAX D 10
2026-09-23T19:18:49Z,D,9,available,False,BFI IMAX D 9
2026-09-23T19:18:49Z,D,8,available,False,BFI IMAX D 8
2026-09-23T19:18:49Z,D,7,available,False,BFI IMAX D 7
2026-09-23T19:18:49Z,D,6,available,False,BFI IMAX D 6
2026-09-23T19:18:49Z,D,5,available,False,BFI IMAX D 5
2026-09-23T19:18:49Z,D,4,available,False,BFI IMAX D 4
2026-09-23T19:18:49Z,D,3,available,False,BFI IMAX D 3
2026-09-23T19:18:49Z,D,2,available,False,BFI IMAX D 2
2026-09-23T19:18:49Z,D,1,available,False,BFI IMAX D 1
2026-09-23T19:18:49Z,E,37,available,False,BFI IMAX E 37
2026-09-23T19:18:49Z,E,36,available,False,BFI IMAX E 36
2026-09-23T19:18:49Z,E,35,available,False,BFI IMAX E 35
2026-09-23T19:18:49Z,E,34,available,False,BFI IMAX E 34
2026-09-23T19:18:49Z,E,33,available,False,BFI IMAX E 33
2026-09-23T19:18:49Z,E,32,available,False,BFI IMAX E 32
2026-09-23T19:18:49Z,E,31,available,False,BFI IMAX E 31
2026-09-23T19:18:49Z,E,30,available,False,BFI IMAX E 30
2026-09-23T19:18:49Z,E,29,available,False,BFI IMAX E 29
2026-09-23T19:18:49Z,E,28,available,False,BFI IMAX E 28
2026-09-23T19:18:49Z,E,27,available,False,BFI IMAX E 27
2026-09-23T19:18:49Z,E,26,available,False,BFI IMAX E 26
2026-09-23T19:18:49Z,E,25,available,False,BFI IMAX E 25
2026-09-23T19:18:49Z,E,24,available,False,BFI IMAX E 24
2026-09-23T19:18:49Z,E,23,available,False,BFI IMAX E 23
2026-09-23T19:18:49Z,E,22,available,False,BFI IMAX E 22
2026-09-23T19:18:49Z,E,21,available,False,BFI IMAX E 21
2026-09-23T19:18:49Z,E,20,available,False,BFI IMAX E 20
2026-09-23T19:18:49Z,E,19,available,False,BFI IMAX E 19
2026-09-23T19:18:49Z,E,18,available,False,BFI IMAX E 18
2026-09-23T19:18:49Z,E,17,available,False,BFI IMAX E 17
2026-09-23T19:18:49Z,E,16,available,False,BFI IMAX E 16
2026-09-23T19:18:49Z,E,15,available,False,BFI IMAX E 15
2026-09-23T19:18:49Z,E,14,available,False,BFI IMAX E 14
2026-09-23T19:18:49Z,E,13,available,False,BFI IMAX E 13
2026-09-23T19:18:49Z,E,12,available,False,BFI IMAX E 12
2026-09-23T19:18:49Z,E,11,available,False,BFI IMAX E 11
2026-09-23T19:18:49Z,E,10,available,False,BFI IMAX E 10
2026-09-23T19:18:49Z,E,9,available,False,BFI IMAX E 9
2026-09-23T19:18:49Z,E,8,available,False,BFI IMAX E 8
2026-09-23T19:18:49Z,E,7,available,False,BFI IMAX E 7
2026-09-23T19:18:49Z,E,6,available,False,BFI IMAX E 6
2026-09-23T19:18:49Z,E,5,available,False,BFI IMAX E 5
2026-09-23T19:18:49Z,E,4,available,False,BFI IMAX E 4
2026-09-23T19:18:49Z,E,3,available,False,BFI IMAX E 3
2026-09-23T19:18:49Z,E,2,available,False,BFI IMAX E 2
2026-09-23T19:18:49Z,E,1,available,False,BFI IMAX E 1
2026-09-23T19:18:49Z,F,38,available,False,BFI IMAX F 38
2026-09-23T19:18:49Z,F,37,available,False,BFI IMAX F 37
2026-09-23T19:18:49Z,F,36,available,False,BFI IMAX F 36
2026-09-23T19:18:49Z,F,35,available,False,BFI IMAX F 35
2026-09-23T19:18:49Z,F,34,available,False,BFI IMAX F 34
2026-09-23T19:18:49Z,F,33,available,False,BFI IMAX F 33
2026-09-23T19:18:49Z,F,32,available,False,BFI IMAX F 32
2026-09-23T19:18:49Z,F,31,available,False,BFI IMAX F 31
2026-09-23T19:18:49Z,F,30,available,False,BFI IMAX F 30
2026-09-23T19:18:49Z,F,29,available,False,BFI IMAX F 29
2026-09-23T19:18:49Z,F,28,available,False,BFI IMAX F 28
2026-09-23T19:18:49Z,F,27,available,False,BFI IMAX F 27
2026-09-23T19:18:49Z,F,26,available,False,BFI IMAX F 26
2026-09-23T19:18:49Z,F,25,available,False,BFI IMAX F 25
2026-09-23T19:18:49Z,F,24,available,False,BFI IMAX F 24
2026-09-23T19:18:49Z,F,23,available,False,BFI IMAX F 23
2026-09-23T19:18:49Z,F,22,available,False,BFI IMAX F 22
2026-09-23T19:18:49Z,F,21,available,False,BFI IMAX F 21
2026-09-23T19:18:49Z,F,20,available,False,BFI IMAX F 20
2026-09-23T19:18:49Z,F,19,available,False,BFI IMAX F 19
2026-09-23T19:18:49Z,F,18,available,False,BFI IMAX F 18
2026-09-23T19:18:49Z,F,17,available,False,BFI IMAX F 17
2026-09-23T19:18:49Z,F,16,available,False,BFI IMAX F 16
2026-09-23T19:18:49Z,F,15,available,False,BFI IMAX F 15
2026-09-23T19:18:49Z,F,14,available,False,BFI IMAX F 14
2026-09-23T19:18:49Z,F,13,available,False,BFI IMAX F 13
2026-09-23T19:18:49Z,F,12,available,False,BFI IMAX F 12
2026-09-23T19:18:49Z,F,11,available,False,BFI IMAX F 11
2026-09-23T19:18:49Z,F,10,available,False,BFI IMAX F 10
2026-09-23T19:18:49Z,F,9,available,False,BFI IMAX F 9
2026-09-23T19:18:49Z,F,8,available,False,BFI IMAX F 8
2026-09-23T19:18:49Z,F,7,available,False,BFI IMAX F 7
2026-09-23T19:18:49Z,F,6,available,False,BFI IMAX F 6
2026-09-23T19:18:49Z,F,5,available,False,BFI IMAX F 5
2026-09-23T19:18:49Z,F,4,available,False,BFI IMAX F 4
2026-09-23T19:18:49Z,F,3,available,False,BFI IMAX F 3
2026-09-23T19:18:49Z,F,2,available,False,BFI IMAX F 2
2026-09-23T19:18:49Z,F,1,available,False,BFI IMAX F 1
2026-09-23T19:18:49Z,G,37,available,False,BFI IMAX G 37
2026-09-23T19:18:49Z,G,36,available,False,BFI IMAX G 36
2026-09-23T19:18:49Z,G,35,available,False,BFI IMAX G 35
2026-09-23T19:18:49Z,G,34,available,False,BFI IMAX G 34
2026-09-23T19:18:49Z,G,33,available,False,BFI IMAX G 33
2026-09-23T19:18:49Z,G,32,available,False,BFI IMAX G 32
2026-09-23T19:18:49Z,G,31,available,False,BFI IMAX G 31
2026-09-23T19:18:49Z,G,30,available,False,BFI IMAX G 30
2026-09-23T19:18:49Z,G,29,available,False,BFI IMAX G 29
2026-09-23T19:18:49Z,G,28,available,False,BFI IMAX G 28
2026-09-23T19:18:49Z,G,27,available,False,BFI IMAX G 27
2026-09-23T19:18:49Z,G,26,available,False,BFI IMAX G 26
2026-09-23T19:18:49Z,G,25,available,False,BFI IMAX G 25
2026-09-23T19:18:49Z,G,24,available,False,BFI IMAX G 24
2026-09-23T19:18:49Z,G,23,available,False,BFI IMAX G 23
2026-09-23T19:18:49Z,G,22,available,False,BFI IMAX G 22
2026-09-23T19:18:49Z,G,21,available,False,BFI IMAX G 21
2026-09-23T19:18:49Z,G,20,available,False,BFI IMAX G 20
2026-09-23T19:18:49Z,G,19,available,False,BFI IMAX G 19
2026-09-23T19:18:49Z,G,18,available,False,BFI IMAX G 18
2026-09-23T19:18:49Z,G,17,available,False,BFI IMAX G 17
2026-09-23T19:18:49Z,G,16,available,False,BFI IMAX G 16
2026-09-23T19:18:49Z,G,15,available,False,BFI IMAX G 15
2026-09-23T19:18:49Z,G,14,available,False,BFI IMAX G 14
2026-09-23T19:18:49Z,G,13,available,False,BFI IMAX G 13
2026-09-23T19:18:49Z,G,12,available,False,BFI IMAX G 12
2026-09-23T19:18:49Z,G,11,available,False,BFI IMAX G 11
2026-09-23T19:18:49Z,G,10,available,False,BFI IMAX G 10
2026-09-23T19:18:49Z,G,9,available,False,BFI IMAX G 9
2026-09-23T19:18:49Z,G,8,available,False,BFI IMAX G 8
2026-09-23T19:18:49Z,G,7,available,False,BFI IMAX G 7
2026-09-23T19:18:49Z,G,6,available,False,BFI IMAX G 6
2026-09-23T19:18:49Z,G,5,available,False,BFI IMAX G 5
2026-09-23T19:18:49Z,G,4,available,False,BFI IMAX G 4
2026-09-23T19:18:49Z,G,3,available,False,BFI IMAX G 3
2026-09-23T19:18:49Z,G,2,available,False,BFI IMAX G 2
2026-09-23T19:18:49Z,G,1,available,False,BFI IMAX G 1
2026-09-23T19:18:49Z,H,37,available,False,BFI IMAX H 37
2026-09-23T19:18:49Z,H,36,available,False,BFI IMAX H 36
2026-09-23T19:18:49Z,H,35,available,False,BFI IMAX H 35
2026-09-23T19:18:49Z,H,34,available,False,BFI IMAX H 34
2026-09-23T19:18:49Z,H,33,available,False,BFI IMAX H 33
2026-09-23T19:18:49Z,H,32,available,False,BFI IMAX H 32
2026-09-23T19:18:49Z,H,31,available,False,BFI IMAX H 31
2026-09-23T19:18:49Z,H,30,available,False,BFI IMAX H 30
2026-09-23T19:18:49Z,H,29,available,False,BFI IMAX H 29
2026-09-23T19:18:49Z,H,28,available,False,BFI IMAX H 28
2026-09-23T19:18:49Z,H,27,available,False,BFI IMAX H 27
2026-09-23T19:18:49Z,H,26,available,False,BFI IMAX H 26
2026-09-23T19:18:49Z,H,25,available,False,BFI IMAX H 25
2026-09-23T19:18:49Z,H,24,available,False,BFI IMAX H 24
2026-09-23T19:18:49Z,H,23,available,False,BFI IMAX H 23
2026-09-23T19:18:49Z,H,22,available,False,BFI IMAX H 22
2026-09-23T19:18:49Z,H,21,available,False,BFI IMAX H 21
2026-09-23T19:18:49Z,H,20,available,False,BFI IMAX H 20
2026-09-23T19:18:49Z,H,19,available,False,BFI IMAX H 19
2026-09-23T19:18:49Z,H,18,available,False,BFI IMAX H 18
2026-09-23T19:18:49Z,H,17,available,False,BFI IMAX H 17
2026-09-23T19:18:49Z,H,16,available,False,BFI IMAX H 16
2026-09-23T19:18:49Z,H,15,available,False,BFI IMAX H 15
2026-09-23T19:18:49Z,H,14,available,False,BFI IMAX H 14
2026-09-23T19:18:49Z,H,13,available,False,BFI IMAX H 13
2026-09-23T19:18:49Z,H,12,available,False,BFI IMAX H 12
2026-09-23T19:18:49Z,H,11,available,False,BFI IMAX H 11
2026-09-23T19:18:49Z,H,10,available,False,BFI IMAX H 10
2026-09-23T19:18:49Z,H,9,available,False,BFI IMAX H 9
2026-09-23T19:18:49Z,H,8,available,False,BFI IMAX H 8
2026-09-23T19:18:49Z,H,7,available,False,BFI IMAX H 7
2026-09-23T19:18:49Z,H,6,available,False,BFI IMAX H 6
2026-09-23T19:18:49Z,H,5,available,False,BFI IMAX H 5
2026-09-23T19:18:49Z,H,4,available,False,BFI IMAX H 4
2026-09-23T19:18:49Z,H,3,available,False,BFI IMAX H 3
2026-09-23T19:18:49Z,H,2,available,False,BFI IMAX H 2
2026-09-23T19:18:49Z,H,1,available,False,BFI IMAX H 1
2026-09-23T19:18:49Z,J,36,available,False,BFI IMAX J 36
2026-09-23T19:18:49Z,J,35,available,False,BFI IMAX J 35
2026-09-23T19:18:49Z,J,34,available,False,BFI IMAX J 34
2026-09-23T19:18:49Z,J,33,available,False,BFI IMAX J 33
2026-09-23T19:18:49Z,J,32,available,False,BFI IMAX J 32
2026-09-23T19:18:49Z,J,31,available,False,BFI IMAX J 31
2026-09-23T19:18:49Z,J,30,available,False,BFI IMAX J 30
2026-09-23T19:18:49Z,J,29,available,False,BFI IMAX J 29
2026-09-23T19:18:49Z,J,28,available,False,BFI IMAX J 28
2026-09-23T19:18:49Z,J,27,available,False,BFI IMAX J 27
2026-09-23T19:18:49Z,J,26,available,False,BFI IMAX J 26
2026-09-23T19:18:49Z,J,25,available,False,BFI IMAX J 25
2026-09-23T19:18:49Z,J,24,available,False,BFI IMAX J 24
2026-09-23T19:18:49Z,J,23,available,False,BFI IMAX J 23
2026-09-23T19:18:49Z,J,22,available,False,BFI IMAX J 22
2026-09-23T19:18:49Z,J,21,available,False,BFI IMAX J 21
2026-09-23T19:18:49Z,J,20,available,False,BFI IMAX J 20
2026-09-23T19:18:49Z,J,19,available,False,BFI IMAX J 19
2026-09-23T19:18:49Z,J,18,available,False,BFI IMAX J 18
2026-09-23T19:18:49Z,J,17,available,False,BFI IMAX J 17
2026-09-23T19:18:49Z,J,16,available,False,BFI IMAX J 16
2026-09-23T19:18:49Z,J,15,available,False,BFI IMAX J 15
2026-09-23T19:18:49Z,J,14,available,False,BFI IMAX J 14
2026-09-23T19:18:49Z,J,13,available,False,BFI IMAX J 13
2026-09-23T19:18:49Z,J,12,available,False,BFI IMAX J 12
2026-09-23T19:18:49Z,J,11,available,False,BFI IMAX J 11
2026-09-23T19:18:49Z,J,10,available,False,BFI IMAX J 10
2026-09-23T19:18:49Z,J,9,available,False,BFI IMAX J 9
2026-09-23T19:18:49Z,J,8,available,False,BFI IMAX J 8
2026-09-23T19:18:49Z,J,7,available,False,BFI IMAX J 7
2026-09-23T19:18:49Z,J,6,available,False,BFI IMAX J 6
2026-09-23T19:18:49Z,J,5,available,False,BFI IMAX J 5
2026-09-23T19:18:49Z,J,4,available,False,BFI IMAX J 4
2026-09-23T19:18:49Z,J,3,available,False,BFI IMAX J 3
2026-09-23T19:18:49Z,J,2,available,False,BFI IMAX J 2
2026-09-23T19:18:49Z,J,1,available,False,BFI IMAX J 1
2026-09-23T19:18:49Z,K,36,available,False,BFI IMAX K 36
2026-09-23T19:18:49Z,K,35,available,False,BFI IMAX K 35
2026-09-23T19:18:49Z,K,34,available,False,BFI IMAX K 34
2026-09-23T19:18:49Z,K,33,available,False,BFI IMAX K 33
2026-09-23T19:18:49Z,K,32,available,False,BFI IMAX K 32
2026-09-23T19:18:49Z,K,31,available,False,BFI IMAX K 31
2026-09-23T19:18:49Z,K,30,available,False,BFI IMAX K 30
2026-09-23T19:18:49Z,K,29,available,False,BFI IMAX K 29
2026-09-23T19:18:49Z,K,28,available,False,BFI IMAX K 28
2026-09-23T19:18:49Z,A,13,available,False,BFI IMAX A 13
2026-09-23T19:18:49Z,A,12,available,False,BFI IMAX A 12
2026-09-23T19:18:49Z,K,25,available,False,BFI IMAX K 25
2026-09-23T19:18:49Z,K,24,available,False,BFI IMAX K 24
2026-09-23T19:18:49Z,K,23,available,False,BFI IMAX K 23
2026-09-23T19:18:49Z,K,22,available,False,BFI IMAX K 22
2026-09-23T19:18:49Z,K,21,available,False,BFI IMAX K 21
2026-09-23T19:18:49Z,K,20,available,False,BFI IMAX K 20
2026-09-23T19:18:49Z,K,19,sold,False,BFI IMAX K 19
2026-09-23T19:18:49Z,K,18,available,False,BFI IMAX K 18
2026-09-23T19:18:49Z,K,17,available,False,BFI IMAX K 17
2026-09-23T19:18:49Z,K,16,available,False,BFI IMAX K 16
2026-09-23T19:18:49Z,K,15,available,False,BFI IMAX K 15
2026-09-23T19:18:49Z,K,14,available,False,BFI IMAX K 14
2026-09-23T19:18:49Z,K,13,available,False,BFI IMAX K 13
2026-09-23T19:18:49Z,K,12,available,False,BFI IMAX K 12
2026-09-23T19:18:49Z,K,11,available,False,BFI IMAX K 11
2026-09-23T19:18:49Z,K,10,available,False,BFI IMAX K 10
2026-09-23T19:18:49Z,K,9,available,False,BFI IMAX K 9
2026-09-23T19:18:49Z,K,8,available,False,BFI IMAX K 8
2026-09-23T19:18:49Z,K,7,available,False,BFI IMAX K 7
2026-09-23T19:18:49Z,K,6,available,False,BFI IMAX K 6
2026-09-23T19:18:49Z,K,5,available,False,BFI IMAX K 5
2026-09-23T19:18:49Z,K,4,available,False,BFI IMAX K 4
2026-09-23T19:18:49Z,K,3,available,False,BFI IMAX K 3
2026-09-23T19:18:49Z,K,2,available,False,BFI IMAX K 2
2026-09-23T19:18:49Z,K,1,available,False,BFI IMAX K 1
2026-09-23T19:18:49Z,L,33,available,False,BFI IMAX L 33
2026-09-23T19:18:49Z,L,32,available,False,BFI IMAX L 32
2026-09-23T19:18:49Z,L,31,available,False,BFI IMAX L 31
2026-09-23T19:18:49Z,L,30,available,False,BFI IMAX L 30
2026-09-23T19:18:49Z,L,29,available,False,BFI IMAX L 29
2026-09-23T19:18:49Z,L,28,available,False,BFI IMAX L 28
2026-09-23T19:18:49Z,L,27,available,False,BFI IMAX L 27
2026-09-23T19:18:49Z,L,26,available,False,BFI IMAX L 26
2026-09-23T19:18:49Z,L,8,available,False,BFI IMAX L 8
2026-09-23T19:18:49Z,L,7,available,False,BFI IMAX L 7
2026-09-23T19:18:49Z,L,6,available,False,BFI IMAX L 6
2026-09-23T19:18:49Z,L,5,available,False,BFI IMAX L 5
2026-09-23T19:18:49Z,L,4,available,False,BFI IMAX L 4
2026-09-23T19:18:49Z,L,3,available,False,BFI IMAX L 3
2026-09-23T19:18:49Z,L,2,available,False,BFI IMAX L 2
2026-09-23T19:18:49Z,L,1,available,False,BFI IMAX L 1
2026-09-23T19:18:49Z,M,34,available,False,BFI IMAX M 34
2026-09-23T19:18:49Z,M,33,available,False,BFI IMAX M 33
2026-09-23T19:18:49Z,M,32,available,False,BFI IMAX M 32
2026-09-23T19:18:49Z,M,31,available,False,BFI IMAX M 31
2026-09-23T19:18:49Z,M,30,available,False,BFI IMAX M 30
2026-09-23T19:18:49Z,M,29,available,False,BFI IMAX M 29
2026-09-23T19:18:49Z,M,28,available,False,BFI IMAX M 28
2026-09-23T19:18:49Z,M,27,sold,False,BFI IMAX M 27
2026-09-23T19:18:49Z,M,8,available,False,BFI IMAX M 8
2026-09-23T19:18:49Z,M,7,available,False,BFI IMAX M 7
2026-09-23T19:18:49Z,M,6,available,False,BFI IMAX M 6
2026-09-23T19:18:49Z,M,5,available,False,BFI IMAX M 5
2026-09-23T19:18:49Z,M,4,available,False,BFI IMAX M 4
2026-09-23T19:18:49Z,M,3,available,False,BFI IMAX M 3
2026-09-23T19:18:49Z,M,2,available,False,BFI IMAX M 2
2026-09-23T19:18:49Z,M,1,available,False,BFI IMAX M 1
2026-09-23T19:18:49Z,N,34,unavailable,False,BFI IMAX N 34
2026-09-23T19:18:49Z,N,33,unavailable,False,BFI IMAX N 33
2026-09-23T19:18:49Z,N,32,unavailable,False,BFI IMAX N 32
2026-09-23T19:18:49Z,N,31,unavailable,False,BFI IMAX N 31
2026-09-23T19:18:49Z,N,30,unavailable,False,BFI IMAX N 30
2026-09-23T19:18:49Z,N,29,unavailable,False,BFI IMAX N 29
2026-09-23T19:18:49Z,N,28,unavailable,False,BFI IMAX N 28
2026-09-23T19:18:49Z,N,27,unavailable,False,BFI IMAX N 27
2026-09-23T19:18:49Z,N,8,available,False,BFI IMAX N 8
2026-09-23T19:18:49Z,N,7,available,False,BFI IMAX N 7
2026-09-23T19:18:49Z,N,6,available,False,BFI IMAX N 6
2026-09-23T19:18:49Z,N,5,available,False,BFI IMAX N 5
2026-09-23T19:18:49Z,N,4,available,False,BFI IMAX N 4
2026-09-23T19:18:49Z,N,3,available,False,BFI IMAX N 3
2026-09-23T19:18:49Z,N,2,available,False,BFI IMAX N 2
2026-09-23T19:18:49Z,N,1,available,False,BFI IMAX N 1
2026-09-23T19:18:49Z,A,11,available,False,BFI IMAX A 11
2026-09-23T19:18:49Z,A,10,available,False,BFI IMAX A 10
2026-09-23T19:18:49Z,A,9,available,False,BFI IMAX A 9
2026-09-23T19:18:49Z,A,8,available,False,BFI IMAX A 8
2026-09-23T19:18:49Z,M,15,available,False,BFI IMAX M 15
2026-09-23T19:18:49Z,M,14,available,False,BFI IMAX M 14
2026-09-23T19:18:49Z,M,13,available,False,BFI IMAX M 13
2026-09-23T19:18:49Z,M,12,available,False,BFI IMAX M 12
2026-09-23T19:18:49Z,M,11,available,False,BFI IMAX M 11
2026-09-23T19:18:49Z,M,10,available,False,BFI IMAX M 10
2026-09-23T19:18:49Z,M,9,available,False,BFI IMAX M 9
2026-09-23T19:18:49Z,L,9,available,False,BFI IMAX L 9
2026-09-23T19:18:49Z,L,25,available,False,BFI IMAX L 25
2026-09-23T19:18:49Z,L,24,available,False,BFI IMAX L 24
2026-09-23T19:18:49Z,L,23,available,False,BFI IMAX L 23
2026-09-23T19:18:49Z,L,22,available,False,BFI IMAX L 22
2026-09-23T19:18:49Z,L,21,available,False,BFI IMAX L 21
2026-09-23T19:18:49Z,L,20,available,False,BFI IMAX L 20
2026-09-23T19:18:49Z,L,19,available,False,BFI IMAX L 19
2026-09-23T19:18:49Z,L,18,sold,False,BFI IMAX L 18
2026-09-23T19:18:49Z,L,17,sold,False,BFI IMAX L 17
2026-09-23T19:18:49Z,L,16,available,False,BFI IMAX L 16
2026-09-23T19:18:49Z,L,15,available,False,BFI IMAX L 15
2026-09-23T19:18:49Z,L,14,available,False,BFI IMAX L 14
2026-09-23T19:18:49Z,L,13,available,False,BFI IMAX L 13
2026-09-23T19:18:49Z,L,12,available,False,BFI IMAX L 12
2026-09-23T19:18:49Z,L,11,available,False,BFI IMAX L 11
2026-09-23T19:18:49Z,N,26,unavailable,False,BFI IMAX N 26
2026-09-23T19:18:49Z,N,25,unavailable,False,BFI IMAX N 25
2026-09-23T19:18:49Z,N,24,unavailable,False,BFI IMAX N 24
2026-09-23T19:18:49Z,N,23,unavailable,False,BFI IMAX N 23
2026-09-23T19:18:49Z,N,22,available,False,BFI IMAX N 22
2026-09-23T19:18:49Z,N,21,available,False,BFI IMAX N 21
2026-09-23T19:18:49Z,N,20,available,False,BFI IMAX N 20
2026-09-23T19:18:49Z,N,19,available,False,BFI IMAX N 19
2026-09-23T19:18:49Z,N,18,available,False,BFI IMAX N 18
2026-09-23T19:18:49Z,N,17,available,False,BFI IMAX N 17
2026-09-23T19:18:49Z,N,16,available,False,BFI IMAX N 16
2026-09-23T19:18:49Z,N,15,available,False,BFI IMAX N 15
2026-09-23T19:18:49Z,N,14,available,False,BFI IMAX N 14
2026-09-23T19:18:49Z,N,13,available,False,BFI IMAX N 13
2026-09-23T19:18:49Z,N,12,unavailable,False,BFI IMAX N 12
2026-09-23T19:18:49Z,N,11,unavailable,False,BFI IMAX N 11
2026-09-23T19:18:49Z,N,10,unavailable,False,BFI IMAX N 10
2026-09-23T19:18:49Z,N,9,unavailable,False,BFI IMAX N 9
2026-09-23T19:18:49Z,L,10,available,False,BFI IMAX L 10
2026-09-23T19:18:49Z,M,26,available,False,BFI IMAX M 26
2026-09-23T19:18:49Z,M,25,available,False,BFI IMAX M 25
2026-09-23T19:18:49Z,M,24,available,False,BFI IMAX M 24
2026-09-23T19:18:49Z,M,23,available,False,BFI IMAX M 23
2026-09-23T19:18:49Z,M,22,available,False,BFI IMAX M 22
2026-09-23T19:18:49Z,M,21,available,False,BFI IMAX M 21
2026-09-23T19:18:49Z,M,20,available,False,BFI IMAX M 20
2026-09-23T19:18:49Z,M,19,available,False,BFI IMAX M 19
2026-09-23T19:18:49Z,M,18,available,False,BFI IMAX M 18
2026-09-23T19:18:49Z,M,17,available,False,BFI IMAX M 17
2026-09-23T19:18:49Z,M,16,available,False,BFI IMAX M 16
2026-09-23T19:18:49Z,P,27,available,True,BFI IMAX P 27
2026-09-23T19:18:49Z,P,26,unavailable,False,BFI IMAX P 26
2026-09-23T19:18:49Z,P,6,unavailable,False,BFI IMAX P 6
2026-09-23T19:18:49Z,P,5,available,True,BFI IMAX P 5
2026-09-23T19:18:49Z,P,31,unavailable,False,BFI IMAX P 31
2026-09-23T19:18:49Z,P,30,available,True,BFI IMAX P 30
2026-09-23T19:18:49Z,P,2,available,True,BFI IMAX P 2
2026-09-23T19:18:49Z,P,1,unavailable,False,BFI IMAX P 1
2026-09-23T19:18:49Z,P,21,available,False,BFI IMAX P 21
2026-09-23T19:18:49Z,P,20,available,False,BFI IMAX P 20
2026-09-23T19:18:49Z,P,19,available,False,BFI IMAX P 19
2026-09-23T19:18:49Z,P,18,available,False,BFI IMAX P 18
2026-09-23T19:18:49Z,P,17,available,False,BFI IMAX P 17
2026-09-23T19:18:49Z,P,16,available,False,BFI IMAX P 16
2026-09-23T19:18:49Z,P,15,available,False,BFI IMAX P 15
2026-09-23T19:18:49Z,P,14,available,False,BFI IMAX P 14
2026-09-23T19:18:49Z,P,13,available,False,BFI IMAX P 13
2026-09-23T19:18:49Z,P,12,available,False,BFI IMAX P 12
2026-09-23T19:18:49Z,P,11,available,False,BFI IMAX P 11
2026-09-23T19:18:49Z,P,9,available,False,BFI IMAX P 9
2026-09-23T19:18:49Z,P,8,available,False,BFI IMAX P 8
2026-09-23T19:18:49Z,P,7,available,False,BFI IMAX P 7
2026-09-23T19:18:49Z,P,10,available,False,BFI IMAX P 10
2026-09-23T19:18:49Z,P,25,available,False,BFI IMAX P 25
2026-09-23T19:18:49Z,P,24,available,False,BFI IMAX P 24
2026-09-23T19:18:49Z,P,23,available,False,BFI IMAX P 23
2026-09-23T19:18:49Z,P,22,available,False,BFI IMAX P 22
2026-09-23T19:18:49Z,Q,18,sold,False,BFI IMAX Q 18
2026-09-23T19:18:49Z,Q,17,available,False,BFI IMAX Q 17
2026-09-23T19:18:49Z,Q,16,available,False,BFI IMAX Q 16
2026-09-23T19:18:49Z,Q,15,available,False,BFI IMAX Q 15
2026-09-23T19:18:49Z,Q,14,available,False,BFI IMAX Q 14
2026-09-23T19:18:49Z,Q,13,available,False,BFI IMAX Q 13
2026-09-23T19:18:49Z,Q,12,available,False,BFI IMAX Q 12
2026-09-23T19:18:49Z,Q,11,available,False,BFI IMAX Q 11
2026-09-23T19:18:49Z,Q,10,available,False,BFI IMAX Q 10
2026-09-23T19:18:49Z,Q,9,sold,False,BFI IMAX Q 9
2026-09-23T19:18:49Z,Q,8,available,False,BFI IMAX Q 8
2026-09-23T19:18:49Z,Q,7,available,False,BFI IMAX Q 7
2026-09-23T19:18:49Z,Q,6,available,False,BFI IMAX Q 6
2026-09-23T19:18:49Z,Q,5,available,False,BFI IMAX Q 5
2026-09-23T19:18:49Z,Q,4,available,False,BFI IMAX Q 4
2026-09-23T19:18:49Z,Q,3,available,False,BFI IMAX Q 3
2026-09-23T19:18:49Z,Q,2,available,False,BFI IMAX Q 2
2026-09-23T19:18:49Z,Q,1,available,False,BFI IMAX Q 1
2026-09-23T22:34:12Z,K,27,unavailable,False,BFI IMAX K 27
2026-09-23T22:34:12Z,K,26,unavailable,False,BFI IMAX K 26
2026-09-23T22:34:12Z,P,29,available,True,BFI IMAX P 29
2026-09-23T22:34:12Z,P,28,available,True,BFI IMAX P 28
2026-09-23T22:34:12Z,P,4,available,True,BFI IMAX P 4
2026-09-23T22:34:12Z,P,3,available,True,BFI IMAX P 3
2026-09-23T22:34:12Z,A,7,available,False,BFI IMAX A 7
2026-09-23T22:34:12Z,A,6,available,False,BFI IMAX A 6
2026-09-23T22:34:12Z,A,5,available,False,BFI IMAX A 5
2026-09-23T22:34:12Z,A,4,available,False,BFI IMAX A 4
2026-09-23T22:34:12Z,A,3,available,False,BFI IMAX A 3
2026-09-23T22:34:12Z,A,2,available,False,BFI IMAX A 2
2026-09-23T22:34:12Z,A,1,available,False,BFI IMAX A 1
2026-09-23T22:34:12Z,B,36,available,False,BFI IMAX B 36
2026-09-23T22:34:12Z,B,35,available,False,BFI IMAX B 35
2026-09-23T22:34:12Z,B,34,available,False,BFI IMAX B 34
2026-09-23T22:34:12Z,B,33,available,False,BFI IMAX B 33
2026-09-23T22:34:12Z,B,32,available,False,BFI IMAX B 32
2026-09-23T22:34:12Z,B,31,available,False,BFI IMAX B 31
2026-09-23T22:34:12Z,B,30,available,False,BFI IMAX B 30
2026-09-23T22:34:12Z,B,29,available,False,BFI IMAX B 29
2026-09-23T22:34:12Z,B,28,available,False,BFI IMAX B 28
2026-09-23T22:34:12Z,B,27,available,False,BFI IMAX B 27
2026-09-23T22:34:12Z,B,26,available,False,BFI IMAX B 26
2026-09-23T22:34:12Z,B,25,available,False,BFI IMAX B 25
2026-09-23T22:34:12Z,B,24,available,False,BFI IMAX B 24
2026-09-23T22:34:12Z,B,23,available,False,BFI IMAX B 23
2026-09-23T22:34:12Z,B,22,available,False,BFI IMAX B 22
2026-09-23T22:34:12Z,B,21,available,False,BFI IMAX B 21
2026-09-23T22:34:12Z,B,20,available,False,BFI IMAX B 20
2026-09-23T22:34:12Z,B,19,available,False,BFI IMAX B 19
2026-09-23T22:34:12Z,B,18,available,False,BFI IMAX B 18
2026-09-23T22:34:12Z,B,17,available,False,BFI IMAX B 17
2026-09-23T22:34:12Z,B,16,available,False,BFI IMAX B 16
2026-09-23T22:34:12Z,B,15,available,False,BFI IMAX B 15
2026-09-23T22:34:12Z,B,14,available,False,BFI IMAX B 14
2026-09-23T22:34:12Z,B,13,available,False,BFI IMAX B 13
2026-09-23T22:34:12Z,B,12,available,False,BFI IMAX B 12
2026-09-23T22:34:12Z,B,11,available,False,BFI IMAX B 11
2026-09-23T22:34:12Z,B,10,available,False,BFI IMAX B 10
2026-09-23T22:34:12Z,B,9,available,False,BFI IMAX B 9
2026-09-23T22:34:12Z,B,8,available,False,BFI IMAX B 8
2026-09-23T22:34:12Z,B,7,available,False,BFI IMAX B 7
2026-09-23T22:34:12Z,B,6,available,False,BFI IMAX B 6
2026-09-23T22:34:12Z,B,5,available,False,BFI IMAX B 5
2026-09-23T22:34:12Z,B,4,available,False,BFI IMAX B 4
2026-09-23T22:34:12Z,B,3,available,False,BFI IMAX B 3
2026-09-23T22:34:12Z,B,2,available,False,BFI IMAX B 2
2026-09-23T22:34:12Z,B,1,available,False,BFI IMAX B 1
2026-09-23T22:34:12Z,C,36,available,False,BFI IMAX C 36
2026-09-23T22:34:12Z,C,35,available,False,BFI IMAX C 35
2026-09-23T22:34:12Z,C,34,available,False,BFI IMAX C 34
2026-09-23T22:34:12Z,C,33,available,False,BFI IMAX C 33
2026-09-23T22:34:12Z,C,32,available,False,BFI IMAX C 32
2026-09-23T22:34:12Z,C,31,available,False,BFI IMAX C 31
2026-09-23T22:34:12Z,C,30,available,False,BFI IMAX C 30
2026-09-23T22:34:12Z,C,29,available,False,BFI IMAX C 29
2026-09-23T22:34:12Z,C,28,available,False,BFI IMAX C 28
2026-09-23T22:34:12Z,C,27,available,False,BFI IMAX C 27
2026-09-23T22:34:12Z,C,26,available,False,BFI IMAX C 26
2026-09-23T22:34:12Z,C,25,sold,False,BFI IMAX C 25
2026-09-23T22:34:12Z,C,24,available,False,BFI IMAX C 24
2026-09-23T22:34:12Z,C,23,available,False,BFI IMAX C 23
2026-09-23T22:34:12Z,C,22,available,False,BFI IMAX C 22
2026-09-23T22:34:12Z,C,21,available,False,BFI IMAX C 21
2026-09-23T22:34:12Z,C,20,available,False,BFI IMAX C 20
2026-09-23T22:34:12Z,C,19,available,False,BFI IMAX C 19
2026-09-23T22:34:12Z,C,18,available,False,BFI IMAX C 18
2026-09-23T22:34:12Z,C,17,available,False,BFI IMAX C 17
2026-09-23T22:34:12Z,C,16,available,False,BFI IMAX C 16
2026-09-23T22:34:12Z,C,15,available,False,BFI IMAX C 15
2026-09-23T22:34:12Z,C,14,available,False,BFI IMAX C 14
2026-09-23T22:34:12Z,C,13,available,False,BFI IMAX C 13
2026-09-23T22:34:12Z,C,12,available,False,BFI IMAX C 12
2026-09-23T22:34:12Z,C,11,available,False,BFI IMAX C 11
2026-09-23T22:34:12Z,C,10,available,False,BFI IMAX C 10
2026-09-23T22:34:12Z,C,9,available,False,BFI IMAX C 9
2026-09-23T22:34:12Z,C,8,available,False,BFI IMAX C 8
2026-09-23T22:34:12Z,C,7,available,False,BFI IMAX C 7
2026-09-23T22:34:12Z,C,6,available,False,BFI IMAX C 6
2026-09-23T22:34:12Z,C,5,available,False,BFI IMAX C 5
2026-09-23T22:34:12Z,C,4,available,False,BFI IMAX C 4
2026-09-23T22:34:12Z,C,3,available,False,BFI IMAX C 3
2026-09-23T22:34:12Z,C,2,available,False,BFI IMAX C 2
2026-09-23T22:34:12Z,C,1,available,False,BFI IMAX C 1
2026-09-23T22:34:12Z,D,37,available,False,BFI IMAX D 37
2026-09-23T22:34:12Z,D,36,available,False,BFI IMAX D 36
2026-09-23T22:34:12Z,D,35,available,False,BFI IMAX D 35
2026-09-23T22:34:12Z,D,34,available,False,BFI IMAX D 34
2026-09-23T22:34:12Z,D,33,available,False,BFI IMAX D 33
2026-09-23T22:34:12Z,D,32,available,False,BFI IMAX D 32
2026-09-23T22:34:12Z,D,31,available,False,BFI IMAX D 31
2026-09-23T22:34:12Z,D,30,available,False,BFI IMAX D 30
2026-09-23T22:34:12Z,D,29,available,False,BFI IMAX D 29
2026-09-23T22:34:12Z,D,28,available,False,BFI IMAX D 28
2026-09-23T22:34:12Z,D,27,available,False,BFI IMAX D 27
2026-09-23T22:34:12Z,D,26,available,False,BFI IMAX D 26
2026-09-23T22:34:12Z,D,25,available,False,BFI IMAX D 25
2026-09-23T22:34:12Z,D,24,available,False,BFI IMAX D 24
2026-09-23T22:34:12Z,D,23,available,False,BFI IMAX D 23
2026-09-23T22:34:12Z,D,22,available,False,BFI IMAX D 22
2026-09-23T22:34:12Z,D,21,available,False,BFI IMAX D 21
2026-09-23T22:34:12Z,D,20,available,False,BFI IMAX D 20
2026-09-23T22:34:12Z,D,19,available,False,BFI IMAX D 19
2026-09-23T22:34:12Z,D,18,available,False,BFI IMAX D 18
2026-09-23T22:34:12Z,D,17,available,False,BFI IMAX D 17
2026-09-23T22:34:12Z,D,16,available,False,BFI IMAX D 16
2026-09-23T22:34:12Z,D,15,available,False,BFI IMAX D 15
2026-09-23T22:34:12Z,D,14,available,False,BFI IMAX D 14
2026-09-23T22:34:12Z,D,13,available,False,BFI IMAX D 13
2026-09-23T22:34:12Z,D,12,available,False,BFI IMAX D 12
2026-09-23T22:34:12Z,D,11,available,False,BFI IMAX D 11
2026-09-23T22:34:12Z,D,10,available,False,BFI IMAX D 10
2026-09-23T22:34:12Z,D,9,available,False,BFI IMAX D 9
2026-09-23T22:34:12Z,D,8,available,False,BFI IMAX D 8
2026-09-23T22:34:12Z,D,7,available,False,BFI IMAX D 7
2026-09-23T22:34:12Z,D,6,available,False,BFI IMAX D 6
2026-09-23T22:34:12Z,D,5,available,False,BFI IMAX D 5
2026-09-23T22:34:12Z,D,4,available,False,BFI IMAX D 4
2026-09-23T22:34:12Z,D,3,available,False,BFI IMAX D 3
2026-09-23T22:34:12Z,D,2,available,False,BFI IMAX D 2
2026-09-23T22:34:12Z,D,1,available,False,BFI IMAX D 1
2026-09-23T22:34:12Z,E,37,available,False,BFI IMAX E 37
2026-09-23T22:34:12Z,E,36,available,False,BFI IMAX E 36
2026-09-23T22:34:12Z,E,35,available,False,BFI IMAX E 35
2026-09-23T22:34:12Z,E,34,available,False,BFI IMAX E 34
2026-09-23T22:34:12Z,E,33,available,False,BFI IMAX E 33
2026-09-23T22:34:12Z,E,32,available,False,BFI IMAX E 32
2026-09-23T22:34:12Z,E,31,available,False,BFI IMAX E 31
2026-09-23T22:34:12Z,E,30,available,False,BFI IMAX E 30
2026-09-23T22:34:12Z,E,29,available,False,BFI IMAX E 29
2026-09-23T22:34:12Z,E,28,available,False,BFI IMAX E 28
2026-09-23T22:34:12Z,E,27,available,False,BFI IMAX E 27
2026-09-23T22:34:12Z,E,26,available,False,BFI IMAX E 26
2026-09-23T22:34:12Z,E,25,available,False,BFI IMAX E 25
2026-09-23T22:34:12Z,E,24,available,False,BFI IMAX E 24
2026-09-23T22:34:12Z,E,23,available,False,BFI IMAX E 23
2026-09-23T22:34:12Z,E,22,available,False,BFI IMAX E 22
2026-09-23T22:34:12Z,E,21,available,False,BFI IMAX E 21
2026-09-23T22:34:12Z,E,20,available,False,BFI IMAX E 20
2026-09-23T22:34:12Z,E,19,available,False,BFI IMAX E 19
2026-09-23T22:34:12Z,E,18,available,False,BFI IMAX E 18
2026-09-23T22:34:12Z,E,17,available,False,BFI IMAX E 17
2026-09-23T22:34:12Z,E,16,available,False,BFI IMAX E 16
2026-09-23T22:34:12Z,E,15,available,False,BFI IMAX E 15
2026-09-23T22:34:12Z,E,14,available,False,BFI IMAX E 14
2026-09-23T22:34:12Z,E,13,available,False,BFI IMAX E 13
2026-09-23T22:34:12Z,E,12,available,False,BFI IMAX E 12
2026-09-23T22:34:12Z,E,11,available,False,BFI IMAX E 11
2026-09-23T22:34:12Z,E,10,available,False,BFI IMAX E 10
2026-09-23T22:34:12Z,E,9,available,False,BFI IMAX E 9
2026-09-23T22:34:12Z,E,8,available,False,BFI IMAX E 8
2026-09-23T22:34:12Z,E,7,available,False,BFI IMAX E 7
2026-09-23T22:34:12Z,E,6,available,False,BFI IMAX E 6
2026-09-23T22:34:12Z,E,5,available,False,BFI IMAX E 5
2026-09-23T22:34:12Z,E,4,available,False,BFI IMAX E 4
2026-09-23T22:34:12Z,E,3,available,False,BFI IMAX E 3
2026-09-23T22:34:12Z,E,2,available,False,BFI IMAX E 2
2026-09-23T22:34:12Z,E,1,available,False,BFI IMAX E 1
2026-09-23T22:34:12Z,F,38,available,False,BFI IMAX F 38
2026-09-23T22:34:12Z,F,37,available,False,BFI IMAX F 37
2026-09-23T22:34:12Z,F,36,available,False,BFI IMAX F 36
2026-09-23T22:34:12Z,F,35,available,False,BFI IMAX F 35
2026-09-23T22:34:12Z,F,34,available,False,BFI IMAX F 34
2026-09-23T22:34:12Z,F,33,available,False,BFI IMAX F 33
2026-09-23T22:34:12Z,F,32,available,False,BFI IMAX F 32
2026-09-23T22:34:12Z,F,31,available,False,BFI IMAX F 31
2026-09-23T22:34:12Z,F,30,available,False,BFI IMAX F 30
2026-09-23T22:34:12Z,F,29,available,False,BFI IMAX F 29
2026-09-23T22:34:12Z,F,28,available,False,BFI IMAX F 28
2026-09-23T22:34:12Z,F,27,available,False,BFI IMAX F 27
2026-09-23T22:34:12Z,F,26,available,False,BFI IMAX F 26
2026-09-23T22:34:12Z,F,25,available,False,BFI IMAX F 25
2026-09-23T22:34:12Z,F,24,available,False,BFI IMAX F 24
2026-09-23T22:34:12Z,F,23,available,False,BFI IMAX F 23
2026-09-23T22:34:12Z,F,22,available,False,BFI IMAX F 22
2026-09-23T22:34:12Z,F,21,available,False,BFI IMAX F 21
2026-09-23T22:34:12Z,F,20,available,False,BFI IMAX F 20
2026-09-23T22:34:12Z,F,19,available,False,BFI IMAX F 19
2026-09-23T22:34:12Z,F,18,available,False,BFI IMAX F 18
2026-09-23T22:34:12Z,F,17,available,False,BFI IMAX F 17
2026-09-23T22:34:12Z,F,16,available,False,BFI IMAX F 16
2026-09-23T22:34:12Z,F,15,available,False,BFI IMAX F 15
2026-09-23T22:34:12Z,F,14,available,False,BFI IMAX F 14
2026-09-23T22:34:12Z,F,13,available,False,BFI IMAX F 13
2026-09-23T22:34:12Z,F,12,available,False,BFI IMAX F 12
2026-09-23T22:34:12Z,F,11,available,False,BFI IMAX F 11
2026-09-23T22:34:12Z,F,10,available,False,BFI IMAX F 10
2026-09-23T22:34:12Z,F,9,available,False,BFI IMAX F 9
2026-09-23T22:34:12Z,F,8,available,False,BFI IMAX F 8
2026-09-23T22:34:12Z,F,7,available,False,BFI IMAX F 7
2026-09-23T22:34:12Z,F,6,available,False,BFI IMAX F 6
2026-09-23T22:34:12Z,F,5,available,False,BFI IMAX F 5
2026-09-23T22:34:12Z,F,4,available,False,BFI IMAX F 4
2026-09-23T22:34:12Z,F,3,available,False,BFI IMAX F 3
2026-09-23T22:34:12Z,F,2,available,False,BFI IMAX F 2
2026-09-23T22:34:12Z,F,1,available,False,BFI IMAX F 1
2026-09-23T22:34:12Z,G,37,available,False,BFI IMAX G 37
2026-09-23T22:34:12Z,G,36,available,False,BFI IMAX G 36
2026-09-23T22:34:12Z,G,35,available,False,BFI IMAX G 35
2026-09-23T22:34:12Z,G,34,available,False,BFI IMAX G 34
2026-09-23T22:34:12Z,G,33,available,False,BFI IMAX G 33
2026-09-23T22:34:12Z,G,32,available,False,BFI IMAX G 32
2026-09-23T22:34:12Z,G,31,available,False,BFI IMAX G 31
2026-09-23T22:34:12Z,G,30,available,False,BFI IMAX G 30
2026-09-23T22:34:12Z,G,29,available,False,BFI IMAX G 29
2026-09-23T22:34:12Z,G,28,available,False,BFI IMAX G 28
2026-09-23T22:34:12Z,G,27,available,False,BFI IMAX G 27
2026-09-23T22:34:12Z,G,26,available,False,BFI IMAX G 26
2026-09-23T22:34:12Z,G,25,available,False,BFI IMAX G 25
2026-09-23T22:34:12Z,G,24,available,False,BFI IMAX G 24
2026-09-23T22:34:12Z,G,23,available,False,BFI IMAX G 23
2026-09-23T22:34:12Z,G,22,available,False,BFI IMAX G 22
2026-09-23T22:34:12Z,G,21,available,False,BFI IMAX G 21
2026-09-23T22:34:12Z,G,20,available,False,BFI IMAX G 20
2026-09-23T22:34:12Z,G,19,available,False,BFI IMAX G 19
2026-09-23T22:34:12Z,G,18,available,False,BFI IMAX G 18
2026-09-23T22:34:12Z,G,17,available,False,BFI IMAX G 17
2026-09-23T22:34:12Z,G,16,available,False,BFI IMAX G 16
2026-09-23T22:34:12Z,G,15,available,False,BFI IMAX G 15
2026-09-23T22:34:12Z,G,14,available,False,BFI IMAX G 14
2026-09-23T22:34:12Z,G,13,available,False,BFI IMAX G 13
2026-09-23T22:34:12Z,G,12,available,False,BFI IMAX G 12
2026-09-23T22:34:12Z,G,11,available,False,BFI IMAX G 11
2026-09-23T22:34:12Z,G,10,available,False,BFI IMAX G 10
2026-09-23T22:34:12Z,G,9,available,False,BFI IMAX G 9
2026-09-23T22:34:12Z,G,8,available,False,BFI IMAX G 8
2026-09-23T22:34:12Z,G,7,available,False,BFI IMAX G 7
2026-09-23T22:34:12Z,G,6,available,False,BFI IMAX G 6
2026-09-23T22:34:12Z,G,5,available,False,BFI IMAX G 5
2026-09-23T22:34:12Z,G,4,available,False,BFI IMAX G 4
2026-09-23T22:34:12Z,G,3,available,False,BFI IMAX G 3
2026-09-23T22:34:12Z,G,2,available,False,BFI IMAX G 2
2026-09-23T22:34:12Z,G,1,available,False,BFI IMAX G 1
2026-09-23T22:34:12Z,H,37,available,False,BFI IMAX H 37
2026-09-23T22:34:12Z,H,36,available,False,BFI IMAX H 36
2026-09-23T22:34:12Z,H,35,available,False,BFI IMAX H 35
2026-09-23T22:34:12Z,H,34,available,False,BFI IMAX H 34
2026-09-23T22:34:12Z,H,33,available,False,BFI IMAX H 33
2026-09-23T22:34:12Z,H,32,available,False,BFI IMAX H 32
2026-09-23T22:34:12Z,H,31,available,False,BFI IMAX H 31
2026-09-23T22:34:12Z,H,30,available,False,BFI IMAX H 30
2026-09-23T22:34:12Z,H,29,available,False,BFI IMAX H 29
2026-09-23T22:34:12Z,H,28,available,False,BFI IMAX H 28
2026-09-23T22:34:12Z,H,27,available,False,BFI IMAX H 27
2026-09-23T22:34:12Z,H,26,available,False,BFI IMAX H 26
2026-09-23T22:34:12Z,H,25,available,False,BFI IMAX H 25
2026-09-23T22:34:12Z,H,24,available,False,BFI IMAX H 24
2026-09-23T22:34:12Z,H,23,available,False,BFI IMAX H 23
2026-09-23T22:34:12Z,H,22,available,False,BFI IMAX H 22
2026-09-23T22:34:12Z,H,21,available,False,BFI IMAX H 21
2026-09-23T22:34:12Z,H,20,available,False,BFI IMAX H 20
2026-09-23T22:34:12Z,H,19,available,False,BFI IMAX H 19
2026-09-23T22:34:12Z,H,18,available,False,BFI IMAX H 18
2026-09-23T22:34:12Z,H,17,available,False,BFI IMAX H 17
2026-09-23T22:34:12Z,H,16,available,False,BFI IMAX H 16
2026-09-23T22:34:12Z,H,15,available,False,BFI IMAX H 15
2026-09-23T22:34:12Z,H,14,available,False,BFI IMAX H 14
2026-09-23T22:34:12Z,H,13,available,False,BFI IMAX H 13
2026-09-23T22:34:12Z,H,12,available,False,BFI IMAX H 12
2026-09-23T22:34:12Z,H,11,available,False,BFI IMAX H 11
2026-09-23T22:34:12Z,H,10,available,False,BFI IMAX H 10
2026-09-23T22:34:12Z,H,9,available,False,BFI IMAX H 9
2026-09-23T22:34:12Z,H,8,available,False,BFI IMAX H 8
2026-09-23T22:34:12Z,H,7,available,False,BFI IMAX H 7
2026-09-23T22:34:12Z,H,6,available,False,BFI IMAX H 6
2026-09-23T22:34:12Z,H,5,available,False,BFI IMAX H 5
2026-09-23T22:34:12Z,H,4,available,False,BFI IMAX H 4
2026-09-23T22:34:12Z,H,3,available,False,BFI IMAX H 3
2026-09-23T22:34:12Z,H,2,available,False,BFI IMAX H 2
2026-09-23T22:34:12Z,H,1,available,False,BFI IMAX H 1
2026-09-23T22:34:12Z,J,36,available,False,BFI IMAX J 36
2026-09-23T22:34:12Z,J,35,available,False,BFI IMAX J 35
2026-09-23T22:34:12Z,J,34,available,False,BFI IMAX J 34
2026-09-23T22:34:12Z,J,33,available,False,BFI IMAX J 33
2026-09-23T22:34:12Z,J,32,available,False,BFI IMAX J 32
2026-09-23T22:34:12Z,J,31,available,False,BFI IMAX J 31
2026-09-23T22:34:12Z,J,30,available,False,BFI IMAX J 30
2026-09-23T22:34:12Z,J,29,available,False,BFI IMAX J 29
2026-09-23T22:34:12Z,J,28,available,False,BFI IMAX J 28
2026-09-23T22:34:12Z,J,27,available,False,BFI IMAX J 27
2026-09-23T22:34:12Z,J,26,available,False,BFI IMAX J 26
2026-09-23T22:34:12Z,J,25,available,False,BFI IMAX J 25
2026-09-23T22:34:12Z,J,24,available,False,BFI IMAX J 24
2026-09-23T22:34:12Z,J,23,available,False,BFI IMAX J 23
2026-09-23T22:34:12Z,J,22,available,False,BFI IMAX J 22
2026-09-23T22:34:12Z,J,21,available,False,BFI IMAX J 21
2026-09-23T22:34:12Z,J,20,available,False,BFI IMAX J 20
2026-09-23T22:34:12Z,J,19,available,False,BFI IMAX J 19
2026-09-23T22:34:12Z,J,18,available,False,BFI IMAX J 18
2026-09-23T22:34:12Z,J,17,available,False,BFI IMAX J 17
2026-09-23T22:34:12Z,J,16,available,False,BFI IMAX J 16
2026-09-23T22:34:12Z,J,15,available,False,BFI IMAX J 15
2026-09-23T22:34:12Z,J,14,available,False,BFI IMAX J 14
2026-09-23T22:34:12Z,J,13,available,False,BFI IMAX J 13
2026-09-23T22:34:12Z,J,12,available,False,BFI IMAX J 12
2026-09-23T22:34:12Z,J,11,available,False,BFI IMAX J 11
2026-09-23T22:34:12Z,J,10,available,False,BFI IMAX J 10
2026-09-23T22:34:12Z,J,9,available,False,BFI IMAX J 9
2026-09-23T22:34:12Z,J,8,available,False,BFI IMAX J 8
2026-09-23T22:34:12Z,J,7,available,False,BFI IMAX J 7
2026-09-23T22:34:12Z,J,6,available,False,BFI IMAX J 6
2026-09-23T22:34:12Z,J,5,available,False,BFI IMAX J 5
2026-09-23T22:34:12Z,J,4,available,False,BFI IMAX J 4
2026-09-23T22:34:12Z,J,3,available,False,BFI IMAX J 3
2026-09-23T22:34:12Z,J,2,available,False,BFI IMAX J 2
2026-09-23T22:34:12Z,J,1,available,False,BFI IMAX J 1
2026-09-23T22:34:12Z,K,36,available,False,BFI IMAX K 36
2026-09-23T22:34:12Z,K,35,available,False,BFI IMAX K 35
2026-09-23T22:34:12Z,K,34,available,False,BFI IMAX K 34
2026-09-23T22:34:12Z,K,33,available,False,BFI IMAX K 33
2026-09-23T22:34:12Z,K,32,available,False,BFI IMAX K 32
2026-09-23T22:34:12Z,K,31,available,False,BFI IMAX K 31
2026-09-23T22:34:12Z,K,30,available,False,BFI IMAX K 30
2026-09-23T22:34:12Z,K,29,available,False,BFI IMAX K 29
2026-09-23T22:34:12Z,K,28,available,False,BFI IMAX K 28
2026-09-23T22:34:12Z,A,13,available,False,BFI IMAX A 13
2026-09-23T22:34:12Z,A,12,available,False,BFI IMAX A 12
2026-09-23T22:34:12Z,K,25,available,False,BFI IMAX K 25
2026-09-23T22:34:12Z,K,24,available,False,BFI IMAX K 24
2026-09-23T22:34:12Z,K,23,available,False,BFI IMAX K 23
2026-09-23T22:34:12Z,K,22,available,False,BFI IMAX K 22
2026-09-23T22:34:12Z,K,21,available,False,BFI IMAX K 21
2026-09-23T22:34:12Z,K,20,available,False,BFI IMAX K 20
2026-09-23T22:34:12Z,K,19,sold,False,BFI IMAX K 19
2026-09-23T22:34:12Z,K,18,available,False,BFI IMAX K 18
2026-09-23T22:34:12Z,K,17,available,False,BFI IMAX K 17
2026-09-23T22:34:12Z,K,16,available,False,BFI IMAX K 16
2026-09-23T22:34:12Z,K,15,available,False,BFI IMAX K 15
2026-09-23T22:34:12Z,K,14,available,False,BFI IMAX K 14
2026-09-23T22:34:12Z,K,13,available,False,BFI IMAX K 13
2026-09-23T22:34:12Z,K,12,available,False,BFI IMAX K 12
2026-09-23T22:34:12Z,K,11,available,False,BFI IMAX K 11
2026-09-23T22:34:12Z,K,10,available,False,BFI IMAX K 10
2026-09-23T22:34:12Z,K,9,available,False,BFI IMAX K 9
2026-09-23T22:34:12Z,K,8,available,False,BFI IMAX K 8
2026-09-23T22:34:12Z,K,7,available,False,BFI IMAX K 7
2026-09-23T22:34:12Z,K,6,available,False,BFI IMAX K 6
2026-09-23T22:34:12Z,K,5,available,False,BFI IMAX K 5
2026-09-23T22:34:12Z,K,4,available,False,BFI IMAX K 4
2026-09-23T22:34:12Z,K,3,available,False,BFI IMAX K 3
2026-09-23T22:34:12Z,K,2,available,False,BFI IMAX K 2
2026-09-23T22:34:12Z,K,1,available,False,BFI IMAX K 1
2026-09-23T22:34:12Z,L,33,available,False,BFI IMAX L 33
2026-09-23T22:34:12Z,L,32,available,False,BFI IMAX L 32
2026-09-23T22:34:12Z,L,31,available,False,BFI IMAX L 31
2026-09-23T22:34:12Z,L,30,available,False,BFI IMAX L 30
2026-09-23T22:34:12Z,L,29,available,False,BFI IMAX L 29
2026-09-23T22:34:12Z,L,28,available,False,BFI IMAX L 28
2026-09-23T22:34:12Z,L,27,available,False,BFI IMAX L 27
2026-09-23T22:34:12Z,L,26,available,False,BFI IMAX L 26
2026-09-23T22:34:12Z,L,8,available,False,BFI IMAX L 8
2026-09-23T22:34:12Z,L,7,available,False,BFI IMAX L 7
2026-09-23T22:34:12Z,L,6,available,False,BFI IMAX L 6
2026-09-23T22:34:12Z,L,5,available,False,BFI IMAX L 5
2026-09-23T22:34:12Z,L,4,available,False,BFI IMAX L 4
2026-09-23T22:34:12Z,L,3,available,False,BFI IMAX L 3
2026-09-23T22:34:12Z,L,2,available,False,BFI IMAX L 2
2026-09-23T22:34:12Z,L,1,available,False,BFI IMAX L 1
2026-09-23T22:34:12Z,M,34,available,False,BFI IMAX M 34
2026-09-23T22:34:12Z,M,33,available,False,BFI IMAX M 33
2026-09-23T22:34:12Z,M,32,available,False,BFI IMAX M 32
2026-09-23T22:34:12Z,M,31,available,False,BFI IMAX M 31
2026-09-23T22:34:12Z,M,30,available,False,BFI IMAX M 30
2026-09-23T22:34:12Z,M,29,available,False,BFI IMAX M 29
2026-09-23T22:34:12Z,M,28,available,False,BFI IMAX M 28
2026-09-23T22:34:12Z,M,27,sold,False,BFI IMAX M 27
2026-09-23T22:34:12Z,M,8,available,False,BFI IMAX M 8
2026-09-23T22:34:12Z,M,7,available,False,BFI IMAX M 7
2026-09-23T22:34:12Z,M,6,available,False,BFI IMAX M 6
2026-09-23T22:34:12Z,M,5,available,False,BFI IMAX M 5
2026-09-23T22:34:12Z,M,4,available,False,BFI IMAX M 4
2026-09-23T22:34:12Z,M,3,available,False,BFI IMAX M 3
2026-09-23T22:34:12Z,M,2,available,False,BFI IMAX M 2
2026-09-23T22:34:12Z,M,1,available,False,BFI IMAX M 1
2026-09-23T22:34:12Z,N,34,unavailable,False,BFI IMAX N 34
2026-09-23T22:34:12Z,N,33,unavailable,False,BFI IMAX N 33
2026-09-23T22:34:12Z,N,32,unavailable,False,BFI IMAX N 32
2026-09-23T22:34:12Z,N,31,unavailable,False,BFI IMAX N 31
2026-09-23T22:34:12Z,N,30,unavailable,False,BFI IMAX N 30
2026-09-23T22:34:12Z,N,29,unavailable,False,BFI IMAX N 29
2026-09-23T22:34:12Z,N,28,unavailable,False,BFI IMAX N 28
2026-09-23T22:34:12Z,N,27,unavailable,False,BFI IMAX N 27
2026-09-23T22:34:12Z,N,8,available,False,BFI IMAX N 8
2026-09-23T22:34:12Z,N,7,available,False,BFI IMAX N 7
2026-09-23T22:34:12Z,N,6,available,False,BFI IMAX N 6
2026-09-23T22:34:12Z,N,5,available,False,BFI IMAX N 5
2026-09-23T22:34:12Z,N,4,available,False,BFI IMAX N 4
2026-09-23T22:34:12Z,N,3,available,False,BFI IMAX N 3
2026-09-23T22:34:12Z,N,2,available,False,BFI IMAX N 2
2026-09-23T22:34:12Z,N,1,available,False,BFI IMAX N 1
2026-09-23T22:34:12Z,A,11,available,False,BFI IMAX A 11
2026-09-23T22:34:12Z,A,10,available,False,BFI IMAX A 10
2026-09-23T22:34:12Z,A,9,available,False,BFI IMAX A 9
2026-09-23T22:34:12Z,A,8,available,False,BFI IMAX A 8
2026-09-23T22:34:12Z,M,15,available,False,BFI IMAX M 15
2026-09-23T22:34:12Z,M,14,available,False,BFI IMAX M 14
2026-09-23T22:34:12Z,M,13,available,False,BFI IMAX M 13
2026-09-23T22:34:12Z,M,12,available,False,BFI IMAX M 12
2026-09-23T22:34:12Z,M,11,available,False,BFI IMAX M 11
2026-09-23T22:34:12Z,M,10,available,False,BFI IMAX M 10
2026-09-23T22:34:12Z,M,9,available,False,BFI IMAX M 9
2026-09-23T22:34:12Z,L,9,available,False,BFI IMAX L 9
2026-09-23T22:34:12Z,L,25,available,False,BFI IMAX L 25
2026-09-23T22:34:12Z,L,24,available,False,BFI IMAX L 24
2026-09-23T22:34:12Z,L,23,available,False,BFI IMAX L 23
2026-09-23T22:34:12Z,L,22,available,False,BFI IMAX L 22
2026-09-23T22:34:12Z,L,21,available,False,BFI IMAX L 21
2026-09-23T22:34:12Z,L,20,available,False,BFI IMAX L 20
2026-09-23T22:34:12Z,L,19,available,False,BFI IMAX L 19
2026-09-23T22:34:12Z,L,18,sold,False,BFI IMAX L 18
2026-09-23T22:34:12Z,L,17,sold,False,BFI IMAX L 17
2026-09-23T22:34:12Z,L,16,available,False,BFI IMAX L 16
2026-09-23T22:34:12Z,L,15,available,False,BFI IMAX L 15
2026-09-23T22:34:12Z,L,14,available,False,BFI IMAX L 14
2026-09-23T22:34:12Z,L,13,available,False,BFI IMAX L 13
2026-09-23T22:34:12Z,L,12,available,False,BFI IMAX L 12
2026-09-23T22:34:12Z,L,11,available,False,BFI IMAX L 11
2026-09-23T22:34:12Z,N,26,unavailable,False,BFI IMAX N 26
2026-09-23T22:34:12Z,N,25,unavailable,False,BFI IMAX N 25
2026-09-23T22:34:12Z,N,24,unavailable,False,BFI IMAX N 24
2026-09-23T22:34:12Z,N,23,unavailable,False,BFI IMAX N 23
2026-09-23T22:34:12Z,N,22,available,False,BFI IMAX N 22
2026-09-23T22:34:12Z,N,21,available,False,BFI IMAX N 21
2026-09-23T22:34:12Z,N,20,available,False,BFI IMAX N 20
2026-09-23T22:34:12Z,N,19,available,False,BFI IMAX N 19
2026-09-23T22:34:12Z,N,18,available,False,BFI IMAX N 18
2026-09-23T22:34:12Z,N,17,available,False,BFI IMAX N 17
2026-09-23T22:34:12Z,N,16,available,False,BFI IMAX N 16
2026-09-23T22:34:12Z,N,15,available,False,BFI IMAX N 15
2026-09-23T22:34:12Z,N,14,available,False,BFI IMAX N 14
2026-09-23T22:34:12Z,N,13,available,False,BFI IMAX N 13
2026-09-23T22:34:12Z,N,12,unavailable,False,BFI IMAX N 12
2026-09-23T22:34:12Z,N,11,unavailable,False,BFI IMAX N 11
2026-09-23T22:34:12Z,N,10,unavailable,False,BFI IMAX N 10
2026-09-23T22:34:12Z,N,9,unavailable,False,BFI IMAX N 9
2026-09-23T22:34:12Z,L,10,available,False,BFI IMAX L 10
2026-09-23T22:34:12Z,M,26,available,False,BFI IMAX M 26
2026-09-23T22:34:12Z,M,25,available,False,BFI IMAX M 25
2026-09-23T22:34:12Z,M,24,available,False,BFI IMAX M 24
2026-09-23T22:34:12Z,M,23,available,False,BFI IMAX M 23
2026-09-23T22:34:12Z,M,22,available,False,BFI IMAX M 22
2026-09-23T22:34:12Z,M,21,available,False,BFI IMAX M 21
2026-09-23T22:34:12Z,M,20,available,False,BFI IMAX M 20
2026-09-23T22:34:12Z,M,19,available,False,BFI IMAX M 19
2026-09-23T22:34:12Z,M,18,available,False,BFI IMAX M 18
2026-09-23T22:34:12Z,M,17,available,False,BFI IMAX M 17
2026-09-23T22:34:12Z,M,16,available,False,BFI IMAX M 16
2026-09-23T22:34:12Z,P,27,available,True,BFI IMAX P 27
2026-09-23T22:34:12Z,P,26,unavailable,False,BFI IMAX P 26
2026-09-23T22:34:12Z,P,6,unavailable,False,BFI IMAX P 6
2026-09-23T22:34:12Z,P,5,available,True,BFI IMAX P 5
2026-09-23T22:34:12Z,P,31,unavailable,False,BFI IMAX P 31
2026-09-23T22:34:12Z,P,30,available,True,BFI IMAX P 30
2026-09-23T22:34:12Z,P,2,available,True,BFI IMAX P 2
2026-09-23T22:34:12Z,P,1,unavailable,False,BFI IMAX P 1
2026-09-23T22:34:12Z,P,21,available,False,BFI IMAX P 21
2026-09-23T22:34:12Z,P,20,available,False,BFI IMAX P 20
2026-09-23T22:34:12Z,P,19,available,False,BFI IMAX P 19
2026-09-23T22:34:12Z,P,18,available,False,BFI IMAX P 18
2026-09-23T22:34:12Z,P,17,available,False,BFI IMAX P 17
2026-09-23T22:34:12Z,P,16,available,False,BFI IMAX P 16
2026-09-23T22:34:12Z,P,15,available,False,BFI IMAX P 15
2026-09-23T22:34:12Z,P,14,available,False,BFI IMAX P 14
2026-09-23T22:34:12Z,P,13,available,False,BFI IMAX P 13
2026-09-23T22:34:12Z,P,12,available,False,BFI IMAX P 12
2026-09-23T22:34:12Z,P,11,available,False,BFI IMAX P 11
2026-09-23T22:34:12Z,P,9,available,False,BFI IMAX P 9
2026-09-23T22:34:12Z,P,8,available,False,BFI IMAX P 8
2026-09-23T22:34:12Z,P,7,available,False,BFI IMAX P 7
2026-09-23T22:34:12Z,P,10,available,False,BFI IMAX P 10
2026-09-23T22:34:12Z,P,25,available,False,BFI IMAX P 25
2026-09-23T22:34:12Z,P,24,available,False,BFI IMAX P 24
2026-09-23T22:34:12Z,P,23,available,False,BFI IMAX P 23
2026-09-23T22:34:12Z,P,22,available,False,BFI IMAX P 22
2026-09-23T22:34:12Z,Q,18,sold,False,BFI IMAX Q 18
2026-09-23T22:34:12Z,Q,17,available,False,BFI IMAX Q 17
2026-09-23T22:34:12Z,Q,16,available,False,BFI IMAX Q 16
2026-09-23T22:34:12Z,Q,15,available,False,BFI IMAX Q 15
2026-09-23T22:34:12Z,Q,14,available,False,BFI IMAX Q 14
2026-09-23T22:34:12Z,Q,13,available,False,BFI IMAX Q 13
2026-09-23T22:34:12Z,Q,12,available,False,BFI IMAX Q 12
2026-09-23T22:34:12Z,Q,11,available,False,BFI IMAX Q 11
2026-09-23T22:34:12Z,Q,10,available,False,BFI IMAX Q 10
2026-09-23T22:34:12Z,Q,9,sold,False,BFI IMAX Q 9
2026-09-23T22:34:12Z,Q,8,available,False,BFI IMAX Q 8
2026-09-23T22:34:12Z,Q,7,available,False,BFI IMAX Q 7
2026-09-23T22:34:12Z,Q,6,available,False,BFI IMAX Q 6
2026-09-23T22:34:12Z,Q,5,available,False,BFI IMAX Q 5
2026-09-23T22:34:12Z,Q,4,available,False,BFI IMAX Q 4
2026-09-23T22:34:12Z,Q,3,available,False,BFI IMAX Q 3
2026-09-23T22:34:12Z,Q,2,available,False,BFI IMAX Q 2
2026-09-23T22:34:12Z,Q,1,available,False,BFI IMAX Q 1
2026-09-24T00:46:44Z,K,27,unavailable,False,BFI IMAX K 27
2026-09-24T00:46:44Z,K,26,unavailable,False,BFI IMAX K 26
2026-09-24T00:46:44Z,P,29,available,True,BFI IMAX P 29
2026-09-24T00:46:44Z,P,28,available,True,BFI IMAX P 28
2026-09-24T00:46:44Z,P,4,available,True,BFI IMAX P 4
2026-09-24T00:46:44Z,P,3,available,True,BFI IMAX P 3
2026-09-24T00:46:44Z,A,7,available,False,BFI IMAX A 7
2026-09-24T00:46:44Z,A,6,available,False,BFI IMAX A 6
2026-09-24T00:46:44Z,A,5,available,False,BFI IMAX A 5
2026-09-24T00:46:44Z,A,4,available,False,BFI IMAX A 4
2026-09-24T00:46:44Z,A,3,available,False,BFI IMAX A 3
2026-09-24T00:46:44Z,A,2,available,False,BFI IMAX A 2
2026-09-24T00:46:44Z,A,1,available,False,BFI IMAX A 1
2026-09-24T00:46:44Z,B,36,available,False,BFI IMAX B 36
2026-09-24T00:46:44Z,B,35,available,False,BFI IMAX B 35
2026-09-24T00:46:44Z,B,34,available,False,BFI IMAX B 34
2026-09-24T00:46:44Z,B,33,available,False,BFI IMAX B 33
2026-09-24T00:46:44Z,B,32,available,False,BFI IMAX B 32
2026-09-24T00:46:44Z,B,31,available,False,BFI IMAX B 31
2026-09-24T00:46:44Z,B,30,available,False,BFI IMAX B 30
2026-09-24T00:46:44Z,B,29,available,False,BFI IMAX B 29
2026-09-24T00:46:44Z,B,28,available,False,BFI IMAX B 28
2026-09-24T00:46:44Z,B,27,available,False,BFI IMAX B 27
2026-09-24T00:46:44Z,B,26,available,False,BFI IMAX B 26
2026-09-24T00:46:44Z,B,25,available,False,BFI IMAX B 25
2026-09-24T00:46:44Z,B,24,available,False,BFI IMAX B 24
2026-09-24T00:46:44Z,B,23,available,False,BFI IMAX B 23
2026-09-24T00:46:44Z,B,22,available,False,BFI IMAX B 22
2026-09-24T00:46:44Z,B,21,available,False,BFI IMAX B 21
2026-09-24T00:46:44Z,B,20,available,False,BFI IMAX B 20
2026-09-24T00:46:44Z,B,19,available,False,BFI IMAX B 19
2026-09-24T00:46:44Z,B,18,available,False,BFI IMAX B 18
2026-09-24T00:46:44Z,B,17,available,False,BFI IMAX B 17
2026-09-24T00:46:44Z,B,16,available,False,BFI IMAX B 16
2026-09-24T00:46:44Z,B,15,available,False,BFI IMAX B 15
2026-09-24T00:46:44Z,B,14,available,False,BFI IMAX B 14
2026-09-24T00:46:44Z,B,13,available,False,BFI IMAX B 13
2026-09-24T00:46:44Z,B,12,available,False,BFI IMAX B 12
2026-09-24T00:46:44Z,B,11,available,False,BFI IMAX B 11
2026-09-24T00:46:44Z,B,10,available,False,BFI IMAX B 10
2026-09-24T00:46:44Z,B,9,available,False,BFI IMAX B 9
2026-09-24T00:46:44Z,B,8,available,False,BFI IMAX B 8
2026-09-24T00:46:44Z,B,7,available,False,BFI IMAX B 7
2026-09-24T00:46:44Z,B,6,available,False,BFI IMAX B 6
2026-09-24T00:46:44Z,B,5,available,False,BFI IMAX B 5
2026-09-24T00:46:44Z,B,4,available,False,BFI IMAX B 4
2026-09-24T00:46:44Z,B,3,available,False,BFI IMAX B 3
2026-09-24T00:46:44Z,B,2,available,False,BFI IMAX B 2
2026-09-24T00:46:44Z,B,1,available,False,BFI IMAX B 1
2026-09-24T00:46:44Z,C,36,available,False,BFI IMAX C 36
2026-09-24T00:46:44Z,C,35,available,False,BFI IMAX C 35
2026-09-24T00:46:44Z,C,34,available,False,BFI IMAX C 34
2026-09-24T00:46:44Z,C,33,available,False,BFI IMAX C 33
2026-09-24T00:46:44Z,C,32,available,False,BFI IMAX C 32
2026-09-24T00:46:44Z,C,31,available,False,BFI IMAX C 31
2026-09-24T00:46:44Z,C,30,available,False,BFI IMAX C 30
2026-09-24T00:46:44Z,C,29,available,False,BFI IMAX C 29
2026-09-24T00:46:44Z,C,28,available,False,BFI IMAX C 28
2026-09-24T00:46:44Z,C,27,available,False,BFI IMAX C 27
2026-09-24T00:46:44Z,C,26,available,False,BFI IMAX C 26
2026-09-24T00:46:44Z,C,25,sold,False,BFI IMAX C 25
2026-09-24T00:46:44Z,C,24,available,False,BFI IMAX C 24
2026-09-24T00:46:44Z,C,23,available,False,BFI IMAX C 23
2026-09-24T00:46:44Z,C,22,available,False,BFI IMAX C 22
2026-09-24T00:46:44Z,C,21,available,False,BFI IMAX C 21
2026-09-24T00:46:44Z,C,20,available,False,BFI IMAX C 20
2026-09-24T00:46:44Z,C,19,available,False,BFI IMAX C 19
2026-09-24T00:46:44Z,C,18,available,False,BFI IMAX C 18
2026-09-24T00:46:44Z,C,17,available,False,BFI IMAX C 17
2026-09-24T00:46:44Z,C,16,available,False,BFI IMAX C 16
2026-09-24T00:46:44Z,C,15,available,False,BFI IMAX C 15
2026-09-24T00:46:44Z,C,14,available,False,BFI IMAX C 14
2026-09-24T00:46:44Z,C,13,available,False,BFI IMAX C 13
2026-09-24T00:46:44Z,C,12,available,False,BFI IMAX C 12
2026-09-24T00:46:44Z,C,11,available,False,BFI IMAX C 11
2026-09-24T00:46:44Z,C,10,available,False,BFI IMAX C 10
2026-09-24T00:46:44Z,C,9,available,False,BFI IMAX C 9
2026-09-24T00:46:44Z,C,8,available,False,BFI IMAX C 8
2026-09-24T00:46:44Z,C,7,available,False,BFI IMAX C 7
2026-09-24T00:46:44Z,C,6,available,False,BFI IMAX C 6
2026-09-24T00:46:44Z,C,5,available,False,BFI IMAX C 5
2026-09-24T00:46:44Z,C,4,available,False,BFI IMAX C 4
2026-09-24T00:46:44Z,C,3,available,False,BFI IMAX C 3
2026-09-24T00:46:44Z,C,2,available,False,BFI IMAX C 2
2026-09-24T00:46:44Z,C,1,available,False,BFI IMAX C 1
2026-09-24T00:46:44Z,D,37,available,False,BFI IMAX D 37
2026-09-24T00:46:44Z,D,36,available,False,BFI IMAX D 36
2026-09-24T00:46:44Z,D,35,available,False,BFI IMAX D 35
2026-09-24T00:46:44Z,D,34,available,False,BFI IMAX D 34
2026-09-24T00:46:44Z,D,33,available,False,BFI IMAX D 33
2026-09-24T00:46:44Z,D,32,available,False,BFI IMAX D 32
2026-09-24T00:46:44Z,D,31,available,False,BFI IMAX D 31
2026-09-24T00:46:44Z,D,30,available,False,BFI IMAX D 30
2026-09-24T00:46:44Z,D,29,available,False,BFI IMAX D 29
2026-09-24T00:46:44Z,D,28,available,False,BFI IMAX D 28
2026-09-24T00:46:44Z,D,27,available,False,BFI IMAX D 27
2026-09-24T00:46:44Z,D,26,available,False,BFI IMAX D 26
2026-09-24T00:46:44Z,D,25,available,False,BFI IMAX D 25
2026-09-24T00:46:44Z,D,24,available,False,BFI IMAX D 24
2026-09-24T00:46:44Z,D,23,available,False,BFI IMAX D 23
2026-09-24T00:46:44Z,D,22,available,False,BFI IMAX D 22
2026-09-24T00:46:44Z,D,21,available,False,BFI IMAX D 21
2026-09-24T00:46:44Z,D,20,available,False,BFI IMAX D 20
2026-09-24T00:46:44Z,D,19,available,False,BFI IMAX D 19
2026-09-24T00:46:44Z,D,18,available,False,BFI IMAX D 18
2026-09-24T00:46:44Z,D,17,available,False,BFI IMAX D 17
2026-09-24T00:46:44Z,D,16,available,False,BFI IMAX D 16
2026-09-24T00:46:44Z,D,15,available,False,BFI IMAX D 15
2026-09-24T00:46:44Z,D,14,available,False,BFI IMAX D 14
2026-09-24T00:46:44Z,D,13,available,False,BFI IMAX D 13
2026-09-24T00:46:44Z,D,12,available,False,BFI IMAX D 12
2026-09-24T00:46:44Z,D,11,available,False,BFI IMAX D 11
2026-09-24T00:46:44Z,D,10,available,False,BFI IMAX D 10
2026-09-24T00:46:44Z,D,9,available,False,BFI IMAX D 9
2026-09-24T00:46:44Z,D,8,available,False,BFI IMAX D 8
2026-09-24T00:46:44Z,D,7,available,False,BFI IMAX D 7
2026-09-24T00:46:44Z,D,6,available,False,BFI IMAX D 6
2026-09-24T00:46:44Z,D,5,available,False,BFI IMAX D 5
2026-09-24T00:46:44Z,D,4,available,False,BFI IMAX D 4
2026-09-24T00:46:44Z,D,3,available,False,BFI IMAX D 3
2026-09-24T00:46:44Z,D,2,available,False,BFI IMAX D 2
2026-09-24T00:46:44Z,D,1,available,False,BFI IMAX D 1
2026-09-24T00:46:44Z,E,37,available,False,BFI IMAX E 37
2026-09-24T00:46:44Z,E,36,available,False,BFI IMAX E 36
2026-09-24T00:46:44Z,E,35,available,False,BFI IMAX E 35
2026-09-24T00:46:44Z,E,34,available,False,BFI IMAX E 34
2026-09-24T00:46:44Z,E,33,available,False,BFI IMAX E 33
2026-09-24T00:46:44Z,E,32,available,False,BFI IMAX E 32
2026-09-24T00:46:44Z,E,31,available,False,BFI IMAX E 31
2026-09-24T00:46:44Z,E,30,available,False,BFI IMAX E 30
2026-09-24T00:46:44Z,E,29,available,False,BFI IMAX E 29
2026-09-24T00:46:44Z,E,28,available,False,BFI IMAX E 28
2026-09-24T00:46:44Z,E,27,available,False,BFI IMAX E 27
2026-09-24T00:46:44Z,E,26,available,False,BFI IMAX E 26
2026-09-24T00:46:44Z,E,25,available,False,BFI IMAX E 25
2026-09-24T00:46:44Z,E,24,available,False,BFI IMAX E 24
2026-09-24T00:46:44Z,E,23,available,False,BFI IMAX E 23
2026-09-24T00:46:44Z,E,22,available,False,BFI IMAX E 22
2026-09-24T00:46:44Z,E,21,available,False,BFI IMAX E 21
2026-09-24T00:46:44Z,E,20,available,False,BFI IMAX E 20
2026-09-24T00:46:44Z,E,19,available,False,BFI IMAX E 19
2026-09-24T00:46:44Z,E,18,available,False,BFI IMAX E 18
2026-09-24T00:46:44Z,E,17,available,False,BFI IMAX E 17
2026-09-24T00:46:44Z,E,16,available,False,BFI IMAX E 16
2026-09-24T00:46:44Z,E,15,available,False,BFI IMAX E 15
2026-09-24T00:46:44Z,E,14,available,False,BFI IMAX E 14
2026-09-24T00:46:44Z,E,13,available,False,BFI IMAX E 13
2026-09-24T00:46:44Z,E,12,available,False,BFI IMAX E 12
2026-09-24T00:46:44Z,E,11,available,False,BFI IMAX E 11
2026-09-24T00:46:44Z,E,10,available,False,BFI IMAX E 10
2026-09-24T00:46:44Z,E,9,available,False,BFI IMAX E 9
2026-09-24T00:46:44Z,E,8,available,False,BFI IMAX E 8
2026-09-24T00:46:44Z,E,7,available,False,BFI IMAX E 7
2026-09-24T00:46:44Z,E,6,available,False,BFI IMAX E 6
2026-09-24T00:46:44Z,E,5,available,False,BFI IMAX E 5
2026-09-24T00:46:44Z,E,4,available,False,BFI IMAX E 4
2026-09-24T00:46:44Z,E,3,available,False,BFI IMAX E 3
2026-09-24T00:46:44Z,E,2,available,False,BFI IMAX E 2
2026-09-24T00:46:44Z,E,1,available,False,BFI IMAX E 1
2026-09-24T00:46:44Z,F,38,available,False,BFI IMAX F 38
2026-09-24T00:46:44Z,F,37,available,False,BFI IMAX F 37
2026-09-24T00:46:44Z,F,36,available,False,BFI IMAX F 36
2026-09-24T00:46:44Z,F,35,available,False,BFI IMAX F 35
2026-09-24T00:46:44Z,F,34,available,False,BFI IMAX F 34
2026-09-24T00:46:44Z,F,33,available,False,BFI IMAX F 33
2026-09-24T00:46:44Z,F,32,available,False,BFI IMAX F 32
2026-09-24T00:46:44Z,F,31,available,False,BFI IMAX F 31
2026-09-24T00:46:44Z,F,30,available,False,BFI IMAX F 30
2026-09-24T00:46:44Z,F,29,available,False,BFI IMAX F 29
2026-09-24T00:46:44Z,F,28,available,False,BFI IMAX F 28
2026-09-24T00:46:44Z,F,27,available,False,BFI IMAX F 27
2026-09-24T00:46:44Z,F,26,available,False,BFI IMAX F 26
2026-09-24T00:46:44Z,F,25,available,False,BFI IMAX F 25
2026-09-24T00:46:44Z,F,24,available,False,BFI IMAX F 24
2026-09-24T00:46:44Z,F,23,available,False,BFI IMAX F 23
2026-09-24T00:46:44Z,F,22,available,False,BFI IMAX F 22
2026-09-24T00:46:44Z,F,21,available,False,BFI IMAX F 21
2026-09-24T00:46:44Z,F,20,available,False,BFI IMAX F 20
2026-09-24T00:46:44Z,F,19,available,False,BFI IMAX F 19
2026-09-24T00:46:44Z,F,18,available,False,BFI IMAX F 18
2026-09-24T00:46:44Z,F,17,available,False,BFI IMAX F 17
2026-09-24T00:46:44Z,F,16,available,False,BFI IMAX F 16
2026-09-24T00:46:44Z,F,15,available,False,BFI IMAX F 15
2026-09-24T00:46:44Z,F,14,available,False,BFI IMAX F 14
2026-09-24T00:46:44Z,F,13,available,False,BFI IMAX F 13
2026-09-24T00:46:44Z,F,12,available,False,BFI IMAX F 12
2026-09-24T00:46:44Z,F,11,available,False,BFI IMAX F 11
2026-09-24T00:46:44Z,F,10,available,False,BFI IMAX F 10
2026-09-24T00:46:44Z,F,9,available,False,BFI IMAX F 9
2026-09-24T00:46:44Z,F,8,available,False,BFI IMAX F 8
2026-09-24T00:46:44Z,F,7,available,False,BFI IMAX F 7
2026-09-24T00:46:44Z,F,6,available,False,BFI IMAX F 6
2026-09-24T00:46:44Z,F,5,available,False,BFI IMAX F 5
2026-09-24T00:46:44Z,F,4,available,False,BFI IMAX F 4
2026-09-24T00:46:44Z,F,3,available,False,BFI IMAX F 3
2026-09-24T00:46:44Z,F,2,available,False,BFI IMAX F 2
2026-09-24T00:46:44Z,F,1,available,False,BFI IMAX F 1
2026-09-24T00:46:44Z,G,37,available,False,BFI IMAX G 37
2026-09-24T00:46:44Z,G,36,available,False,BFI IMAX G 36
2026-09-24T00:46:44Z,G,35,available,False,BFI IMAX G 35
2026-09-24T00:46:44Z,G,34,available,False,BFI IMAX G 34
2026-09-24T00:46:44Z,G,33,available,False,BFI IMAX G 33
2026-09-24T00:46:44Z,G,32,available,False,BFI IMAX G 32
2026-09-24T00:46:44Z,G,31,available,False,BFI IMAX G 31
2026-09-24T00:46:44Z,G,30,available,False,BFI IMAX G 30
2026-09-24T00:46:44Z,G,29,available,False,BFI IMAX G 29
2026-09-24T00:46:44Z,G,28,available,False,BFI IMAX G 28
2026-09-24T00:46:44Z,G,27,available,False,BFI IMAX G 27
2026-09-24T00:46:44Z,G,26,available,False,BFI IMAX G 26
2026-09-24T00:46:44Z,G,25,available,False,BFI IMAX G 25
2026-09-24T00:46:44Z,G,24,available,False,BFI IMAX G 24
2026-09-24T00:46:44Z,G,23,available,False,BFI IMAX G 23
2026-09-24T00:46:44Z,G,22,available,False,BFI IMAX G 22
2026-09-24T00:46:44Z,G,21,available,False,BFI IMAX G 21
2026-09-24T00:46:44Z,G,20,available,False,BFI IMAX G 20
2026-09-24T00:46:44Z,G,19,available,False,BFI IMAX G 19
2026-09-24T00:46:44Z,G,18,available,False,BFI IMAX G 18
2026-09-24T00:46:44Z,G,17,available,False,BFI IMAX G 17
2026-09-24T00:46:44Z,G,16,available,False,BFI IMAX G 16
2026-09-24T00:46:44Z,G,15,available,False,BFI IMAX G 15
2026-09-24T00:46:44Z,G,14,available,False,BFI IMAX G 14
2026-09-24T00:46:44Z,G,13,available,False,BFI IMAX G 13
2026-09-24T00:46:44Z,G,12,available,False,BFI IMAX G 12
2026-09-24T00:46:44Z,G,11,available,False,BFI IMAX G 11
2026-09-24T00:46:44Z,G,10,available,False,BFI IMAX G 10
2026-09-24T00:46:44Z,G,9,available,False,BFI IMAX G 9
2026-09-24T00:46:44Z,G,8,available,False,BFI IMAX G 8
2026-09-24T00:46:44Z,G,7,available,False,BFI IMAX G 7
2026-09-24T00:46:44Z,G,6,available,False,BFI IMAX G 6
2026-09-24T00:46:44Z,G,5,available,False,BFI IMAX G 5
2026-09-24T00:46:44Z,G,4,available,False,BFI IMAX G 4
2026-09-24T00:46:44Z,G,3,available,False,BFI IMAX G 3
2026-09-24T00:46:44Z,G,2,available,False,BFI IMAX G 2
2026-09-24T00:46:44Z,G,1,available,False,BFI IMAX G 1
2026-09-24T00:46:44Z,H,37,available,False,BFI IMAX H 37
2026-09-24T00:46:44Z,H,36,available,False,BFI IMAX H 36
2026-09-24T00:46:44Z,H,35,available,False,BFI IMAX H 35
2026-09-24T00:46:44Z,H,34,available,False,BFI IMAX H 34
2026-09-24T00:46:44Z,H,33,available,False,BFI IMAX H 33
2026-09-24T00:46:44Z,H,32,available,False,BFI IMAX H 32
2026-09-24T00:46:44Z,H,31,available,False,BFI IMAX H 31
2026-09-24T00:46:44Z,H,30,available,False,BFI IMAX H 30
2026-09-24T00:46:44Z,H,29,available,False,BFI IMAX H 29
2026-09-24T00:46:44Z,H,28,available,False,BFI IMAX H 28
2026-09-24T00:46:44Z,H,27,available,False,BFI IMAX H 27
2026-09-24T00:46:44Z,H,26,available,False,BFI IMAX H 26
2026-09-24T00:46:44Z,H,25,available,False,BFI IMAX H 25
2026-09-24T00:46:44Z,H,24,available,False,BFI IMAX H 24
2026-09-24T00:46:44Z,H,23,available,False,BFI IMAX H 23
2026-09-24T00:46:44Z,H,22,available,False,BFI IMAX H 22
2026-09-24T00:46:44Z,H,21,available,False,BFI IMAX H 21
2026-09-24T00:46:44Z,H,20,available,False,BFI IMAX H 20
2026-09-24T00:46:44Z,H,19,available,False,BFI IMAX H 19
2026-09-24T00:46:44Z,H,18,available,False,BFI IMAX H 18
2026-09-24T00:46:44Z,H,17,available,False,BFI IMAX H 17
2026-09-24T00:46:44Z,H,16,available,False,BFI IMAX H 16
2026-09-24T00:46:44Z,H,15,available,False,BFI IMAX H 15
2026-09-24T00:46:44Z,H,14,available,False,BFI IMAX H 14
2026-09-24T00:46:44Z,H,13,available,False,BFI IMAX H 13
2026-09-24T00:46:44Z,H,12,available,False,BFI IMAX H 12
2026-09-24T00:46:44Z,H,11,available,False,BFI IMAX H 11
2026-09-24T00:46:44Z,H,10,available,False,BFI IMAX H 10
2026-09-24T00:46:44Z,H,9,available,False,BFI IMAX H 9
2026-09-24T00:46:44Z,H,8,available,False,BFI IMAX H 8
2026-09-24T00:46:44Z,H,7,available,False,BFI IMAX H 7
2026-09-24T00:46:44Z,H,6,available,False,BFI IMAX H 6
2026-09-24T00:46:44Z,H,5,available,False,BFI IMAX H 5
2026-09-24T00:46:44Z,H,4,available,False,BFI IMAX H 4
2026-09-24T00:46:44Z,H,3,available,False,BFI IMAX H 3
2026-09-24T00:46:44Z,H,2,available,False,BFI IMAX H 2
2026-09-24T00:46:44Z,H,1,available,False,BFI IMAX H 1
2026-09-24T00:46:44Z,J,36,available,False,BFI IMAX J 36
2026-09-24T00:46:44Z,J,35,available,False,BFI IMAX J 35
2026-09-24T00:46:44Z,J,34,available,False,BFI IMAX J 34
2026-09-24T00:46:44Z,J,33,available,False,BFI IMAX J 33
2026-09-24T00:46:44Z,J,32,available,False,BFI IMAX J 32
2026-09-24T00:46:44Z,J,31,available,False,BFI IMAX J 31
2026-09-24T00:46:44Z,J,30,available,False,BFI IMAX J 30
2026-09-24T00:46:44Z,J,29,available,False,BFI IMAX J 29
2026-09-24T00:46:44Z,J,28,available,False,BFI IMAX J 28
2026-09-24T00:46:44Z,J,27,available,False,BFI IMAX J 27
2026-09-24T00:46:44Z,J,26,available,False,BFI IMAX J 26
2026-09-24T00:46:44Z,J,25,available,False,BFI IMAX J 25
2026-09-24T00:46:44Z,J,24,available,False,BFI IMAX J 24
2026-09-24T00:46:44Z,J,23,available,False,BFI IMAX J 23
2026-09-24T00:46:44Z,J,22,available,False,BFI IMAX J 22
2026-09-24T00:46:44Z,J,21,available,False,BFI IMAX J 21
2026-09-24T00:46:44Z,J,20,available,False,BFI IMAX J 20
2026-09-24T00:46:44Z,J,19,available,False,BFI IMAX J 19
2026-09-24T00:46:44Z,J,18,available,False,BFI IMAX J 18
2026-09-24T00:46:44Z,J,17,available,False,BFI IMAX J 17
2026-09-24T00:46:44Z,J,16,available,False,BFI IMAX J 16
2026-09-24T00:46:44Z,J,15,available,False,BFI IMAX J 15
2026-09-24T00:46:44Z,J,14,available,False,BFI IMAX J 14
2026-09-24T00:46:44Z,J,13,available,False,BFI IMAX J 13
2026-09-24T00:46:44Z,J,12,available,False,BFI IMAX J 12
2026-09-24T00:46:44Z,J,11,available,False,BFI IMAX J 11
2026-09-24T00:46:44Z,J,10,available,False,BFI IMAX J 10
2026-09-24T00:46:44Z,J,9,available,False,BFI IMAX J 9
2026-09-24T00:46:44Z,J,8,available,False,BFI IMAX J 8
2026-09-24T00:46:44Z,J,7,available,False,BFI IMAX J 7
2026-09-24T00:46:44Z,J,6,available,False,BFI IMAX J 6
2026-09-24T00:46:44Z,J,5,available,False,BFI IMAX J 5
2026-09-24T00:46:44Z,J,4,available,False,BFI IMAX J 4
2026-09-24T00:46:44Z,J,3,available,False,BFI IMAX J 3
2026-09-24T00:46:44Z,J,2,available,False,BFI IMAX J 2
2026-09-24T00:46:44Z,J,1,available,False,BFI IMAX J 1
2026-09-24T00:46:44Z,K,36,available,False,BFI IMAX K 36
2026-09-24T00:46:44Z,K,35,available,False,BFI IMAX K 35
2026-09-24T00:46:44Z,K,34,available,False,BFI IMAX K 34
2026-09-24T00:46:44Z,K,33,available,False,BFI IMAX K 33
2026-09-24T00:46:44Z,K,32,available,False,BFI IMAX K 32
2026-09-24T00:46:44Z,K,31,available,False,BFI IMAX K 31
2026-09-24T00:46:44Z,K,30,available,False,BFI IMAX K 30
2026-09-24T00:46:44Z,K,29,available,False,BFI IMAX K 29
2026-09-24T00:46:44Z,K,28,available,False,BFI IMAX K 28
2026-09-24T00:46:44Z,A,13,available,False,BFI IMAX A 13
2026-09-24T00:46:44Z,A,12,available,False,BFI IMAX A 12
2026-09-24T00:46:44Z,K,25,available,False,BFI IMAX K 25
2026-09-24T00:46:44Z,K,24,available,False,BFI IMAX K 24
2026-09-24T00:46:44Z,K,23,available,False,BFI IMAX K 23
2026-09-24T00:46:44Z,K,22,available,False,BFI IMAX K 22
2026-09-24T00:46:44Z,K,21,available,False,BFI IMAX K 21
2026-09-24T00:46:44Z,K,20,available,False,BFI IMAX K 20
2026-09-24T00:46:44Z,K,19,sold,False,BFI IMAX K 19
2026-09-24T00:46:44Z,K,18,available,False,BFI IMAX K 18
2026-09-24T00:46:44Z,K,17,available,False,BFI IMAX K 17
2026-09-24T00:46:44Z,K,16,available,False,BFI IMAX K 16
2026-09-24T00:46:44Z,K,15,available,False,BFI IMAX K 15
2026-09-24T00:46:44Z,K,14,available,False,BFI IMAX K 14
2026-09-24T00:46:44Z,K,13,available,False,BFI IMAX K 13
2026-09-24T00:46:44Z,K,12,available,False,BFI IMAX K 12
2026-09-24T00:46:44Z,K,11,available,False,BFI IMAX K 11
2026-09-24T00:46:44Z,K,10,available,False,BFI IMAX K 10
2026-09-24T00:46:44Z,K,9,available,False,BFI IMAX K 9
2026-09-24T00:46:44Z,K,8,available,False,BFI IMAX K 8
2026-09-24T00:46:44Z,K,7,available,False,BFI IMAX K 7
2026-09-24T00:46:44Z,K,6,available,False,BFI IMAX K 6
2026-09-24T00:46:44Z,K,5,available,False,BFI IMAX K 5
2026-09-24T00:46:44Z,K,4,available,False,BFI IMAX K 4
2026-09-24T00:46:44Z,K,3,available,False,BFI IMAX K 3
2026-09-24T00:46:44Z,K,2,available,False,BFI IMAX K 2
2026-09-24T00:46:44Z,K,1,available,False,BFI IMAX K 1
2026-09-24T00:46:44Z,L,33,available,False,BFI IMAX L 33
2026-09-24T00:46:44Z,L,32,available,False,BFI IMAX L 32
2026-09-24T00:46:44Z,L,31,available,False,BFI IMAX L 31
2026-09-24T00:46:44Z,L,30,available,False,BFI IMAX L 30
2026-09-24T00:46:44Z,L,29,available,False,BFI IMAX L 29
2026-09-24T00:46:44Z,L,28,available,False,BFI IMAX L 28
2026-09-24T00:46:44Z,L,27,available,False,BFI IMAX L 27
2026-09-24T00:46:44Z,L,26,available,False,BFI IMAX L 26
2026-09-24T00:46:44Z,L,8,available,False,BFI IMAX L 8
2026-09-24T00:46:44Z,L,7,available,False,BFI IMAX L 7
2026-09-24T00:46:44Z,L,6,available,False,BFI IMAX L 6
2026-09-24T00:46:44Z,L,5,available,False,BFI IMAX L 5
2026-09-24T00:46:44Z,L,4,available,False,BFI IMAX L 4
2026-09-24T00:46:44Z,L,3,available,False,BFI IMAX L 3
2026-09-24T00:46:44Z,L,2,available,False,BFI IMAX L 2
2026-09-24T00:46:44Z,L,1,available,False,BFI IMAX L 1
2026-09-24T00:46:44Z,M,34,available,False,BFI IMAX M 34
2026-09-24T00:46:44Z,M,33,available,False,BFI IMAX M 33
2026-09-24T00:46:44Z,M,32,available,False,BFI IMAX M 32
2026-09-24T00:46:44Z,M,31,available,False,BFI IMAX M 31
2026-09-24T00:46:44Z,M,30,available,False,BFI IMAX M 30
2026-09-24T00:46:44Z,M,29,available,False,BFI IMAX M 29
2026-09-24T00:46:44Z,M,28,available,False,BFI IMAX M 28
2026-09-24T00:46:44Z,M,27,sold,False,BFI IMAX M 27
2026-09-24T00:46:44Z,M,8,available,False,BFI IMAX M 8
2026-09-24T00:46:44Z,M,7,available,False,BFI IMAX M 7
2026-09-24T00:46:44Z,M,6,available,False,BFI IMAX M 6
2026-09-24T00:46:44Z,M,5,available,False,BFI IMAX M 5
2026-09-24T00:46:44Z,M,4,available,False,BFI IMAX M 4
2026-09-24T00:46:44Z,M,3,available,False,BFI IMAX M 3
2026-09-24T00:46:44Z,M,2,available,False,BFI IMAX M 2
2026-09-24T00:46:44Z,M,1,available,False,BFI IMAX M 1
2026-09-24T00:46:44Z,N,34,unavailable,False,BFI IMAX N 34
2026-09-24T00:46:44Z,N,33,unavailable,False,BFI IMAX N 33
2026-09-24T00:46:44Z,N,32,unavailable,False,BFI IMAX N 32
2026-09-24T00:46:44Z,N,31,unavailable,False,BFI IMAX N 31
2026-09-24T00:46:44Z,N,30,unavailable,False,BFI IMAX N 30
2026-09-24T00:46:44Z,N,29,unavailable,False,BFI IMAX N 29
2026-09-24T00:46:44Z,N,28,unavailable,False,BFI IMAX N 28
2026-09-24T00:46:44Z,N,27,unavailable,False,BFI IMAX N 27
2026-09-24T00:46:44Z,N,8,available,False,BFI IMAX N 8
2026-09-24T00:46:44Z,N,7,available,False,BFI IMAX N 7
2026-09-24T00:46:44Z,N,6,available,False,BFI IMAX N 6
2026-09-24T00:46:44Z,N,5,available,False,BFI IMAX N 5
2026-09-24T00:46:44Z,N,4,available,False,BFI IMAX N 4
2026-09-24T00:46:44Z,N,3,available,False,BFI IMAX N 3
2026-09-24T00:46:44Z,N,2,available,False,BFI IMAX N 2
2026-09-24T00:46:44Z,N,1,available,False,BFI IMAX N 1
2026-09-24T00:46:44Z,A,11,available,False,BFI IMAX A 11
2026-09-24T00:46:44Z,A,10,available,False,BFI IMAX A 10
2026-09-24T00:46:44Z,A,9,available,False,BFI IMAX A 9
2026-09-24T00:46:44Z,A,8,available,False,BFI IMAX A 8
2026-09-24T00:46:44Z,M,15,available,False,BFI IMAX M 15
2026-09-24T00:46:44Z,M,14,available,False,BFI IMAX M 14
2026-09-24T00:46:44Z,M,13,available,False,BFI IMAX M 13
2026-09-24T00:46:44Z,M,12,available,False,BFI IMAX M 12
2026-09-24T00:46:44Z,M,11,available,False,BFI IMAX M 11
2026-09-24T00:46:44Z,M,10,available,False,BFI IMAX M 10
2026-09-24T00:46:44Z,M,9,available,False,BFI IMAX M 9
2026-09-24T00:46:44Z,L,9,available,False,BFI IMAX L 9
2026-09-24T00:46:44Z,L,25,available,False,BFI IMAX L 25
2026-09-24T00:46:44Z,L,24,available,False,BFI IMAX L 24
2026-09-24T00:46:44Z,L,23,available,False,BFI IMAX L 23
2026-09-24T00:46:44Z,L,22,available,False,BFI IMAX L 22
2026-09-24T00:46:44Z,L,21,available,False,BFI IMAX L 21
2026-09-24T00:46:44Z,L,20,available,False,BFI IMAX L 20
2026-09-24T00:46:44Z,L,19,available,False,BFI IMAX L 19
2026-09-24T00:46:44Z,L,18,sold,False,BFI IMAX L 18
2026-09-24T00:46:44Z,L,17,sold,False,BFI IMAX L 17
2026-09-24T00:46:44Z,L,16,available,False,BFI IMAX L 16
2026-09-24T00:46:44Z,L,15,available,False,BFI IMAX L 15
2026-09-24T00:46:44Z,L,14,available,False,BFI IMAX L 14
2026-09-24T00:46:44Z,L,13,available,False,BFI IMAX L 13
2026-09-24T00:46:44Z,L,12,available,False,BFI IMAX L 12
2026-09-24T00:46:44Z,L,11,available,False,BFI IMAX L 11
2026-09-24T00:46:44Z,N,26,unavailable,False,BFI IMAX N 26
2026-09-24T00:46:44Z,N,25,unavailable,False,BFI IMAX N 25
2026-09-24T00:46:44Z,N,24,unavailable,False,BFI IMAX N 24
2026-09-24T00:46:44Z,N,23,unavailable,False,BFI IMAX N 23
2026-09-24T00:46:44Z,N,22,available,False,BFI IMAX N 22
2026-09-24T00:46:44Z,N,21,available,False,BFI IMAX N 21
2026-09-24T00:46:44Z,N,20,available,False,BFI IMAX N 20
2026-09-24T00:46:44Z,N,19,available,False,BFI IMAX N 19
2026-09-24T00:46:44Z,N,18,available,False,BFI IMAX N 18
2026-09-24T00:46:44Z,N,17,available,False,BFI IMAX N 17
2026-09-24T00:46:44Z,N,16,available,False,BFI IMAX N 16
2026-09-24T00:46:44Z,N,15,available,False,BFI IMAX N 15
2026-09-24T00:46:44Z,N,14,available,False,BFI IMAX N 14
2026-09-24T00:46:44Z,N,13,available,False,BFI IMAX N 13
2026-09-24T00:46:44Z,N,12,unavailable,False,BFI IMAX N 12
2026-09-24T00:46:44Z,N,11,unavailable,False,BFI IMAX N 11
2026-09-24T00:46:44Z,N,10,unavailable,False,BFI IMAX N 10
2026-09-24T00:46:44Z,N,9,unavailable,False,BFI IMAX N 9
2026-09-24T00:46:44Z,L,10,available,False,BFI IMAX L 10
2026-09-24T00:46:44Z,M,26,available,False,BFI IMAX M 26
2026-09-24T00:46:44Z,M,25,available,False,BFI IMAX M 25
2026-09-24T00:46:44Z,M,24,available,False,BFI IMAX M 24
2026-09-24T00:46:44Z,M,23,available,False,BFI IMAX M 23
2026-09-24T00:46:44Z,M,22,available,False,BFI IMAX M 22
2026-09-24T00:46:44Z,M,21,available,False,BFI IMAX M 21
2026-09-24T00:46:44Z,M,20,available,False,BFI IMAX M 20
2026-09-24T00:46:44Z,M,19,available,False,BFI IMAX M 19
2026-09-24T00:46:44Z,M,18,available,False,BFI IMAX M 18
2026-09-24T00:46:44Z,M,17,available,False,BFI IMAX M 17
2026-09-24T00:46:44Z,M,16,available,False,BFI IMAX M 16
2026-09-24T00:46:44Z,P,27,available,True,BFI IMAX P 27
2026-09-24T00:46:44Z,P,26,unavailable,False,BFI IMAX P 26
2026-09-24T00:46:44Z,P,6,unavailable,False,BFI IMAX P 6
2026-09-24T00:46:44Z,P,5,available,True,BFI IMAX P 5
2026-09-24T00:46:44Z,P,31,unavailable,False,BFI IMAX P 31
2026-09-24T00:46:44Z,P,30,available,True,BFI IMAX P 30
2026-09-24T00:46:44Z,P,2,available,True,BFI IMAX P 2
2026-09-24T00:46:44Z,P,1,unavailable,False,BFI IMAX P 1
2026-09-24T00:46:44Z,P,21,available,False,BFI IMAX P 21
2026-09-24T00:46:44Z,P,20,available,False,BFI IMAX P 20
2026-09-24T00:46:44Z,P,19,available,False,BFI IMAX P 19
2026-09-24T00:46:44Z,P,18,available,False,BFI IMAX P 18
2026-09-24T00:46:44Z,P,17,available,False,BFI IMAX P 17
2026-09-24T00:46:44Z,P,16,available,False,BFI IMAX P 16
2026-09-24T00:46:44Z,P,15,available,False,BFI IMAX P 15
2026-09-24T00:46:44Z,P,14,available,False,BFI IMAX P 14
2026-09-24T00:46:44Z,P,13,available,False,BFI IMAX P 13
2026-09-24T00:46:44Z,P,12,available,False,BFI IMAX P 12
2026-09-24T00:46:44Z,P,11,available,False,BFI IMAX P 11
2026-09-24T00:46:44Z,P,9,available,False,BFI IMAX P 9
2026-09-24T00:46:44Z,P,8,available,False,BFI IMAX P 8
2026-09-24T00:46:44Z,P,7,available,False,BFI IMAX P 7
2026-09-24T00:46:44Z,P,10,available,False,BFI IMAX P 10
2026-09-24T00:46:44Z,P,25,available,False,BFI IMAX P 25
2026-09-24T00:46:44Z,P,24,available,False,BFI IMAX P 24
2026-09-24T00:46:44Z,P,23,available,False,BFI IMAX P 23
2026-09-24T00:46:44Z,P,22,available,False,BFI IMAX P 22
2026-09-24T00:46:44Z,Q,18,sold,False,BFI IMAX Q 18
2026-09-24T00:46:44Z,Q,17,available,False,BFI IMAX Q 17
2026-09-24T00:46:44Z,Q,16,available,False,BFI IMAX Q 16
2026-09-24T00:46:44Z,Q,15,available,False,BFI IMAX Q 15
2026-09-24T00:46:44Z,Q,14,available,False,BFI IMAX Q 14
2026-09-24T00:46:44Z,Q,13,available,False,BFI IMAX Q 13
2026-09-24T00:46:44Z,Q,12,available,False,BFI IMAX Q 12
2026-09-24T00:46:44Z,Q,11,available,False,BFI IMAX Q 11
2026-09-24T00:46:44Z,Q,10,available,False,BFI IMAX Q 10
2026-09-24T00:46:44Z,Q,9,sold,False,BFI IMAX Q 9
2026-09-24T00:46:44Z,Q,8,available,False,BFI IMAX Q 8
2026-09-24T00:46:44Z,Q,7,available,False,BFI IMAX Q 7
2026-09-24T00:46:44Z,Q,6,available,False,BFI IMAX Q 6
2026-09-24T00:46:44Z,Q,5,available,False,BFI IMAX Q 5
2026-09-24T00:46:44Z,Q,4,available,False,BFI IMAX Q 4
2026-09-24T00:46:44Z,Q,3,available,False,BFI IMAX Q 3
2026-09-24T00:46:44Z,Q,2,available,False,BFI IMAX Q 2
2026-09-24T00:46:44Z,Q,1,available,False,BFI IMAX Q 1
2026-09-24T05:43:11Z,K,27,unavailable,False,BFI IMAX K 27
2026-09-24T05:43:11Z,K,26,unavailable,False,BFI IMAX K 26
2026-09-24T05:43:11Z,P,29,available,True,BFI IMAX P 29
2026-09-24T05:43:11Z,P,28,available,True,BFI IMAX P 28
2026-09-24T05:43:11Z,P,4,available,True,BFI IMAX P 4
2026-09-24T05:43:11Z,P,3,available,True,BFI IMAX P 3
2026-09-24T05:43:11Z,A,7,available,False,BFI IMAX A 7
2026-09-24T05:43:11Z,A,6,available,False,BFI IMAX A 6
2026-09-24T05:43:11Z,A,5,available,False,BFI IMAX A 5
2026-09-24T05:43:11Z,A,4,available,False,BFI IMAX A 4
2026-09-24T05:43:11Z,A,3,available,False,BFI IMAX A 3
2026-09-24T05:43:11Z,A,2,available,False,BFI IMAX A 2
2026-09-24T05:43:11Z,A,1,available,False,BFI IMAX A 1
2026-09-24T05:43:11Z,B,36,available,False,BFI IMAX B 36
2026-09-24T05:43:11Z,B,35,available,False,BFI IMAX B 35
2026-09-24T05:43:11Z,B,34,available,False,BFI IMAX B 34
2026-09-24T05:43:11Z,B,33,available,False,BFI IMAX B 33
2026-09-24T05:43:11Z,B,32,available,False,BFI IMAX B 32
2026-09-24T05:43:11Z,B,31,available,False,BFI IMAX B 31
2026-09-24T05:43:11Z,B,30,available,False,BFI IMAX B 30
2026-09-24T05:43:11Z,B,29,available,False,BFI IMAX B 29
2026-09-24T05:43:11Z,B,28,available,False,BFI IMAX B 28
2026-09-24T05:43:11Z,B,27,available,False,BFI IMAX B 27
2026-09-24T05:43:11Z,B,26,available,False,BFI IMAX B 26
2026-09-24T05:43:11Z,B,25,available,False,BFI IMAX B 25
2026-09-24T05:43:11Z,B,24,available,False,BFI IMAX B 24
2026-09-24T05:43:11Z,B,23,available,False,BFI IMAX B 23
2026-09-24T05:43:11Z,B,22,available,False,BFI IMAX B 22
2026-09-24T05:43:11Z,B,21,available,False,BFI IMAX B 21
2026-09-24T05:43:11Z,B,20,available,False,BFI IMAX B 20
2026-09-24T05:43:11Z,B,19,available,False,BFI IMAX B 19
2026-09-24T05:43:11Z,B,18,available,False,BFI IMAX B 18
2026-09-24T05:43:11Z,B,17,available,False,BFI IMAX B 17
2026-09-24T05:43:11Z,B,16,available,False,BFI IMAX B 16
2026-09-24T05:43:11Z,B,15,available,False,BFI IMAX B 15
2026-09-24T05:43:11Z,B,14,available,False,BFI IMAX B 14
2026-09-24T05:43:11Z,B,13,available,False,BFI IMAX B 13
2026-09-24T05:43:11Z,B,12,available,False,BFI IMAX B 12
2026-09-24T05:43:11Z,B,11,available,False,BFI IMAX B 11
2026-09-24T05:43:11Z,B,10,available,False,BFI IMAX B 10
2026-09-24T05:43:11Z,B,9,available,False,BFI IMAX B 9
2026-09-24T05:43:11Z,B,8,available,False,BFI IMAX B 8
2026-09-24T05:43:11Z,B,7,available,False,BFI IMAX B 7
2026-09-24T05:43:11Z,B,6,available,False,BFI IMAX B 6
2026-09-24T05:43:11Z,B,5,available,False,BFI IMAX B 5
2026-09-24T05:43:11Z,B,4,available,False,BFI IMAX B 4
2026-09-24T05:43:11Z,B,3,available,False,BFI IMAX B 3
2026-09-24T05:43:11Z,B,2,available,False,BFI IMAX B 2
2026-09-24T05:43:11Z,B,1,available,False,BFI IMAX B 1
2026-09-24T05:43:11Z,C,36,available,False,BFI IMAX C 36
2026-09-24T05:43:11Z,C,35,available,False,BFI IMAX C 35
2026-09-24T05:43:11Z,C,34,available,False,BFI IMAX C 34
2026-09-24T05:43:11Z,C,33,available,False,BFI IMAX C 33
2026-09-24T05:43:11Z,C,32,available,False,BFI IMAX C 32
2026-09-24T05:43:11Z,C,31,available,False,BFI IMAX C 31
2026-09-24T05:43:11Z,C,30,available,False,BFI IMAX C 30
2026-09-24T05:43:11Z,C,29,available,False,BFI IMAX C 29
2026-09-24T05:43:11Z,C,28,available,False,BFI IMAX C 28
2026-09-24T05:43:11Z,C,27,available,False,BFI IMAX C 27
2026-09-24T05:43:11Z,C,26,available,False,BFI IMAX C 26
2026-09-24T05:43:11Z,C,25,sold,False,BFI IMAX C 25
2026-09-24T05:43:11Z,C,24,available,False,BFI IMAX C 24
2026-09-24T05:43:11Z,C,23,available,False,BFI IMAX C 23
2026-09-24T05:43:11Z,C,22,available,False,BFI IMAX C 22
2026-09-24T05:43:11Z,C,21,available,False,BFI IMAX C 21
2026-09-24T05:43:11Z,C,20,available,False,BFI IMAX C 20
2026-09-24T05:43:11Z,C,19,available,False,BFI IMAX C 19
2026-09-24T05:43:11Z,C,18,available,False,BFI IMAX C 18
2026-09-24T05:43:11Z,C,17,available,False,BFI IMAX C 17
2026-09-24T05:43:11Z,C,16,available,False,BFI IMAX C 16
2026-09-24T05:43:11Z,C,15,available,False,BFI IMAX C 15
2026-09-24T05:43:11Z,C,14,available,False,BFI IMAX C 14
2026-09-24T05:43:11Z,C,13,available,False,BFI IMAX C 13
2026-09-24T05:43:11Z,C,12,available,False,BFI IMAX C 12
2026-09-24T05:43:11Z,C,11,available,False,BFI IMAX C 11
2026-09-24T05:43:11Z,C,10,available,False,BFI IMAX C 10
2026-09-24T05:43:11Z,C,9,available,False,BFI IMAX C 9
2026-09-24T05:43:11Z,C,8,available,False,BFI IMAX C 8
2026-09-24T05:43:11Z,C,7,available,False,BFI IMAX C 7
2026-09-24T05:43:11Z,C,6,available,False,BFI IMAX C 6
2026-09-24T05:43:11Z,C,5,available,False,BFI IMAX C 5
2026-09-24T05:43:11Z,C,4,available,False,BFI IMAX C 4
2026-09-24T05:43:11Z,C,3,available,False,BFI IMAX C 3
2026-09-24T05:43:11Z,C,2,available,False,BFI IMAX C 2
2026-09-24T05:43:11Z,C,1,available,False,BFI IMAX C 1
2026-09-24T05:43:11Z,D,37,available,False,BFI IMAX D 37
2026-09-24T05:43:11Z,D,36,available,False,BFI IMAX D 36
2026-09-24T05:43:11Z,D,35,available,False,BFI IMAX D 35
2026-09-24T05:43:11Z,D,34,available,False,BFI IMAX D 34
2026-09-24T05:43:11Z,D,33,available,False,BFI IMAX D 33
2026-09-24T05:43:11Z,D,32,available,False,BFI IMAX D 32
2026-09-24T05:43:11Z,D,31,available,False,BFI IMAX D 31
2026-09-24T05:43:11Z,D,30,available,False,BFI IMAX D 30
2026-09-24T05:43:11Z,D,29,available,False,BFI IMAX D 29
2026-09-24T05:43:11Z,D,28,available,False,BFI IMAX D 28
2026-09-24T05:43:11Z,D,27,available,False,BFI IMAX D 27
2026-09-24T05:43:11Z,D,26,available,False,BFI IMAX D 26
2026-09-24T05:43:11Z,D,25,available,False,BFI IMAX D 25
2026-09-24T05:43:11Z,D,24,available,False,BFI IMAX D 24
2026-09-24T05:43:11Z,D,23,available,False,BFI IMAX D 23
2026-09-24T05:43:11Z,D,22,available,False,BFI IMAX D 22
2026-09-24T05:43:11Z,D,21,available,False,BFI IMAX D 21
2026-09-24T05:43:11Z,D,20,available,False,BFI IMAX D 20
2026-09-24T05:43:11Z,D,19,available,False,BFI IMAX D 19
2026-09-24T05:43:11Z,D,18,available,False,BFI IMAX D 18
2026-09-24T05:43:11Z,D,17,available,False,BFI IMAX D 17
2026-09-24T05:43:11Z,D,16,available,False,BFI IMAX D 16
2026-09-24T05:43:11Z,D,15,available,False,BFI IMAX D 15
2026-09-24T05:43:11Z,D,14,available,False,BFI IMAX D 14
2026-09-24T05:43:11Z,D,13,available,False,BFI IMAX D 13
2026-09-24T05:43:11Z,D,12,available,False,BFI IMAX D 12
2026-09-24T05:43:11Z,D,11,available,False,BFI IMAX D 11
2026-09-24T05:43:11Z,D,10,available,False,BFI IMAX D 10
2026-09-24T05:43:11Z,D,9,available,False,BFI IMAX D 9
2026-09-24T05:43:11Z,D,8,available,False,BFI IMAX D 8
2026-09-24T05:43:11Z,D,7,available,False,BFI IMAX D 7
2026-09-24T05:43:11Z,D,6,available,False,BFI IMAX D 6
2026-09-24T05:43:11Z,D,5,available,False,BFI IMAX D 5
2026-09-24T05:43:11Z,D,4,available,False,BFI IMAX D 4
2026-09-24T05:43:11Z,D,3,available,False,BFI IMAX D 3
2026-09-24T05:43:11Z,D,2,available,False,BFI IMAX D 2
2026-09-24T05:43:11Z,D,1,available,False,BFI IMAX D 1
2026-09-24T05:43:11Z,E,37,available,False,BFI IMAX E 37
2026-09-24T05:43:11Z,E,36,available,False,BFI IMAX E 36
2026-09-24T05:43:11Z,E,35,available,False,BFI IMAX E 35
2026-09-24T05:43:11Z,E,34,available,False,BFI IMAX E 34
2026-09-24T05:43:11Z,E,33,available,False,BFI IMAX E 33
2026-09-24T05:43:11Z,E,32,available,False,BFI IMAX E 32
2026-09-24T05:43:11Z,E,31,available,False,BFI IMAX E 31
2026-09-24T05:43:11Z,E,30,available,False,BFI IMAX E 30
2026-09-24T05:43:11Z,E,29,available,False,BFI IMAX E 29
2026-09-24T05:43:11Z,E,28,available,False,BFI IMAX E 28
2026-09-24T05:43:11Z,E,27,available,False,BFI IMAX E 27
2026-09-24T05:43:11Z,E,26,available,False,BFI IMAX E 26
2026-09-24T05:43:11Z,E,25,available,False,BFI IMAX E 25
2026-09-24T05:43:11Z,E,24,available,False,BFI IMAX E 24
2026-09-24T05:43:11Z,E,23,available,False,BFI IMAX E 23
2026-09-24T05:43:11Z,E,22,available,False,BFI IMAX E 22
2026-09-24T05:43:11Z,E,21,available,False,BFI IMAX E 21
2026-09-24T05:43:11Z,E,20,available,False,BFI IMAX E 20
2026-09-24T05:43:11Z,E,19,available,False,BFI IMAX E 19
2026-09-24T05:43:11Z,E,18,available,False,BFI IMAX E 18
2026-09-24T05:43:11Z,E,17,available,False,BFI IMAX E 17
2026-09-24T05:43:11Z,E,16,available,False,BFI IMAX E 16
2026-09-24T05:43:11Z,E,15,available,False,BFI IMAX E 15
2026-09-24T05:43:11Z,E,14,available,False,BFI IMAX E 14
2026-09-24T05:43:11Z,E,13,available,False,BFI IMAX E 13
2026-09-24T05:43:11Z,E,12,available,False,BFI IMAX E 12
2026-09-24T05:43:11Z,E,11,available,False,BFI IMAX E 11
2026-09-24T05:43:11Z,E,10,available,False,BFI IMAX E 10
2026-09-24T05:43:11Z,E,9,available,False,BFI IMAX E 9
2026-09-24T05:43:11Z,E,8,available,False,BFI IMAX E 8
2026-09-24T05:43:11Z,E,7,available,False,BFI IMAX E 7
2026-09-24T05:43:11Z,E,6,available,False,BFI IMAX E 6
2026-09-24T05:43:11Z,E,5,available,False,BFI IMAX E 5
2026-09-24T05:43:11Z,E,4,available,False,BFI IMAX E 4
2026-09-24T05:43:11Z,E,3,available,False,BFI IMAX E 3
2026-09-24T05:43:11Z,E,2,available,False,BFI IMAX E 2
2026-09-24T05:43:11Z,E,1,available,False,BFI IMAX E 1
2026-09-24T05:43:11Z,F,38,available,False,BFI IMAX F 38
2026-09-24T05:43:11Z,F,37,available,False,BFI IMAX F 37
2026-09-24T05:43:11Z,F,36,available,False,BFI IMAX F 36
2026-09-24T05:43:11Z,F,35,available,False,BFI IMAX F 35
2026-09-24T05:43:11Z,F,34,available,False,BFI IMAX F 34
2026-09-24T05:43:11Z,F,33,available,False,BFI IMAX F 33
2026-09-24T05:43:11Z,F,32,available,False,BFI IMAX F 32
2026-09-24T05:43:11Z,F,31,available,False,BFI IMAX F 31
2026-09-24T05:43:11Z,F,30,available,False,BFI IMAX F 30
2026-09-24T05:43:11Z,F,29,available,False,BFI IMAX F 29
2026-09-24T05:43:11Z,F,28,available,False,BFI IMAX F 28
2026-09-24T05:43:11Z,F,27,available,False,BFI IMAX F 27
2026-09-24T05:43:11Z,F,26,available,False,BFI IMAX F 26
2026-09-24T05:43:11Z,F,25,available,False,BFI IMAX F 25
2026-09-24T05:43:11Z,F,24,available,False,BFI IMAX F 24
2026-09-24T05:43:11Z,F,23,available,False,BFI IMAX F 23
2026-09-24T05:43:11Z,F,22,available,False,BFI IMAX F 22
2026-09-24T05:43:11Z,F,21,available,False,BFI IMAX F 21
2026-09-24T05:43:11Z,F,20,available,False,BFI IMAX F 20
2026-09-24T05:43:11Z,F,19,available,False,BFI IMAX F 19
2026-09-24T05:43:11Z,F,18,available,False,BFI IMAX F 18
2026-09-24T05:43:11Z,F,17,available,False,BFI IMAX F 17
2026-09-24T05:43:11Z,F,16,available,False,BFI IMAX F 16
2026-09-24T05:43:11Z,F,15,available,False,BFI IMAX F 15
2026-09-24T05:43:11Z,F,14,available,False,BFI IMAX F 14
2026-09-24T05:43:11Z,F,13,available,False,BFI IMAX F 13
2026-09-24T05:43:11Z,F,12,available,False,BFI IMAX F 12
2026-09-24T05:43:11Z,F,11,available,False,BFI IMAX F 11
2026-09-24T05:43:11Z,F,10,available,False,BFI IMAX F 10
2026-09-24T05:43:11Z,F,9,available,False,BFI IMAX F 9
2026-09-24T05:43:11Z,F,8,available,False,BFI IMAX F 8
2026-09-24T05:43:11Z,F,7,available,False,BFI IMAX F 7
2026-09-24T05:43:11Z,F,6,available,False,BFI IMAX F 6
2026-09-24T05:43:11Z,F,5,available,False,BFI IMAX F 5
2026-09-24T05:43:11Z,F,4,available,False,BFI IMAX F 4
2026-09-24T05:43:11Z,F,3,available,False,BFI IMAX F 3
2026-09-24T05:43:11Z,F,2,available,False,BFI IMAX F 2
2026-09-24T05:43:11Z,F,1,available,False,BFI IMAX F 1
2026-09-24T05:43:11Z,G,37,available,False,BFI IMAX G 37
2026-09-24T05:43:11Z,G,36,available,False,BFI IMAX G 36
2026-09-24T05:43:11Z,G,35,available,False,BFI IMAX G 35
2026-09-24T05:43:11Z,G,34,available,False,BFI IMAX G 34
2026-09-24T05:43:11Z,G,33,available,False,BFI IMAX G 33
2026-09-24T05:43:11Z,G,32,available,False,BFI IMAX G 32
2026-09-24T05:43:11Z,G,31,available,False,BFI IMAX G 31
2026-09-24T05:43:11Z,G,30,available,False,BFI IMAX G 30
2026-09-24T05:43:11Z,G,29,available,False,BFI IMAX G 29
2026-09-24T05:43:11Z,G,28,available,False,BFI IMAX G 28
2026-09-24T05:43:11Z,G,27,available,False,BFI IMAX G 27
2026-09-24T05:43:11Z,G,26,available,False,BFI IMAX G 26
2026-09-24T05:43:11Z,G,25,available,False,BFI IMAX G 25
2026-09-24T05:43:11Z,G,24,available,False,BFI IMAX G 24
2026-09-24T05:43:11Z,G,23,available,False,BFI IMAX G 23
2026-09-24T05:43:11Z,G,22,available,False,BFI IMAX G 22
2026-09-24T05:43:11Z,G,21,available,False,BFI IMAX G 21
2026-09-24T05:43:11Z,G,20,available,False,BFI IMAX G 20
2026-09-24T05:43:11Z,G,19,available,False,BFI IMAX G 19
2026-09-24T05:43:11Z,G,18,available,False,BFI IMAX G 18
2026-09-24T05:43:11Z,G,17,available,False,BFI IMAX G 17
2026-09-24T05:43:11Z,G,16,available,False,BFI IMAX G 16
2026-09-24T05:43:11Z,G,15,available,False,BFI IMAX G 15
2026-09-24T05:43:11Z,G,14,available,False,BFI IMAX G 14
2026-09-24T05:43:11Z,G,13,available,False,BFI IMAX G 13
2026-09-24T05:43:11Z,G,12,available,False,BFI IMAX G 12
2026-09-24T05:43:11Z,G,11,available,False,BFI IMAX G 11
2026-09-24T05:43:11Z,G,10,available,False,BFI IMAX G 10
2026-09-24T05:43:11Z,G,9,available,False,BFI IMAX G 9
2026-09-24T05:43:11Z,G,8,available,False,BFI IMAX G 8
2026-09-24T05:43:11Z,G,7,available,False,BFI IMAX G 7
2026-09-24T05:43:11Z,G,6,available,False,BFI IMAX G 6
2026-09-24T05:43:11Z,G,5,available,False,BFI IMAX G 5
2026-09-24T05:43:11Z,G,4,available,False,BFI IMAX G 4
2026-09-24T05:43:11Z,G,3,available,False,BFI IMAX G 3
2026-09-24T05:43:11Z,G,2,available,False,BFI IMAX G 2
2026-09-24T05:43:11Z,G,1,available,False,BFI IMAX G 1
2026-09-24T05:43:11Z,H,37,available,False,BFI IMAX H 37
2026-09-24T05:43:11Z,H,36,available,False,BFI IMAX H 36
2026-09-24T05:43:11Z,H,35,available,False,BFI IMAX H 35
2026-09-24T05:43:11Z,H,34,available,False,BFI IMAX H 34
2026-09-24T05:43:11Z,H,33,available,False,BFI IMAX H 33
2026-09-24T05:43:11Z,H,32,available,False,BFI IMAX H 32
2026-09-24T05:43:11Z,H,31,available,False,BFI IMAX H 31
2026-09-24T05:43:11Z,H,30,available,False,BFI IMAX H 30
2026-09-24T05:43:11Z,H,29,available,False,BFI IMAX H 29
2026-09-24T05:43:11Z,H,28,available,False,BFI IMAX H 28
2026-09-24T05:43:11Z,H,27,available,False,BFI IMAX H 27
2026-09-24T05:43:11Z,H,26,available,False,BFI IMAX H 26
2026-09-24T05:43:11Z,H,25,available,False,BFI IMAX H 25
2026-09-24T05:43:11Z,H,24,available,False,BFI IMAX H 24
2026-09-24T05:43:11Z,H,23,available,False,BFI IMAX H 23
2026-09-24T05:43:11Z,H,22,available,False,BFI IMAX H 22
2026-09-24T05:43:11Z,H,21,available,False,BFI IMAX H 21
2026-09-24T05:43:11Z,H,20,available,False,BFI IMAX H 20
2026-09-24T05:43:11Z,H,19,available,False,BFI IMAX H 19
2026-09-24T05:43:11Z,H,18,available,False,BFI IMAX H 18
2026-09-24T05:43:11Z,H,17,available,False,BFI IMAX H 17
2026-09-24T05:43:11Z,H,16,available,False,BFI IMAX H 16
2026-09-24T05:43:11Z,H,15,available,False,BFI IMAX H 15
2026-09-24T05:43:11Z,H,14,available,False,BFI IMAX H 14
2026-09-24T05:43:11Z,H,13,available,False,BFI IMAX H 13
2026-09-24T05:43:11Z,H,12,available,False,BFI IMAX H 12
2026-09-24T05:43:11Z,H,11,available,False,BFI IMAX H 11
2026-09-24T05:43:11Z,H,10,available,False,BFI IMAX H 10
2026-09-24T05:43:11Z,H,9,available,False,BFI IMAX H 9
2026-09-24T05:43:11Z,H,8,available,False,BFI IMAX H 8
2026-09-24T05:43:11Z,H,7,available,False,BFI IMAX H 7
2026-09-24T05:43:11Z,H,6,available,False,BFI IMAX H 6
2026-09-24T05:43:11Z,H,5,available,False,BFI IMAX H 5
2026-09-24T05:43:11Z,H,4,available,False,BFI IMAX H 4
2026-09-24T05:43:11Z,H,3,available,False,BFI IMAX H 3
2026-09-24T05:43:11Z,H,2,available,False,BFI IMAX H 2
2026-09-24T05:43:11Z,H,1,available,False,BFI IMAX H 1
2026-09-24T05:43:11Z,J,36,available,False,BFI IMAX J 36
2026-09-24T05:43:11Z,J,35,available,False,BFI IMAX J 35
2026-09-24T05:43:11Z,J,34,available,False,BFI IMAX J 34
2026-09-24T05:43:11Z,J,33,available,False,BFI IMAX J 33
2026-09-24T05:43:11Z,J,32,available,False,BFI IMAX J 32
2026-09-24T05:43:11Z,J,31,available,False,BFI IMAX J 31
2026-09-24T05:43:11Z,J,30,available,False,BFI IMAX J 30
2026-09-24T05:43:11Z,J,29,available,False,BFI IMAX J 29
2026-09-24T05:43:11Z,J,28,available,False,BFI IMAX J 28
2026-09-24T05:43:11Z,J,27,available,False,BFI IMAX J 27
2026-09-24T05:43:11Z,J,26,available,False,BFI IMAX J 26
2026-09-24T05:43:11Z,J,25,available,False,BFI IMAX J 25
2026-09-24T05:43:11Z,J,24,available,False,BFI IMAX J 24
2026-09-24T05:43:11Z,J,23,available,False,BFI IMAX J 23
2026-09-24T05:43:11Z,J,22,available,False,BFI IMAX J 22
2026-09-24T05:43:11Z,J,21,available,False,BFI IMAX J 21
2026-09-24T05:43:11Z,J,20,available,False,BFI IMAX J 20
2026-09-24T05:43:11Z,J,19,available,False,BFI IMAX J 19
2026-09-24T05:43:11Z,J,18,available,False,BFI IMAX J 18
2026-09-24T05:43:11Z,J,17,available,False,BFI IMAX J 17
2026-09-24T05:43:11Z,J,16,available,False,BFI IMAX J 16
2026-09-24T05:43:11Z,J,15,available,False,BFI IMAX J 15
2026-09-24T05:43:11Z,J,14,available,False,BFI IMAX J 14
2026-09-24T05:43:11Z,J,13,available,False,BFI IMAX J 13
2026-09-24T05:43:11Z,J,12,available,False,BFI IMAX J 12
2026-09-24T05:43:11Z,J,11,available,False,BFI IMAX J 11
2026-09-24T05:43:11Z,J,10,available,False,BFI IMAX J 10
2026-09-24T05:43:11Z,J,9,available,False,BFI IMAX J 9
2026-09-24T05:43:11Z,J,8,available,False,BFI IMAX J 8
2026-09-24T05:43:11Z,J,7,available,False,BFI IMAX J 7
2026-09-24T05:43:11Z,J,6,available,False,BFI IMAX J 6
2026-09-24T05:43:11Z,J,5,available,False,BFI IMAX J 5
2026-09-24T05:43:11Z,J,4,available,False,BFI IMAX J 4
2026-09-24T05:43:11Z,J,3,available,False,BFI IMAX J 3
2026-09-24T05:43:11Z,J,2,available,False,BFI IMAX J 2
2026-09-24T05:43:11Z,J,1,available,False,BFI IMAX J 1
2026-09-24T05:43:11Z,K,36,available,False,BFI IMAX K 36
2026-09-24T05:43:11Z,K,35,available,False,BFI IMAX K 35
2026-09-24T05:43:11Z,K,34,available,False,BFI IMAX K 34
2026-09-24T05:43:11Z,K,33,available,False,BFI IMAX K 33
2026-09-24T05:43:11Z,K,32,available,False,BFI IMAX K 32
2026-09-24T05:43:11Z,K,31,available,False,BFI IMAX K 31
2026-09-24T05:43:11Z,K,30,available,False,BFI IMAX K 30
2026-09-24T05:43:11Z,K,29,available,False,BFI IMAX K 29
2026-09-24T05:43:11Z,K,28,available,False,BFI IMAX K 28
2026-09-24T05:43:11Z,A,13,available,False,BFI IMAX A 13
2026-09-24T05:43:11Z,A,12,available,False,BFI IMAX A 12
2026-09-24T05:43:11Z,K,25,available,False,BFI IMAX K 25
2026-09-24T05:43:11Z,K,24,available,False,BFI IMAX K 24
2026-09-24T05:43:11Z,K,23,available,False,BFI IMAX K 23
2026-09-24T05:43:11Z,K,22,available,False,BFI IMAX K 22
2026-09-24T05:43:11Z,K,21,available,False,BFI IMAX K 21
2026-09-24T05:43:11Z,K,20,available,False,BFI IMAX K 20
2026-09-24T05:43:11Z,K,19,sold,False,BFI IMAX K 19
2026-09-24T05:43:11Z,K,18,available,False,BFI IMAX K 18
2026-09-24T05:43:11Z,K,17,available,False,BFI IMAX K 17
2026-09-24T05:43:11Z,K,16,available,False,BFI IMAX K 16
2026-09-24T05:43:11Z,K,15,available,False,BFI IMAX K 15
2026-09-24T05:43:11Z,K,14,available,False,BFI IMAX K 14
2026-09-24T05:43:11Z,K,13,available,False,BFI IMAX K 13
2026-09-24T05:43:11Z,K,12,available,False,BFI IMAX K 12
2026-09-24T05:43:11Z,K,11,available,False,BFI IMAX K 11
2026-09-24T05:43:11Z,K,10,available,False,BFI IMAX K 10
2026-09-24T05:43:11Z,K,9,available,False,BFI IMAX K 9
2026-09-24T05:43:11Z,K,8,available,False,BFI IMAX K 8
2026-09-24T05:43:11Z,K,7,available,False,BFI IMAX K 7
2026-09-24T05:43:11Z,K,6,available,False,BFI IMAX K 6
2026-09-24T05:43:11Z,K,5,available,False,BFI IMAX K 5
2026-09-24T05:43:11Z,K,4,available,False,BFI IMAX K 4
2026-09-24T05:43:11Z,K,3,available,False,BFI IMAX K 3
2026-09-24T05:43:11Z,K,2,available,False,BFI IMAX K 2
2026-09-24T05:43:11Z,K,1,available,False,BFI IMAX K 1
2026-09-24T05:43:11Z,L,33,available,False,BFI IMAX L 33
2026-09-24T05:43:11Z,L,32,available,False,BFI IMAX L 32
2026-09-24T05:43:11Z,L,31,available,False,BFI IMAX L 31
2026-09-24T05:43:11Z,L,30,available,False,BFI IMAX L 30
2026-09-24T05:43:11Z,L,29,available,False,BFI IMAX L 29
2026-09-24T05:43:11Z,L,28,available,False,BFI IMAX L 28
2026-09-24T05:43:11Z,L,27,available,False,BFI IMAX L 27
2026-09-24T05:43:11Z,L,26,available,False,BFI IMAX L 26
2026-09-24T05:43:11Z,L,8,available,False,BFI IMAX L 8
2026-09-24T05:43:11Z,L,7,available,False,BFI IMAX L 7
2026-09-24T05:43:11Z,L,6,available,False,BFI IMAX L 6
2026-09-24T05:43:11Z,L,5,available,False,BFI IMAX L 5
2026-09-24T05:43:11Z,L,4,available,False,BFI IMAX L 4
2026-09-24T05:43:11Z,L,3,available,False,BFI IMAX L 3
2026-09-24T05:43:11Z,L,2,available,False,BFI IMAX L 2
2026-09-24T05:43:11Z,L,1,available,False,BFI IMAX L 1
2026-09-24T05:43:11Z,M,34,available,False,BFI IMAX M 34
2026-09-24T05:43:11Z,M,33,available,False,BFI IMAX M 33
2026-09-24T05:43:11Z,M,32,available,False,BFI IMAX M 32
2026-09-24T05:43:11Z,M,31,available,False,BFI IMAX M 31
2026-09-24T05:43:11Z,M,30,available,False,BFI IMAX M 30
2026-09-24T05:43:11Z,M,29,available,False,BFI IMAX M 29
2026-09-24T05:43:11Z,M,28,available,False,BFI IMAX M 28
2026-09-24T05:43:11Z,M,27,sold,False,BFI IMAX M 27
2026-09-24T05:43:11Z,M,8,available,False,BFI IMAX M 8
2026-09-24T05:43:11Z,M,7,available,False,BFI IMAX M 7
2026-09-24T05:43:11Z,M,6,available,False,BFI IMAX M 6
2026-09-24T05:43:11Z,M,5,available,False,BFI IMAX M 5
2026-09-24T05:43:11Z,M,4,available,False,BFI IMAX M 4
2026-09-24T05:43:11Z,M,3,available,False,BFI IMAX M 3
2026-09-24T05:43:11Z,M,2,available,False,BFI IMAX M 2
2026-09-24T05:43:11Z,M,1,available,False,BFI IMAX M 1
2026-09-24T05:43:11Z,N,34,unavailable,False,BFI IMAX N 34
2026-09-24T05:43:11Z,N,33,unavailable,False,BFI IMAX N 33
2026-09-24T05:43:11Z,N,32,unavailable,False,BFI IMAX N 32
2026-09-24T05:43:11Z,N,31,unavailable,False,BFI IMAX N 31
2026-09-24T05:43:11Z,N,30,unavailable,False,BFI IMAX N 30
2026-09-24T05:43:11Z,N,29,unavailable,False,BFI IMAX N 29
2026-09-24T05:43:11Z,N,28,unavailable,False,BFI IMAX N 28
2026-09-24T05:43:11Z,N,27,unavailable,False,BFI IMAX N 27
2026-09-24T05:43:11Z,N,8,available,False,BFI IMAX N 8
2026-09-24T05:43:11Z,N,7,available,False,BFI IMAX N 7
2026-09-24T05:43:11Z,N,6,available,False,BFI IMAX N 6
2026-09-24T05:43:11Z,N,5,available,False,BFI IMAX N 5
2026-09-24T05:43:11Z,N,4,available,False,BFI IMAX N 4
2026-09-24T05:43:11Z,N,3,available,False,BFI IMAX N 3
2026-09-24T05:43:11Z,N,2,available,False,BFI IMAX N 2
2026-09-24T05:43:11Z,N,1,available,False,BFI IMAX N 1
2026-09-24T05:43:11Z,A,11,available,False,BFI IMAX A 11
2026-09-24T05:43:11Z,A,10,available,False,BFI IMAX A 10
2026-09-24T05:43:11Z,A,9,available,False,BFI IMAX A 9
2026-09-24T05:43:11Z,A,8,available,False,BFI IMAX A 8
2026-09-24T05:43:11Z,M,15,available,False,BFI IMAX M 15
2026-09-24T05:43:11Z,M,14,available,False,BFI IMAX M 14
2026-09-24T05:43:11Z,M,13,available,False,BFI IMAX M 13
2026-09-24T05:43:11Z,M,12,available,False,BFI IMAX M 12
2026-09-24T05:43:11Z,M,11,available,False,BFI IMAX M 11
2026-09-24T05:43:11Z,M,10,available,False,BFI IMAX M 10
2026-09-24T05:43:11Z,M,9,available,False,BFI IMAX M 9
2026-09-24T05:43:11Z,L,9,available,False,BFI IMAX L 9
2026-09-24T05:43:11Z,L,25,available,False,BFI IMAX L 25
2026-09-24T05:43:11Z,L,24,available,False,BFI IMAX L 24
2026-09-24T05:43:11Z,L,23,available,False,BFI IMAX L 23
2026-09-24T05:43:11Z,L,22,available,False,BFI IMAX L 22
2026-09-24T05:43:11Z,L,21,available,False,BFI IMAX L 21
2026-09-24T05:43:11Z,L,20,available,False,BFI IMAX L 20
2026-09-24T05:43:11Z,L,19,available,False,BFI IMAX L 19
2026-09-24T05:43:11Z,L,18,sold,False,BFI IMAX L 18
2026-09-24T05:43:11Z,L,17,sold,False,BFI IMAX L 17
2026-09-24T05:43:11Z,L,16,available,False,BFI IMAX L 16
2026-09-24T05:43:11Z,L,15,available,False,BFI IMAX L 15
2026-09-24T05:43:11Z,L,14,available,False,BFI IMAX L 14
2026-09-24T05:43:11Z,L,13,available,False,BFI IMAX L 13
2026-09-24T05:43:11Z,L,12,available,False,BFI IMAX L 12
2026-09-24T05:43:11Z,L,11,available,False,BFI IMAX L 11
2026-09-24T05:43:11Z,N,26,unavailable,False,BFI IMAX N 26
2026-09-24T05:43:11Z,N,25,unavailable,False,BFI IMAX N 25
2026-09-24T05:43:11Z,N,24,unavailable,False,BFI IMAX N 24
2026-09-24T05:43:11Z,N,23,unavailable,False,BFI IMAX N 23
2026-09-24T05:43:11Z,N,22,available,False,BFI IMAX N 22
2026-09-24T05:43:11Z,N,21,available,False,BFI IMAX N 21
2026-09-24T05:43:11Z,N,20,available,False,BFI IMAX N 20
2026-09-24T05:43:11Z,N,19,available,False,BFI IMAX N 19
2026-09-24T05:43:11Z,N,18,available,False,BFI IMAX N 18
2026-09-24T05:43:11Z,N,17,available,False,BFI IMAX N 17
2026-09-24T05:43:11Z,N,16,available,False,BFI IMAX N 16
2026-09-24T05:43:11Z,N,15,available,False,BFI IMAX N 15
2026-09-24T05:43:11Z,N,14,available,False,BFI IMAX N 14
2026-09-24T05:43:11Z,N,13,available,False,BFI IMAX N 13
2026-09-24T05:43:11Z,N,12,unavailable,False,BFI IMAX N 12
2026-09-24T05:43:11Z,N,11,unavailable,False,BFI IMAX N 11
2026-09-24T05:43:11Z,N,10,unavailable,False,BFI IMAX N 10
2026-09-24T05:43:11Z,N,9,unavailable,False,BFI IMAX N 9
2026-09-24T05:43:11Z,L,10,available,False,BFI IMAX L 10
2026-09-24T05:43:11Z,M,26,available,False,BFI IMAX M 26
2026-09-24T05:43:11Z,M,25,available,False,BFI IMAX M 25
2026-09-24T05:43:11Z,M,24,available,False,BFI IMAX M 24
2026-09-24T05:43:11Z,M,23,available,False,BFI IMAX M 23
2026-09-24T05:43:11Z,M,22,available,False,BFI IMAX M 22
2026-09-24T05:43:11Z,M,21,available,False,BFI IMAX M 21
2026-09-24T05:43:11Z,M,20,available,False,BFI IMAX M 20
2026-09-24T05:43:11Z,M,19,available,False,BFI IMAX M 19
2026-09-24T05:43:11Z,M,18,available,False,BFI IMAX M 18
2026-09-24T05:43:11Z,M,17,available,False,BFI IMAX M 17
2026-09-24T05:43:11Z,M,16,available,False,BFI IMAX M 16
2026-09-24T05:43:11Z,P,27,available,True,BFI IMAX P 27
2026-09-24T05:43:11Z,P,26,unavailable,False,BFI IMAX P 26
2026-09-24T05:43:11Z,P,6,unavailable,False,BFI IMAX P 6
2026-09-24T05:43:11Z,P,5,available,True,BFI IMAX P 5
2026-09-24T05:43:11Z,P,31,unavailable,False,BFI IMAX P 31
2026-09-24T05:43:11Z,P,30,available,True,BFI IMAX P 30
2026-09-24T05:43:11Z,P,2,available,True,BFI IMAX P 2
2026-09-24T05:43:11Z,P,1,unavailable,False,BFI IMAX P 1
2026-09-24T05:43:11Z,P,21,available,False,BFI IMAX P 21
2026-09-24T05:43:11Z,P,20,available,False,BFI IMAX P 20
2026-09-24T05:43:11Z,P,19,available,False,BFI IMAX P 19
2026-09-24T05:43:11Z,P,18,available,False,BFI IMAX P 18
2026-09-24T05:43:11Z,P,17,available,False,BFI IMAX P 17
2026-09-24T05:43:11Z,P,16,available,False,BFI IMAX P 16
2026-09-24T05:43:11Z,P,15,available,False,BFI IMAX P 15
2026-09-24T05:43:11Z,P,14,available,False,BFI IMAX P 14
2026-09-24T05:43:11Z,P,13,available,False,BFI IMAX P 13
2026-09-24T05:43:11Z,P,12,available,False,BFI IMAX P 12
2026-09-24T05:43:11Z,P,11,available,False,BFI IMAX P 11
2026-09-24T05:43:11Z,P,9,available,False,BFI IMAX P 9
2026-09-24T05:43:11Z,P,8,available,False,BFI IMAX P 8
2026-09-24T05:43:11Z,P,7,available,False,BFI IMAX P 7
2026-09-24T05:43:11Z,P,10,available,False,BFI IMAX P 10
2026-09-24T05:43:11Z,P,25,available,False,BFI IMAX P 25
2026-09-24T05:43:11Z,P,24,available,False,BFI IMAX P 24
2026-09-24T05:43:11Z,P,23,available,False,BFI IMAX P 23
2026-09-24T05:43:11Z,P,22,available,False,BFI IMAX P 22
2026-09-24T05:43:11Z,Q,18,sold,False,BFI IMAX Q 18
2026-09-24T05:43:11Z,Q,17,available,False,BFI IMAX Q 17
2026-09-24T05:43:11Z,Q,16,available,False,BFI IMAX Q 16
2026-09-24T05:43:11Z,Q,15,available,False,BFI IMAX Q 15
2026-09-24T05:43:11Z,Q,14,available,False,BFI IMAX Q 14
2026-09-24T05:43:11Z,Q,13,available,False,BFI IMAX Q 13
2026-09-24T05:43:11Z,Q,12,available,False,BFI IMAX Q 12
2026-09-24T05:43:11Z,Q,11,available,False,BFI IMAX Q 11
2026-09-24T05:43:11Z,Q,10,available,False,BFI IMAX Q 10
2026-09-24T05:43:11Z,Q,9,sold,False,BFI IMAX Q 9
2026-09-24T05:43:11Z,Q,8,available,False,BFI IMAX Q 8
2026-09-24T05:43:11Z,Q,7,available,False,BFI IMAX Q 7
2026-09-24T05:43:11Z,Q,6,available,False,BFI IMAX Q 6
2026-09-24T05:43:11Z,Q,5,available,False,BFI IMAX Q 5
2026-09-24T05:43:11Z,Q,4,available,False,BFI IMAX Q 4
2026-09-24T05:43:11Z,Q,3,available,False,BFI IMAX Q 3
2026-09-24T05:43:11Z,Q,2,available,False,BFI IMAX Q 2
2026-09-24T05:43:11Z,Q,1,available,False,BFI IMAX Q 1
2026-09-24T15:42:55Z,K,27,unavailable,False,BFI IMAX K 27
2026-09-24T15:42:55Z,K,26,unavailable,False,BFI IMAX K 26
2026-09-24T15:42:55Z,P,29,available,True,BFI IMAX P 29
2026-09-24T15:42:55Z,P,28,available,True,BFI IMAX P 28
2026-09-24T15:42:55Z,P,4,available,True,BFI IMAX P 4
2026-09-24T15:42:55Z,P,3,available,True,BFI IMAX P 3
2026-09-24T15:42:55Z,A,7,available,False,BFI IMAX A 7
2026-09-24T15:42:55Z,A,6,available,False,BFI IMAX A 6
2026-09-24T15:42:55Z,A,5,available,False,BFI IMAX A 5
2026-09-24T15:42:55Z,A,4,available,False,BFI IMAX A 4
2026-09-24T15:42:55Z,A,3,available,False,BFI IMAX A 3
2026-09-24T15:42:55Z,A,2,available,False,BFI IMAX A 2
2026-09-24T15:42:55Z,A,1,available,False,BFI IMAX A 1
2026-09-24T15:42:55Z,B,36,available,False,BFI IMAX B 36
2026-09-24T15:42:55Z,B,35,available,False,BFI IMAX B 35
2026-09-24T15:42:55Z,B,34,available,False,BFI IMAX B 34
2026-09-24T15:42:55Z,B,33,available,False,BFI IMAX B 33
2026-09-24T15:42:55Z,B,32,available,False,BFI IMAX B 32
2026-09-24T15:42:55Z,B,31,available,False,BFI IMAX B 31
2026-09-24T15:42:55Z,B,30,available,False,BFI IMAX B 30
2026-09-24T15:42:55Z,B,29,available,False,BFI IMAX B 29
2026-09-24T15:42:55Z,B,28,available,False,BFI IMAX B 28
2026-09-24T15:42:55Z,B,27,available,False,BFI IMAX B 27
2026-09-24T15:42:55Z,B,26,available,False,BFI IMAX B 26
2026-09-24T15:42:55Z,B,25,available,False,BFI IMAX B 25
2026-09-24T15:42:55Z,B,24,available,False,BFI IMAX B 24
2026-09-24T15:42:55Z,B,23,available,False,BFI IMAX B 23
2026-09-24T15:42:55Z,B,22,available,False,BFI IMAX B 22
2026-09-24T15:42:55Z,B,21,available,False,BFI IMAX B 21
2026-09-24T15:42:55Z,B,20,available,False,BFI IMAX B 20
2026-09-24T15:42:55Z,B,19,available,False,BFI IMAX B 19
2026-09-24T15:42:55Z,B,18,available,False,BFI IMAX B 18
2026-09-24T15:42:55Z,B,17,available,False,BFI IMAX B 17
2026-09-24T15:42:55Z,B,16,available,False,BFI IMAX B 16
2026-09-24T15:42:55Z,B,15,available,False,BFI IMAX B 15
2026-09-24T15:42:55Z,B,14,available,False,BFI IMAX B 14
2026-09-24T15:42:55Z,B,13,available,False,BFI IMAX B 13
2026-09-24T15:42:55Z,B,12,available,False,BFI IMAX B 12
2026-09-24T15:42:55Z,B,11,available,False,BFI IMAX B 11
2026-09-24T15:42:55Z,B,10,available,False,BFI IMAX B 10
2026-09-24T15:42:55Z,B,9,available,False,BFI IMAX B 9
2026-09-24T15:42:55Z,B,8,available,False,BFI IMAX B 8
2026-09-24T15:42:55Z,B,7,available,False,BFI IMAX B 7
2026-09-24T15:42:55Z,B,6,available,False,BFI IMAX B 6
2026-09-24T15:42:55Z,B,5,available,False,BFI IMAX B 5
2026-09-24T15:42:55Z,B,4,available,False,BFI IMAX B 4
2026-09-24T15:42:55Z,B,3,available,False,BFI IMAX B 3
2026-09-24T15:42:55Z,B,2,available,False,BFI IMAX B 2
2026-09-24T15:42:55Z,B,1,available,False,BFI IMAX B 1
2026-09-24T15:42:55Z,C,36,available,False,BFI IMAX C 36
2026-09-24T15:42:55Z,C,35,available,False,BFI IMAX C 35
2026-09-24T15:42:55Z,C,34,available,False,BFI IMAX C 34
2026-09-24T15:42:55Z,C,33,available,False,BFI IMAX C 33
2026-09-24T15:42:55Z,C,32,available,False,BFI IMAX C 32
2026-09-24T15:42:55Z,C,31,available,False,BFI IMAX C 31
2026-09-24T15:42:55Z,C,30,available,False,BFI IMAX C 30
2026-09-24T15:42:55Z,C,29,available,False,BFI IMAX C 29
2026-09-24T15:42:55Z,C,28,available,False,BFI IMAX C 28
2026-09-24T15:42:55Z,C,27,available,False,BFI IMAX C 27
2026-09-24T15:42:55Z,C,26,available,False,BFI IMAX C 26
2026-09-24T15:42:55Z,C,25,sold,False,BFI IMAX C 25
2026-09-24T15:42:55Z,C,24,available,False,BFI IMAX C 24
2026-09-24T15:42:55Z,C,23,available,False,BFI IMAX C 23
2026-09-24T15:42:55Z,C,22,available,False,BFI IMAX C 22
2026-09-24T15:42:55Z,C,21,available,False,BFI IMAX C 21
2026-09-24T15:42:55Z,C,20,available,False,BFI IMAX C 20
2026-09-24T15:42:55Z,C,19,available,False,BFI IMAX C 19
2026-09-24T15:42:55Z,C,18,available,False,BFI IMAX C 18
2026-09-24T15:42:55Z,C,17,available,False,BFI IMAX C 17
2026-09-24T15:42:55Z,C,16,available,False,BFI IMAX C 16
2026-09-24T15:42:55Z,C,15,available,False,BFI IMAX C 15
2026-09-24T15:42:55Z,C,14,available,False,BFI IMAX C 14
2026-09-24T15:42:55Z,C,13,available,False,BFI IMAX C 13
2026-09-24T15:42:55Z,C,12,available,False,BFI IMAX C 12
2026-09-24T15:42:55Z,C,11,available,False,BFI IMAX C 11
2026-09-24T15:42:55Z,C,10,available,False,BFI IMAX C 10
2026-09-24T15:42:55Z,C,9,available,False,BFI IMAX C 9
2026-09-24T15:42:55Z,C,8,available,False,BFI IMAX C 8
2026-09-24T15:42:55Z,C,7,available,False,BFI IMAX C 7
2026-09-24T15:42:55Z,C,6,available,False,BFI IMAX C 6
2026-09-24T15:42:55Z,C,5,available,False,BFI IMAX C 5
2026-09-24T15:42:55Z,C,4,available,False,BFI IMAX C 4
2026-09-24T15:42:55Z,C,3,available,False,BFI IMAX C 3
2026-09-24T15:42:55Z,C,2,available,False,BFI IMAX C 2
2026-09-24T15:42:55Z,C,1,available,False,BFI IMAX C 1
2026-09-24T15:42:55Z,D,37,available,False,BFI IMAX D 37
2026-09-24T15:42:55Z,D,36,available,False,BFI IMAX D 36
2026-09-24T15:42:55Z,D,35,available,False,BFI IMAX D 35
2026-09-24T15:42:55Z,D,34,available,False,BFI IMAX D 34
2026-09-24T15:42:55Z,D,33,available,False,BFI IMAX D 33
2026-09-24T15:42:55Z,D,32,available,False,BFI IMAX D 32
2026-09-24T15:42:55Z,D,31,available,False,BFI IMAX D 31
2026-09-24T15:42:55Z,D,30,available,False,BFI IMAX D 30
2026-09-24T15:42:55Z,D,29,available,False,BFI IMAX D 29
2026-09-24T15:42:55Z,D,28,available,False,BFI IMAX D 28
2026-09-24T15:42:55Z,D,27,available,False,BFI IMAX D 27
2026-09-24T15:42:55Z,D,26,available,False,BFI IMAX D 26
2026-09-24T15:42:55Z,D,25,available,False,BFI IMAX D 25
2026-09-24T15:42:55Z,D,24,available,False,BFI IMAX D 24
2026-09-24T15:42:55Z,D,23,available,False,BFI IMAX D 23
2026-09-24T15:42:55Z,D,22,available,False,BFI IMAX D 22
2026-09-24T15:42:55Z,D,21,available,False,BFI IMAX D 21
2026-09-24T15:42:55Z,D,20,available,False,BFI IMAX D 20
2026-09-24T15:42:55Z,D,19,available,False,BFI IMAX D 19
2026-09-24T15:42:55Z,D,18,available,False,BFI IMAX D 18
2026-09-24T15:42:55Z,D,17,available,False,BFI IMAX D 17
2026-09-24T15:42:55Z,D,16,available,False,BFI IMAX D 16
2026-09-24T15:42:55Z,D,15,available,False,BFI IMAX D 15
2026-09-24T15:42:55Z,D,14,available,False,BFI IMAX D 14
2026-09-24T15:42:55Z,D,13,available,False,BFI IMAX D 13
2026-09-24T15:42:55Z,D,12,available,False,BFI IMAX D 12
2026-09-24T15:42:55Z,D,11,available,False,BFI IMAX D 11
2026-09-24T15:42:55Z,D,10,available,False,BFI IMAX D 10
2026-09-24T15:42:55Z,D,9,available,False,BFI IMAX D 9
2026-09-24T15:42:55Z,D,8,available,False,BFI IMAX D 8
2026-09-24T15:42:55Z,D,7,available,False,BFI IMAX D 7
2026-09-24T15:42:55Z,D,6,available,False,BFI IMAX D 6
2026-09-24T15:42:55Z,D,5,available,False,BFI IMAX D 5
2026-09-24T15:42:55Z,D,4,available,False,BFI IMAX D 4
2026-09-24T15:42:55Z,D,3,available,False,BFI IMAX D 3
2026-09-24T15:42:55Z,D,2,available,False,BFI IMAX D 2
2026-09-24T15:42:55Z,D,1,available,False,BFI IMAX D 1
2026-09-24T15:42:55Z,E,37,available,False,BFI IMAX E 37
2026-09-24T15:42:55Z,E,36,available,False,BFI IMAX E 36
2026-09-24T15:42:55Z,E,35,available,False,BFI IMAX E 35
2026-09-24T15:42:55Z,E,34,available,False,BFI IMAX E 34
2026-09-24T15:42:55Z,E,33,available,False,BFI IMAX E 33
2026-09-24T15:42:55Z,E,32,available,False,BFI IMAX E 32
2026-09-24T15:42:55Z,E,31,available,False,BFI IMAX E 31
2026-09-24T15:42:55Z,E,30,available,False,BFI IMAX E 30
2026-09-24T15:42:55Z,E,29,available,False,BFI IMAX E 29
2026-09-24T15:42:55Z,E,28,available,False,BFI IMAX E 28
2026-09-24T15:42:55Z,E,27,available,False,BFI IMAX E 27
2026-09-24T15:42:55Z,E,26,available,False,BFI IMAX E 26
2026-09-24T15:42:55Z,E,25,available,False,BFI IMAX E 25
2026-09-24T15:42:55Z,E,24,available,False,BFI IMAX E 24
2026-09-24T15:42:55Z,E,23,available,False,BFI IMAX E 23
2026-09-24T15:42:55Z,E,22,available,False,BFI IMAX E 22
2026-09-24T15:42:55Z,E,21,available,False,BFI IMAX E 21
2026-09-24T15:42:55Z,E,20,available,False,BFI IMAX E 20
2026-09-24T15:42:55Z,E,19,available,False,BFI IMAX E 19
2026-09-24T15:42:55Z,E,18,available,False,BFI IMAX E 18
2026-09-24T15:42:55Z,E,17,available,False,BFI IMAX E 17
2026-09-24T15:42:55Z,E,16,available,False,BFI IMAX E 16
2026-09-24T15:42:55Z,E,15,available,False,BFI IMAX E 15
2026-09-24T15:42:55Z,E,14,available,False,BFI IMAX E 14
2026-09-24T15:42:55Z,E,13,available,False,BFI IMAX E 13
2026-09-24T15:42:55Z,E,12,available,False,BFI IMAX E 12
2026-09-24T15:42:55Z,E,11,available,False,BFI IMAX E 11
2026-09-24T15:42:55Z,E,10,available,False,BFI IMAX E 10
2026-09-24T15:42:55Z,E,9,available,False,BFI IMAX E 9
2026-09-24T15:42:55Z,E,8,available,False,BFI IMAX E 8
2026-09-24T15:42:55Z,E,7,available,False,BFI IMAX E 7
2026-09-24T15:42:55Z,E,6,available,False,BFI IMAX E 6
2026-09-24T15:42:55Z,E,5,available,False,BFI IMAX E 5
2026-09-24T15:42:55Z,E,4,available,False,BFI IMAX E 4
2026-09-24T15:42:55Z,E,3,available,False,BFI IMAX E 3
2026-09-24T15:42:55Z,E,2,available,False,BFI IMAX E 2
2026-09-24T15:42:55Z,E,1,available,False,BFI IMAX E 1
2026-09-24T15:42:55Z,F,38,available,False,BFI IMAX F 38
2026-09-24T15:42:55Z,F,37,available,False,BFI IMAX F 37
2026-09-24T15:42:55Z,F,36,available,False,BFI IMAX F 36
2026-09-24T15:42:55Z,F,35,available,False,BFI IMAX F 35
2026-09-24T15:42:55Z,F,34,available,False,BFI IMAX F 34
2026-09-24T15:42:55Z,F,33,available,False,BFI IMAX F 33
2026-09-24T15:42:55Z,F,32,available,False,BFI IMAX F 32
2026-09-24T15:42:55Z,F,31,available,False,BFI IMAX F 31
2026-09-24T15:42:55Z,F,30,available,False,BFI IMAX F 30
2026-09-24T15:42:55Z,F,29,available,False,BFI IMAX F 29
2026-09-24T15:42:55Z,F,28,available,False,BFI IMAX F 28
2026-09-24T15:42:55Z,F,27,available,False,BFI IMAX F 27
2026-09-24T15:42:55Z,F,26,available,False,BFI IMAX F 26
2026-09-24T15:42:55Z,F,25,available,False,BFI IMAX F 25
2026-09-24T15:42:55Z,F,24,available,False,BFI IMAX F 24
2026-09-24T15:42:55Z,F,23,available,False,BFI IMAX F 23
2026-09-24T15:42:55Z,F,22,available,False,BFI IMAX F 22
2026-09-24T15:42:55Z,F,21,available,False,BFI IMAX F 21
2026-09-24T15:42:55Z,F,20,available,False,BFI IMAX F 20
2026-09-24T15:42:55Z,F,19,available,False,BFI IMAX F 19
2026-09-24T15:42:55Z,F,18,available,False,BFI IMAX F 18
2026-09-24T15:42:55Z,F,17,available,False,BFI IMAX F 17
2026-09-24T15:42:55Z,F,16,available,False,BFI IMAX F 16
2026-09-24T15:42:55Z,F,15,available,False,BFI IMAX F 15
2026-09-24T15:42:55Z,F,14,available,False,BFI IMAX F 14
2026-09-24T15:42:55Z,F,13,available,False,BFI IMAX F 13
2026-09-24T15:42:55Z,F,12,available,False,BFI IMAX F 12
2026-09-24T15:42:55Z,F,11,available,False,BFI IMAX F 11
2026-09-24T15:42:55Z,F,10,available,False,BFI IMAX F 10
2026-09-24T15:42:55Z,F,9,available,False,BFI IMAX F 9
2026-09-24T15:42:55Z,F,8,available,False,BFI IMAX F 8
2026-09-24T15:42:55Z,F,7,available,False,BFI IMAX F 7
2026-09-24T15:42:55Z,F,6,available,False,BFI IMAX F 6
2026-09-24T15:42:55Z,F,5,available,False,BFI IMAX F 5
2026-09-24T15:42:55Z,F,4,available,False,BFI IMAX F 4
2026-09-24T15:42:55Z,F,3,available,False,BFI IMAX F 3
2026-09-24T15:42:55Z,F,2,available,False,BFI IMAX F 2
2026-09-24T15:42:55Z,F,1,available,False,BFI IMAX F 1
2026-09-24T15:42:55Z,G,37,available,False,BFI IMAX G 37
2026-09-24T15:42:55Z,G,36,available,False,BFI IMAX G 36
2026-09-24T15:42:55Z,G,35,available,False,BFI IMAX G 35
2026-09-24T15:42:55Z,G,34,available,False,BFI IMAX G 34
2026-09-24T15:42:55Z,G,33,available,False,BFI IMAX G 33
2026-09-24T15:42:55Z,G,32,available,False,BFI IMAX G 32
2026-09-24T15:42:55Z,G,31,available,False,BFI IMAX G 31
2026-09-24T15:42:55Z,G,30,available,False,BFI IMAX G 30
2026-09-24T15:42:55Z,G,29,available,False,BFI IMAX G 29
2026-09-24T15:42:55Z,G,28,available,False,BFI IMAX G 28
2026-09-24T15:42:55Z,G,27,available,False,BFI IMAX G 27
2026-09-24T15:42:55Z,G,26,available,False,BFI IMAX G 26
2026-09-24T15:42:55Z,G,25,available,False,BFI IMAX G 25
2026-09-24T15:42:55Z,G,24,available,False,BFI IMAX G 24
2026-09-24T15:42:55Z,G,23,available,False,BFI IMAX G 23
2026-09-24T15:42:55Z,G,22,available,False,BFI IMAX G 22
2026-09-24T15:42:55Z,G,21,available,False,BFI IMAX G 21
2026-09-24T15:42:55Z,G,20,available,False,BFI IMAX G 20
2026-09-24T15:42:55Z,G,19,available,False,BFI IMAX G 19
2026-09-24T15:42:55Z,G,18,available,False,BFI IMAX G 18
2026-09-24T15:42:55Z,G,17,available,False,BFI IMAX G 17
2026-09-24T15:42:55Z,G,16,available,False,BFI IMAX G 16
2026-09-24T15:42:55Z,G,15,available,False,BFI IMAX G 15
2026-09-24T15:42:55Z,G,14,available,False,BFI IMAX G 14
2026-09-24T15:42:55Z,G,13,available,False,BFI IMAX G 13
2026-09-24T15:42:55Z,G,12,available,False,BFI IMAX G 12
2026-09-24T15:42:55Z,G,11,available,False,BFI IMAX G 11
2026-09-24T15:42:55Z,G,10,available,False,BFI IMAX G 10
2026-09-24T15:42:55Z,G,9,available,False,BFI IMAX G 9
2026-09-24T15:42:55Z,G,8,available,False,BFI IMAX G 8
2026-09-24T15:42:55Z,G,7,available,False,BFI IMAX G 7
2026-09-24T15:42:55Z,G,6,available,False,BFI IMAX G 6
2026-09-24T15:42:55Z,G,5,available,False,BFI IMAX G 5
2026-09-24T15:42:55Z,G,4,available,False,BFI IMAX G 4
2026-09-24T15:42:55Z,G,3,available,False,BFI IMAX G 3
2026-09-24T15:42:55Z,G,2,available,False,BFI IMAX G 2
2026-09-24T15:42:55Z,G,1,available,False,BFI IMAX G 1
2026-09-24T15:42:55Z,H,37,available,False,BFI IMAX H 37
2026-09-24T15:42:55Z,H,36,available,False,BFI IMAX H 36
2026-09-24T15:42:55Z,H,35,available,False,BFI IMAX H 35
2026-09-24T15:42:55Z,H,34,available,False,BFI IMAX H 34
2026-09-24T15:42:55Z,H,33,available,False,BFI IMAX H 33
2026-09-24T15:42:55Z,H,32,available,False,BFI IMAX H 32
2026-09-24T15:42:55Z,H,31,available,False,BFI IMAX H 31
2026-09-24T15:42:55Z,H,30,available,False,BFI IMAX H 30
2026-09-24T15:42:55Z,H,29,available,False,BFI IMAX H 29
2026-09-24T15:42:55Z,H,28,available,False,BFI IMAX H 28
2026-09-24T15:42:55Z,H,27,available,False,BFI IMAX H 27
2026-09-24T15:42:55Z,H,26,available,False,BFI IMAX H 26
2026-09-24T15:42:55Z,H,25,available,False,BFI IMAX H 25
2026-09-24T15:42:55Z,H,24,available,False,BFI IMAX H 24
2026-09-24T15:42:55Z,H,23,available,False,BFI IMAX H 23
2026-09-24T15:42:55Z,H,22,available,False,BFI IMAX H 22
2026-09-24T15:42:55Z,H,21,available,False,BFI IMAX H 21
2026-09-24T15:42:55Z,H,20,available,False,BFI IMAX H 20
2026-09-24T15:42:55Z,H,19,available,False,BFI IMAX H 19
2026-09-24T15:42:55Z,H,18,available,False,BFI IMAX H 18
2026-09-24T15:42:55Z,H,17,available,False,BFI IMAX H 17
2026-09-24T15:42:55Z,H,16,available,False,BFI IMAX H 16
2026-09-24T15:42:55Z,H,15,available,False,BFI IMAX H 15
2026-09-24T15:42:55Z,H,14,available,False,BFI IMAX H 14
2026-09-24T15:42:55Z,H,13,available,False,BFI IMAX H 13
2026-09-24T15:42:55Z,H,12,available,False,BFI IMAX H 12
2026-09-24T15:42:55Z,H,11,available,False,BFI IMAX H 11
2026-09-24T15:42:55Z,H,10,available,False,BFI IMAX H 10
2026-09-24T15:42:55Z,H,9,available,False,BFI IMAX H 9
2026-09-24T15:42:55Z,H,8,available,False,BFI IMAX H 8
2026-09-24T15:42:55Z,H,7,available,False,BFI IMAX H 7
2026-09-24T15:42:55Z,H,6,available,False,BFI IMAX H 6
2026-09-24T15:42:55Z,H,5,available,False,BFI IMAX H 5
2026-09-24T15:42:55Z,H,4,available,False,BFI IMAX H 4
2026-09-24T15:42:55Z,H,3,available,False,BFI IMAX H 3
2026-09-24T15:42:55Z,H,2,available,False,BFI IMAX H 2
2026-09-24T15:42:55Z,H,1,available,False,BFI IMAX H 1
2026-09-24T15:42:55Z,J,36,available,False,BFI IMAX J 36
2026-09-24T15:42:55Z,J,35,available,False,BFI IMAX J 35
2026-09-24T15:42:55Z,J,34,available,False,BFI IMAX J 34
2026-09-24T15:42:55Z,J,33,available,False,BFI IMAX J 33
2026-09-24T15:42:55Z,J,32,available,False,BFI IMAX J 32
2026-09-24T15:42:55Z,J,31,available,False,BFI IMAX J 31
2026-09-24T15:42:55Z,J,30,available,False,BFI IMAX J 30
2026-09-24T15:42:55Z,J,29,available,False,BFI IMAX J 29
2026-09-24T15:42:55Z,J,28,available,False,BFI IMAX J 28
2026-09-24T15:42:55Z,J,27,available,False,BFI IMAX J 27
2026-09-24T15:42:55Z,J,26,available,False,BFI IMAX J 26
2026-09-24T15:42:55Z,J,25,available,False,BFI IMAX J 25
2026-09-24T15:42:55Z,J,24,available,False,BFI IMAX J 24
2026-09-24T15:42:55Z,J,23,available,False,BFI IMAX J 23
2026-09-24T15:42:55Z,J,22,available,False,BFI IMAX J 22
2026-09-24T15:42:55Z,J,21,available,False,BFI IMAX J 21
2026-09-24T15:42:55Z,J,20,available,False,BFI IMAX J 20
2026-09-24T15:42:55Z,J,19,available,False,BFI IMAX J 19
2026-09-24T15:42:55Z,J,18,available,False,BFI IMAX J 18
2026-09-24T15:42:55Z,J,17,available,False,BFI IMAX J 17
2026-09-24T15:42:55Z,J,16,available,False,BFI IMAX J 16
2026-09-24T15:42:55Z,J,15,available,False,BFI IMAX J 15
2026-09-24T15:42:55Z,J,14,available,False,BFI IMAX J 14
2026-09-24T15:42:55Z,J,13,available,False,BFI IMAX J 13
2026-09-24T15:42:55Z,J,12,available,False,BFI IMAX J 12
2026-09-24T15:42:55Z,J,11,available,False,BFI IMAX J 11
2026-09-24T15:42:55Z,J,10,available,False,BFI IMAX J 10
2026-09-24T15:42:55Z,J,9,available,False,BFI IMAX J 9
2026-09-24T15:42:55Z,J,8,available,False,BFI IMAX J 8
2026-09-24T15:42:55Z,J,7,available,False,BFI IMAX J 7
2026-09-24T15:42:55Z,J,6,available,False,BFI IMAX J 6
2026-09-24T15:42:55Z,J,5,available,False,BFI IMAX J 5
2026-09-24T15:42:55Z,J,4,available,False,BFI IMAX J 4
2026-09-24T15:42:55Z,J,3,available,False,BFI IMAX J 3
2026-09-24T15:42:55Z,J,2,available,False,BFI IMAX J 2
2026-09-24T15:42:55Z,J,1,available,False,BFI IMAX J 1
2026-09-24T15:42:55Z,K,36,available,False,BFI IMAX K 36
2026-09-24T15:42:55Z,K,35,available,False,BFI IMAX K 35
2026-09-24T15:42:55Z,K,34,available,False,BFI IMAX K 34
2026-09-24T15:42:55Z,K,33,available,False,BFI IMAX K 33
2026-09-24T15:42:55Z,K,32,available,False,BFI IMAX K 32
2026-09-24T15:42:55Z,K,31,available,False,BFI IMAX K 31
2026-09-24T15:42:55Z,K,30,available,False,BFI IMAX K 30
2026-09-24T15:42:55Z,K,29,available,False,BFI IMAX K 29
2026-09-24T15:42:55Z,K,28,available,False,BFI IMAX K 28
2026-09-24T15:42:55Z,A,13,available,False,BFI IMAX A 13
2026-09-24T15:42:55Z,A,12,available,False,BFI IMAX A 12
2026-09-24T15:42:55Z,K,25,available,False,BFI IMAX K 25
2026-09-24T15:42:55Z,K,24,available,False,BFI IMAX K 24
2026-09-24T15:42:55Z,K,23,available,False,BFI IMAX K 23
2026-09-24T15:42:55Z,K,22,available,False,BFI IMAX K 22
2026-09-24T15:42:55Z,K,21,available,False,BFI IMAX K 21
2026-09-24T15:42:55Z,K,20,available,False,BFI IMAX K 20
2026-09-24T15:42:55Z,K,19,sold,False,BFI IMAX K 19
2026-09-24T15:42:55Z,K,18,available,False,BFI IMAX K 18
2026-09-24T15:42:55Z,K,17,available,False,BFI IMAX K 17
2026-09-24T15:42:55Z,K,16,available,False,BFI IMAX K 16
2026-09-24T15:42:55Z,K,15,available,False,BFI IMAX K 15
2026-09-24T15:42:55Z,K,14,available,False,BFI IMAX K 14
2026-09-24T15:42:55Z,K,13,available,False,BFI IMAX K 13
2026-09-24T15:42:55Z,K,12,available,False,BFI IMAX K 12
2026-09-24T15:42:55Z,K,11,available,False,BFI IMAX K 11
2026-09-24T15:42:55Z,K,10,available,False,BFI IMAX K 10
2026-09-24T15:42:55Z,K,9,available,False,BFI IMAX K 9
2026-09-24T15:42:55Z,K,8,available,False,BFI IMAX K 8
2026-09-24T15:42:55Z,K,7,available,False,BFI IMAX K 7
2026-09-24T15:42:55Z,K,6,available,False,BFI IMAX K 6
2026-09-24T15:42:55Z,K,5,available,False,BFI IMAX K 5
2026-09-24T15:42:55Z,K,4,available,False,BFI IMAX K 4
2026-09-24T15:42:55Z,K,3,available,False,BFI IMAX K 3
2026-09-24T15:42:55Z,K,2,available,False,BFI IMAX K 2
2026-09-24T15:42:55Z,K,1,available,False,BFI IMAX K 1
2026-09-24T15:42:55Z,L,33,available,False,BFI IMAX L 33
2026-09-24T15:42:55Z,L,32,available,False,BFI IMAX L 32
2026-09-24T15:42:55Z,L,31,available,False,BFI IMAX L 31
2026-09-24T15:42:55Z,L,30,available,False,BFI IMAX L 30
2026-09-24T15:42:55Z,L,29,available,False,BFI IMAX L 29
2026-09-24T15:42:55Z,L,28,available,False,BFI IMAX L 28
2026-09-24T15:42:55Z,L,27,available,False,BFI IMAX L 27
2026-09-24T15:42:55Z,L,26,available,False,BFI IMAX L 26
2026-09-24T15:42:55Z,L,8,available,False,BFI IMAX L 8
2026-09-24T15:42:55Z,L,7,available,False,BFI IMAX L 7
2026-09-24T15:42:55Z,L,6,available,False,BFI IMAX L 6
2026-09-24T15:42:55Z,L,5,available,False,BFI IMAX L 5
2026-09-24T15:42:55Z,L,4,available,False,BFI IMAX L 4
2026-09-24T15:42:55Z,L,3,available,False,BFI IMAX L 3
2026-09-24T15:42:55Z,L,2,available,False,BFI IMAX L 2
2026-09-24T15:42:55Z,L,1,available,False,BFI IMAX L 1
2026-09-24T15:42:55Z,M,34,available,False,BFI IMAX M 34
2026-09-24T15:42:55Z,M,33,available,False,BFI IMAX M 33
2026-09-24T15:42:55Z,M,32,available,False,BFI IMAX M 32
2026-09-24T15:42:55Z,M,31,available,False,BFI IMAX M 31
2026-09-24T15:42:55Z,M,30,available,False,BFI IMAX M 30
2026-09-24T15:42:55Z,M,29,available,False,BFI IMAX M 29
2026-09-24T15:42:55Z,M,28,available,False,BFI IMAX M 28
2026-09-24T15:42:55Z,M,27,sold,False,BFI IMAX M 27
2026-09-24T15:42:55Z,M,8,available,False,BFI IMAX M 8
2026-09-24T15:42:55Z,M,7,available,False,BFI IMAX M 7
2026-09-24T15:42:55Z,M,6,available,False,BFI IMAX M 6
2026-09-24T15:42:55Z,M,5,available,False,BFI IMAX M 5
2026-09-24T15:42:55Z,M,4,available,False,BFI IMAX M 4
2026-09-24T15:42:55Z,M,3,available,False,BFI IMAX M 3
2026-09-24T15:42:55Z,M,2,available,False,BFI IMAX M 2
2026-09-24T15:42:55Z,M,1,available,False,BFI IMAX M 1
2026-09-24T15:42:55Z,N,34,unavailable,False,BFI IMAX N 34
2026-09-24T15:42:55Z,N,33,unavailable,False,BFI IMAX N 33
2026-09-24T15:42:55Z,N,32,unavailable,False,BFI IMAX N 32
2026-09-24T15:42:55Z,N,31,unavailable,False,BFI IMAX N 31
2026-09-24T15:42:55Z,N,30,unavailable,False,BFI IMAX N 30
2026-09-24T15:42:55Z,N,29,unavailable,False,BFI IMAX N 29
2026-09-24T15:42:55Z,N,28,unavailable,False,BFI IMAX N 28
2026-09-24T15:42:55Z,N,27,unavailable,False,BFI IMAX N 27
2026-09-24T15:42:55Z,N,8,available,False,BFI IMAX N 8
2026-09-24T15:42:55Z,N,7,available,False,BFI IMAX N 7
2026-09-24T15:42:55Z,N,6,available,False,BFI IMAX N 6
2026-09-24T15:42:55Z,N,5,available,False,BFI IMAX N 5
2026-09-24T15:42:55Z,N,4,available,False,BFI IMAX N 4
2026-09-24T15:42:55Z,N,3,available,False,BFI IMAX N 3
2026-09-24T15:42:55Z,N,2,available,False,BFI IMAX N 2
2026-09-24T15:42:55Z,N,1,available,False,BFI IMAX N 1
2026-09-24T15:42:55Z,A,11,available,False,BFI IMAX A 11
2026-09-24T15:42:55Z,A,10,available,False,BFI IMAX A 10
2026-09-24T15:42:55Z,A,9,available,False,BFI IMAX A 9
2026-09-24T15:42:55Z,A,8,available,False,BFI IMAX A 8
2026-09-24T15:42:55Z,M,15,available,False,BFI IMAX M 15
2026-09-24T15:42:55Z,M,14,available,False,BFI IMAX M 14
2026-09-24T15:42:55Z,M,13,available,False,BFI IMAX M 13
2026-09-24T15:42:55Z,M,12,available,False,BFI IMAX M 12
2026-09-24T15:42:55Z,M,11,available,False,BFI IMAX M 11
2026-09-24T15:42:55Z,M,10,available,False,BFI IMAX M 10
2026-09-24T15:42:55Z,M,9,available,False,BFI IMAX M 9
2026-09-24T15:42:55Z,L,9,available,False,BFI IMAX L 9
2026-09-24T15:42:55Z,L,25,available,False,BFI IMAX L 25
2026-09-24T15:42:55Z,L,24,available,False,BFI IMAX L 24
2026-09-24T15:42:55Z,L,23,available,False,BFI IMAX L 23
2026-09-24T15:42:55Z,L,22,available,False,BFI IMAX L 22
2026-09-24T15:42:55Z,L,21,available,False,BFI IMAX L 21
2026-09-24T15:42:55Z,L,20,available,False,BFI IMAX L 20
2026-09-24T15:42:55Z,L,19,available,False,BFI IMAX L 19
2026-09-24T15:42:55Z,L,18,sold,False,BFI IMAX L 18
2026-09-24T15:42:55Z,L,17,sold,False,BFI IMAX L 17
2026-09-24T15:42:55Z,L,16,available,False,BFI IMAX L 16
2026-09-24T15:42:55Z,L,15,available,False,BFI IMAX L 15
2026-09-24T15:42:55Z,L,14,available,False,BFI IMAX L 14
2026-09-24T15:42:55Z,L,13,available,False,BFI IMAX L 13
2026-09-24T15:42:55Z,L,12,available,False,BFI IMAX L 12
2026-09-24T15:42:55Z,L,11,available,False,BFI IMAX L 11
2026-09-24T15:42:55Z,N,26,unavailable,False,BFI IMAX N 26
2026-09-24T15:42:55Z,N,25,unavailable,False,BFI IMAX N 25
2026-09-24T15:42:55Z,N,24,unavailable,False,BFI IMAX N 24
2026-09-24T15:42:55Z,N,23,unavailable,False,BFI IMAX N 23
2026-09-24T15:42:55Z,N,22,available,False,BFI IMAX N 22
2026-09-24T15:42:55Z,N,21,available,False,BFI IMAX N 21
2026-09-24T15:42:55Z,N,20,available,False,BFI IMAX N 20
2026-09-24T15:42:55Z,N,19,available,False,BFI IMAX N 19
2026-09-24T15:42:55Z,N,18,available,False,BFI IMAX N 18
2026-09-24T15:42:55Z,N,17,available,False,BFI IMAX N 17
2026-09-24T15:42:55Z,N,16,available,False,BFI IMAX N 16
2026-09-24T15:42:55Z,N,15,available,False,BFI IMAX N 15
2026-09-24T15:42:55Z,N,14,available,False,BFI IMAX N 14
2026-09-24T15:42:55Z,N,13,available,False,BFI IMAX N 13
2026-09-24T15:42:55Z,N,12,unavailable,False,BFI IMAX N 12
2026-09-24T15:42:55Z,N,11,unavailable,False,BFI IMAX N 11
2026-09-24T15:42:55Z,N,10,unavailable,False,BFI IMAX N 10
2026-09-24T15:42:55Z,N,9,unavailable,False,BFI IMAX N 9
2026-09-24T15:42:55Z,L,10,available,False,BFI IMAX L 10
2026-09-24T15:42:55Z,M,26,available,False,BFI IMAX M 26
2026-09-24T15:42:55Z,M,25,available,False,BFI IMAX M 25
2026-09-24T15:42:55Z,M,24,available,False,BFI IMAX M 24
2026-09-24T15:42:55Z,M,23,available,False,BFI IMAX M 23
2026-09-24T15:42:55Z,M,22,available,False,BFI IMAX M 22
2026-09-24T15:42:55Z,M,21,available,False,BFI IMAX M 21
2026-09-24T15:42:55Z,M,20,available,False,BFI IMAX M 20
2026-09-24T15:42:55Z,M,19,available,False,BFI IMAX M 19
2026-09-24T15:42:55Z,M,18,available,False,BFI IMAX M 18
2026-09-24T15:42:55Z,M,17,available,False,BFI IMAX M 17
2026-09-24T15:42:55Z,M,16,available,False,BFI IMAX M 16
2026-09-24T15:42:55Z,P,27,available,True,BFI IMAX P 27
2026-09-24T15:42:55Z,P,26,unavailable,False,BFI IMAX P 26
2026-09-24T15:42:55Z,P,6,unavailable,False,BFI IMAX P 6
2026-09-24T15:42:55Z,P,5,available,True,BFI IMAX P 5
2026-09-24T15:42:55Z,P,31,unavailable,False,BFI IMAX P 31
2026-09-24T15:42:55Z,P,30,available,True,BFI IMAX P 30
2026-09-24T15:42:55Z,P,2,available,True,BFI IMAX P 2
2026-09-24T15:42:55Z,P,1,unavailable,False,BFI IMAX P 1
2026-09-24T15:42:55Z,P,21,available,False,BFI IMAX P 21
2026-09-24T15:42:55Z,P,20,available,False,BFI IMAX P 20
2026-09-24T15:42:55Z,P,19,available,False,BFI IMAX P 19
2026-09-24T15:42:55Z,P,18,available,False,BFI IMAX P 18
2026-09-24T15:42:55Z,P,17,available,False,BFI IMAX P 17
2026-09-24T15:42:55Z,P,16,available,False,BFI IMAX P 16
2026-09-24T15:42:55Z,P,15,available,False,BFI IMAX P 15
2026-09-24T15:42:55Z,P,14,available,False,BFI IMAX P 14
2026-09-24T15:42:55Z,P,13,available,False,BFI IMAX P 13
2026-09-24T15:42:55Z,P,12,available,False,BFI IMAX P 12
2026-09-24T15:42:55Z,P,11,available,False,BFI IMAX P 11
2026-09-24T15:42:55Z,P,9,available,False,BFI IMAX P 9
2026-09-24T15:42:55Z,P,8,available,False,BFI IMAX P 8
2026-09-24T15:42:55Z,P,7,available,False,BFI IMAX P 7
2026-09-24T15:42:55Z,P,10,available,False,BFI IMAX P 10
2026-09-24T15:42:55Z,P,25,available,False,BFI IMAX P 25
2026-09-24T15:42:55Z,P,24,available,False,BFI IMAX P 24
2026-09-24T15:42:55Z,P,23,available,False,BFI IMAX P 23
2026-09-24T15:42:55Z,P,22,available,False,BFI IMAX P 22
2026-09-24T15:42:55Z,Q,18,sold,False,BFI IMAX Q 18
2026-09-24T15:42:55Z,Q,17,available,False,BFI IMAX Q 17
2026-09-24T15:42:55Z,Q,16,available,False,BFI IMAX Q 16
2026-09-24T15:42:55Z,Q,15,available,False,BFI IMAX Q 15
2026-09-24T15:42:55Z,Q,14,available,False,BFI IMAX Q 14
2026-09-24T15:42:55Z,Q,13,available,False,BFI IMAX Q 13
2026-09-24T15:42:55Z,Q,12,available,False,BFI IMAX Q 12
2026-09-24T15:42:55Z,Q,11,available,False,BFI IMAX Q 11
2026-09-24T15:42:55Z,Q,10,available,False,BFI IMAX Q 10
2026-09-24T15:42:55Z,Q,9,sold,False,BFI IMAX Q 9
2026-09-24T15:42:55Z,Q,8,available,False,BFI IMAX Q 8
2026-09-24T15:42:55Z,Q,7,available,False,BFI IMAX Q 7
2026-09-24T15:42:55Z,Q,6,available,False,BFI IMAX Q 6
2026-09-24T15:42:55Z,Q,5,available,False,BFI IMAX Q 5
2026-09-24T15:42:55Z,Q,4,available,False,BFI IMAX Q 4
2026-09-24T15:42:55Z,Q,3,available,False,BFI IMAX Q 3
2026-09-24T15:42:55Z,Q,2,available,False,BFI IMAX Q 2
2026-09-24T15:42:55Z,Q,1,available,False,BFI IMAX Q 1
2026-09-24T19:43:44Z,K,27,unavailable,False,BFI IMAX K 27
2026-09-24T19:43:44Z,K,26,unavailable,False,BFI IMAX K 26
2026-09-24T19:43:44Z,P,29,available,True,BFI IMAX P 29
2026-09-24T19:43:44Z,P,28,available,True,BFI IMAX P 28
2026-09-24T19:43:44Z,P,4,available,True,BFI IMAX P 4
2026-09-24T19:43:44Z,P,3,available,True,BFI IMAX P 3
2026-09-24T19:43:44Z,A,7,available,False,BFI IMAX A 7
2026-09-24T19:43:44Z,A,6,available,False,BFI IMAX A 6
2026-09-24T19:43:44Z,A,5,available,False,BFI IMAX A 5
2026-09-24T19:43:44Z,A,4,available,False,BFI IMAX A 4
2026-09-24T19:43:44Z,A,3,available,False,BFI IMAX A 3
2026-09-24T19:43:44Z,A,2,available,False,BFI IMAX A 2
2026-09-24T19:43:44Z,A,1,available,False,BFI IMAX A 1
2026-09-24T19:43:44Z,B,36,available,False,BFI IMAX B 36
2026-09-24T19:43:44Z,B,35,available,False,BFI IMAX B 35
2026-09-24T19:43:44Z,B,34,available,False,BFI IMAX B 34
2026-09-24T19:43:44Z,B,33,available,False,BFI IMAX B 33
2026-09-24T19:43:44Z,B,32,available,False,BFI IMAX B 32
2026-09-24T19:43:44Z,B,31,available,False,BFI IMAX B 31
2026-09-24T19:43:44Z,B,30,available,False,BFI IMAX B 30
2026-09-24T19:43:44Z,B,29,available,False,BFI IMAX B 29
2026-09-24T19:43:44Z,B,28,available,False,BFI IMAX B 28
2026-09-24T19:43:44Z,B,27,available,False,BFI IMAX B 27
2026-09-24T19:43:44Z,B,26,available,False,BFI IMAX B 26
2026-09-24T19:43:44Z,B,25,available,False,BFI IMAX B 25
2026-09-24T19:43:44Z,B,24,available,False,BFI IMAX B 24
2026-09-24T19:43:44Z,B,23,available,False,BFI IMAX B 23
2026-09-24T19:43:44Z,B,22,available,False,BFI IMAX B 22
2026-09-24T19:43:44Z,B,21,available,False,BFI IMAX B 21
2026-09-24T19:43:44Z,B,20,available,False,BFI IMAX B 20
2026-09-24T19:43:44Z,B,19,available,False,BFI IMAX B 19
2026-09-24T19:43:44Z,B,18,available,False,BFI IMAX B 18
2026-09-24T19:43:44Z,B,17,available,False,BFI IMAX B 17
2026-09-24T19:43:44Z,B,16,available,False,BFI IMAX B 16
2026-09-24T19:43:44Z,B,15,available,False,BFI IMAX B 15
2026-09-24T19:43:44Z,B,14,available,False,BFI IMAX B 14
2026-09-24T19:43:44Z,B,13,available,False,BFI IMAX B 13
2026-09-24T19:43:44Z,B,12,available,False,BFI IMAX B 12
2026-09-24T19:43:44Z,B,11,available,False,BFI IMAX B 11
2026-09-24T19:43:44Z,B,10,available,False,BFI IMAX B 10
2026-09-24T19:43:44Z,B,9,available,False,BFI IMAX B 9
2026-09-24T19:43:44Z,B,8,available,False,BFI IMAX B 8
2026-09-24T19:43:44Z,B,7,available,False,BFI IMAX B 7
2026-09-24T19:43:44Z,B,6,available,False,BFI IMAX B 6
2026-09-24T19:43:44Z,B,5,available,False,BFI IMAX B 5
2026-09-24T19:43:44Z,B,4,available,False,BFI IMAX B 4
2026-09-24T19:43:44Z,B,3,available,False,BFI IMAX B 3
2026-09-24T19:43:44Z,B,2,available,False,BFI IMAX B 2
2026-09-24T19:43:44Z,B,1,available,False,BFI IMAX B 1
2026-09-24T19:43:44Z,C,36,available,False,BFI IMAX C 36
2026-09-24T19:43:44Z,C,35,available,False,BFI IMAX C 35
2026-09-24T19:43:44Z,C,34,available,False,BFI IMAX C 34
2026-09-24T19:43:44Z,C,33,available,False,BFI IMAX C 33
2026-09-24T19:43:44Z,C,32,available,False,BFI IMAX C 32
2026-09-24T19:43:44Z,C,31,available,False,BFI IMAX C 31
2026-09-24T19:43:44Z,C,30,available,False,BFI IMAX C 30
2026-09-24T19:43:44Z,C,29,available,False,BFI IMAX C 29
2026-09-24T19:43:44Z,C,28,available,False,BFI IMAX C 28
2026-09-24T19:43:44Z,C,27,available,False,BFI IMAX C 27
2026-09-24T19:43:44Z,C,26,available,False,BFI IMAX C 26
2026-09-24T19:43:44Z,C,25,sold,False,BFI IMAX C 25
2026-09-24T19:43:44Z,C,24,available,False,BFI IMAX C 24
2026-09-24T19:43:44Z,C,23,available,False,BFI IMAX C 23
2026-09-24T19:43:44Z,C,22,available,False,BFI IMAX C 22
2026-09-24T19:43:44Z,C,21,available,False,BFI IMAX C 21
2026-09-24T19:43:44Z,C,20,available,False,BFI IMAX C 20
2026-09-24T19:43:44Z,C,19,available,False,BFI IMAX C 19
2026-09-24T19:43:44Z,C,18,available,False,BFI IMAX C 18
2026-09-24T19:43:44Z,C,17,available,False,BFI IMAX C 17
2026-09-24T19:43:44Z,C,16,available,False,BFI IMAX C 16
2026-09-24T19:43:44Z,C,15,available,False,BFI IMAX C 15
2026-09-24T19:43:44Z,C,14,available,False,BFI IMAX C 14
2026-09-24T19:43:44Z,C,13,available,False,BFI IMAX C 13
2026-09-24T19:43:44Z,C,12,available,False,BFI IMAX C 12
2026-09-24T19:43:44Z,C,11,available,False,BFI IMAX C 11
2026-09-24T19:43:44Z,C,10,available,False,BFI IMAX C 10
2026-09-24T19:43:44Z,C,9,available,False,BFI IMAX C 9
2026-09-24T19:43:44Z,C,8,available,False,BFI IMAX C 8
2026-09-24T19:43:44Z,C,7,available,False,BFI IMAX C 7
2026-09-24T19:43:44Z,C,6,available,False,BFI IMAX C 6
2026-09-24T19:43:44Z,C,5,available,False,BFI IMAX C 5
2026-09-24T19:43:44Z,C,4,available,False,BFI IMAX C 4
2026-09-24T19:43:44Z,C,3,available,False,BFI IMAX C 3
2026-09-24T19:43:44Z,C,2,available,False,BFI IMAX C 2
2026-09-24T19:43:44Z,C,1,available,False,BFI IMAX C 1
2026-09-24T19:43:44Z,D,37,available,False,BFI IMAX D 37
2026-09-24T19:43:44Z,D,36,available,False,BFI IMAX D 36
2026-09-24T19:43:44Z,D,35,available,False,BFI IMAX D 35
2026-09-24T19:43:44Z,D,34,available,False,BFI IMAX D 34
2026-09-24T19:43:44Z,D,33,available,False,BFI IMAX D 33
2026-09-24T19:43:44Z,D,32,available,False,BFI IMAX D 32
2026-09-24T19:43:44Z,D,31,available,False,BFI IMAX D 31
2026-09-24T19:43:44Z,D,30,available,False,BFI IMAX D 30
2026-09-24T19:43:44Z,D,29,available,False,BFI IMAX D 29
2026-09-24T19:43:44Z,D,28,available,False,BFI IMAX D 28
2026-09-24T19:43:44Z,D,27,available,False,BFI IMAX D 27
2026-09-24T19:43:44Z,D,26,available,False,BFI IMAX D 26
2026-09-24T19:43:44Z,D,25,available,False,BFI IMAX D 25
2026-09-24T19:43:44Z,D,24,available,False,BFI IMAX D 24
2026-09-24T19:43:44Z,D,23,available,False,BFI IMAX D 23
2026-09-24T19:43:44Z,D,22,available,False,BFI IMAX D 22
2026-09-24T19:43:44Z,D,21,available,False,BFI IMAX D 21
2026-09-24T19:43:44Z,D,20,available,False,BFI IMAX D 20
2026-09-24T19:43:44Z,D,19,available,False,BFI IMAX D 19
2026-09-24T19:43:44Z,D,18,available,False,BFI IMAX D 18
2026-09-24T19:43:44Z,D,17,available,False,BFI IMAX D 17
2026-09-24T19:43:44Z,D,16,available,False,BFI IMAX D 16
2026-09-24T19:43:44Z,D,15,available,False,BFI IMAX D 15
2026-09-24T19:43:44Z,D,14,available,False,BFI IMAX D 14
2026-09-24T19:43:44Z,D,13,available,False,BFI IMAX D 13
2026-09-24T19:43:44Z,D,12,available,False,BFI IMAX D 12
2026-09-24T19:43:44Z,D,11,available,False,BFI IMAX D 11
2026-09-24T19:43:44Z,D,10,available,False,BFI IMAX D 10
2026-09-24T19:43:44Z,D,9,available,False,BFI IMAX D 9
2026-09-24T19:43:44Z,D,8,available,False,BFI IMAX D 8
2026-09-24T19:43:44Z,D,7,available,False,BFI IMAX D 7
2026-09-24T19:43:44Z,D,6,available,False,BFI IMAX D 6
2026-09-24T19:43:44Z,D,5,available,False,BFI IMAX D 5
2026-09-24T19:43:44Z,D,4,available,False,BFI IMAX D 4
2026-09-24T19:43:44Z,D,3,available,False,BFI IMAX D 3
2026-09-24T19:43:44Z,D,2,available,False,BFI IMAX D 2
2026-09-24T19:43:44Z,D,1,available,False,BFI IMAX D 1
2026-09-24T19:43:44Z,E,37,available,False,BFI IMAX E 37
2026-09-24T19:43:44Z,E,36,available,False,BFI IMAX E 36
2026-09-24T19:43:44Z,E,35,available,False,BFI IMAX E 35
2026-09-24T19:43:44Z,E,34,available,False,BFI IMAX E 34
2026-09-24T19:43:44Z,E,33,available,False,BFI IMAX E 33
2026-09-24T19:43:44Z,E,32,available,False,BFI IMAX E 32
2026-09-24T19:43:44Z,E,31,available,False,BFI IMAX E 31
2026-09-24T19:43:44Z,E,30,available,False,BFI IMAX E 30
2026-09-24T19:43:44Z,E,29,available,False,BFI IMAX E 29
2026-09-24T19:43:44Z,E,28,available,False,BFI IMAX E 28
2026-09-24T19:43:44Z,E,27,available,False,BFI IMAX E 27
2026-09-24T19:43:44Z,E,26,available,False,BFI IMAX E 26
2026-09-24T19:43:44Z,E,25,available,False,BFI IMAX E 25
2026-09-24T19:43:44Z,E,24,available,False,BFI IMAX E 24
2026-09-24T19:43:44Z,E,23,available,False,BFI IMAX E 23
2026-09-24T19:43:44Z,E,22,available,False,BFI IMAX E 22
2026-09-24T19:43:44Z,E,21,available,False,BFI IMAX E 21
2026-09-24T19:43:44Z,E,20,available,False,BFI IMAX E 20
2026-09-24T19:43:44Z,E,19,available,False,BFI IMAX E 19
2026-09-24T19:43:44Z,E,18,available,False,BFI IMAX E 18
2026-09-24T19:43:44Z,E,17,available,False,BFI IMAX E 17
2026-09-24T19:43:44Z,E,16,available,False,BFI IMAX E 16
2026-09-24T19:43:44Z,E,15,available,False,BFI IMAX E 15
2026-09-24T19:43:44Z,E,14,available,False,BFI IMAX E 14
2026-09-24T19:43:44Z,E,13,available,False,BFI IMAX E 13
2026-09-24T19:43:44Z,E,12,available,False,BFI IMAX E 12
2026-09-24T19:43:44Z,E,11,available,False,BFI IMAX E 11
2026-09-24T19:43:44Z,E,10,available,False,BFI IMAX E 10
2026-09-24T19:43:44Z,E,9,available,False,BFI IMAX E 9
2026-09-24T19:43:44Z,E,8,available,False,BFI IMAX E 8
2026-09-24T19:43:44Z,E,7,available,False,BFI IMAX E 7
2026-09-24T19:43:44Z,E,6,available,False,BFI IMAX E 6
2026-09-24T19:43:44Z,E,5,available,False,BFI IMAX E 5
2026-09-24T19:43:44Z,E,4,available,False,BFI IMAX E 4
2026-09-24T19:43:44Z,E,3,available,False,BFI IMAX E 3
2026-09-24T19:43:44Z,E,2,available,False,BFI IMAX E 2
2026-09-24T19:43:44Z,E,1,available,False,BFI IMAX E 1
2026-09-24T19:43:44Z,F,38,available,False,BFI IMAX F 38
2026-09-24T19:43:44Z,F,37,available,False,BFI IMAX F 37
2026-09-24T19:43:44Z,F,36,available,False,BFI IMAX F 36
2026-09-24T19:43:44Z,F,35,available,False,BFI IMAX F 35
2026-09-24T19:43:44Z,F,34,available,False,BFI IMAX F 34
2026-09-24T19:43:44Z,F,33,available,False,BFI IMAX F 33
2026-09-24T19:43:44Z,F,32,available,False,BFI IMAX F 32
2026-09-24T19:43:44Z,F,31,available,False,BFI IMAX F 31
2026-09-24T19:43:44Z,F,30,available,False,BFI IMAX F 30
2026-09-24T19:43:44Z,F,29,available,False,BFI IMAX F 29
2026-09-24T19:43:44Z,F,28,available,False,BFI IMAX F 28
2026-09-24T19:43:44Z,F,27,available,False,BFI IMAX F 27
2026-09-24T19:43:44Z,F,26,available,False,BFI IMAX F 26
2026-09-24T19:43:44Z,F,25,available,False,BFI IMAX F 25
2026-09-24T19:43:44Z,F,24,available,False,BFI IMAX F 24
2026-09-24T19:43:44Z,F,23,available,False,BFI IMAX F 23
2026-09-24T19:43:44Z,F,22,available,False,BFI IMAX F 22
2026-09-24T19:43:44Z,F,21,available,False,BFI IMAX F 21
2026-09-24T19:43:44Z,F,20,available,False,BFI IMAX F 20
2026-09-24T19:43:44Z,F,19,available,False,BFI IMAX F 19
2026-09-24T19:43:44Z,F,18,available,False,BFI IMAX F 18
2026-09-24T19:43:44Z,F,17,available,False,BFI IMAX F 17
2026-09-24T19:43:44Z,F,16,available,False,BFI IMAX F 16
2026-09-24T19:43:44Z,F,15,available,False,BFI IMAX F 15
2026-09-24T19:43:44Z,F,14,available,False,BFI IMAX F 14
2026-09-24T19:43:44Z,F,13,available,False,BFI IMAX F 13
2026-09-24T19:43:44Z,F,12,available,False,BFI IMAX F 12
2026-09-24T19:43:44Z,F,11,available,False,BFI IMAX F 11
2026-09-24T19:43:44Z,F,10,available,False,BFI IMAX F 10
2026-09-24T19:43:44Z,F,9,available,False,BFI IMAX F 9
2026-09-24T19:43:44Z,F,8,available,False,BFI IMAX F 8
2026-09-24T19:43:44Z,F,7,available,False,BFI IMAX F 7
2026-09-24T19:43:44Z,F,6,available,False,BFI IMAX F 6
2026-09-24T19:43:44Z,F,5,available,False,BFI IMAX F 5
2026-09-24T19:43:44Z,F,4,available,False,BFI IMAX F 4
2026-09-24T19:43:44Z,F,3,available,False,BFI IMAX F 3
2026-09-24T19:43:44Z,F,2,available,False,BFI IMAX F 2
2026-09-24T19:43:44Z,F,1,available,False,BFI IMAX F 1
2026-09-24T19:43:44Z,G,37,available,False,BFI IMAX G 37
2026-09-24T19:43:44Z,G,36,available,False,BFI IMAX G 36
2026-09-24T19:43:44Z,G,35,available,False,BFI IMAX G 35
2026-09-24T19:43:44Z,G,34,available,False,BFI IMAX G 34
2026-09-24T19:43:44Z,G,33,available,False,BFI IMAX G 33
2026-09-24T19:43:44Z,G,32,available,False,BFI IMAX G 32
2026-09-24T19:43:44Z,G,31,available,False,BFI IMAX G 31
2026-09-24T19:43:44Z,G,30,available,False,BFI IMAX G 30
2026-09-24T19:43:44Z,G,29,available,False,BFI IMAX G 29
2026-09-24T19:43:44Z,G,28,available,False,BFI IMAX G 28
2026-09-24T19:43:44Z,G,27,available,False,BFI IMAX G 27
2026-09-24T19:43:44Z,G,26,available,False,BFI IMAX G 26
2026-09-24T19:43:44Z,G,25,available,False,BFI IMAX G 25
2026-09-24T19:43:44Z,G,24,available,False,BFI IMAX G 24
2026-09-24T19:43:44Z,G,23,available,False,BFI IMAX G 23
2026-09-24T19:43:44Z,G,22,available,False,BFI IMAX G 22
2026-09-24T19:43:44Z,G,21,available,False,BFI IMAX G 21
2026-09-24T19:43:44Z,G,20,available,False,BFI IMAX G 20
2026-09-24T19:43:44Z,G,19,available,False,BFI IMAX G 19
2026-09-24T19:43:44Z,G,18,available,False,BFI IMAX G 18
2026-09-24T19:43:44Z,G,17,available,False,BFI IMAX G 17
2026-09-24T19:43:44Z,G,16,available,False,BFI IMAX G 16
2026-09-24T19:43:44Z,G,15,available,False,BFI IMAX G 15
2026-09-24T19:43:44Z,G,14,available,False,BFI IMAX G 14
2026-09-24T19:43:44Z,G,13,available,False,BFI IMAX G 13
2026-09-24T19:43:44Z,G,12,available,False,BFI IMAX G 12
2026-09-24T19:43:44Z,G,11,available,False,BFI IMAX G 11
2026-09-24T19:43:44Z,G,10,available,False,BFI IMAX G 10
2026-09-24T19:43:44Z,G,9,available,False,BFI IMAX G 9
2026-09-24T19:43:44Z,G,8,available,False,BFI IMAX G 8
2026-09-24T19:43:44Z,G,7,available,False,BFI IMAX G 7
2026-09-24T19:43:44Z,G,6,available,False,BFI IMAX G 6
2026-09-24T19:43:44Z,G,5,available,False,BFI IMAX G 5
2026-09-24T19:43:44Z,G,4,available,False,BFI IMAX G 4
2026-09-24T19:43:44Z,G,3,available,False,BFI IMAX G 3
2026-09-24T19:43:44Z,G,2,available,False,BFI IMAX G 2
2026-09-24T19:43:44Z,G,1,available,False,BFI IMAX G 1
2026-09-24T19:43:44Z,H,37,available,False,BFI IMAX H 37
2026-09-24T19:43:44Z,H,36,available,False,BFI IMAX H 36
2026-09-24T19:43:44Z,H,35,available,False,BFI IMAX H 35
2026-09-24T19:43:44Z,H,34,available,False,BFI IMAX H 34
2026-09-24T19:43:44Z,H,33,available,False,BFI IMAX H 33
2026-09-24T19:43:44Z,H,32,available,False,BFI IMAX H 32
2026-09-24T19:43:44Z,H,31,available,False,BFI IMAX H 31
2026-09-24T19:43:44Z,H,30,available,False,BFI IMAX H 30
2026-09-24T19:43:44Z,H,29,available,False,BFI IMAX H 29
2026-09-24T19:43:44Z,H,28,available,False,BFI IMAX H 28
2026-09-24T19:43:44Z,H,27,available,False,BFI IMAX H 27
2026-09-24T19:43:44Z,H,26,available,False,BFI IMAX H 26
2026-09-24T19:43:44Z,H,25,available,False,BFI IMAX H 25
2026-09-24T19:43:44Z,H,24,available,False,BFI IMAX H 24
2026-09-24T19:43:44Z,H,23,available,False,BFI IMAX H 23
2026-09-24T19:43:44Z,H,22,available,False,BFI IMAX H 22
2026-09-24T19:43:44Z,H,21,available,False,BFI IMAX H 21
2026-09-24T19:43:44Z,H,20,available,False,BFI IMAX H 20
2026-09-24T19:43:44Z,H,19,available,False,BFI IMAX H 19
2026-09-24T19:43:44Z,H,18,available,False,BFI IMAX H 18
2026-09-24T19:43:44Z,H,17,available,False,BFI IMAX H 17
2026-09-24T19:43:44Z,H,16,available,False,BFI IMAX H 16
2026-09-24T19:43:44Z,H,15,available,False,BFI IMAX H 15
2026-09-24T19:43:44Z,H,14,available,False,BFI IMAX H 14
2026-09-24T19:43:44Z,H,13,available,False,BFI IMAX H 13
2026-09-24T19:43:44Z,H,12,available,False,BFI IMAX H 12
2026-09-24T19:43:44Z,H,11,available,False,BFI IMAX H 11
2026-09-24T19:43:44Z,H,10,available,False,BFI IMAX H 10
2026-09-24T19:43:44Z,H,9,available,False,BFI IMAX H 9
2026-09-24T19:43:44Z,H,8,available,False,BFI IMAX H 8
2026-09-24T19:43:44Z,H,7,available,False,BFI IMAX H 7
2026-09-24T19:43:44Z,H,6,available,False,BFI IMAX H 6
2026-09-24T19:43:44Z,H,5,available,False,BFI IMAX H 5
2026-09-24T19:43:44Z,H,4,available,False,BFI IMAX H 4
2026-09-24T19:43:44Z,H,3,available,False,BFI IMAX H 3
2026-09-24T19:43:44Z,H,2,available,False,BFI IMAX H 2
2026-09-24T19:43:44Z,H,1,available,False,BFI IMAX H 1
2026-09-24T19:43:44Z,J,36,available,False,BFI IMAX J 36
2026-09-24T19:43:44Z,J,35,available,False,BFI IMAX J 35
2026-09-24T19:43:44Z,J,34,available,False,BFI IMAX J 34
2026-09-24T19:43:44Z,J,33,available,False,BFI IMAX J 33
2026-09-24T19:43:44Z,J,32,available,False,BFI IMAX J 32
2026-09-24T19:43:44Z,J,31,available,False,BFI IMAX J 31
2026-09-24T19:43:44Z,J,30,available,False,BFI IMAX J 30
2026-09-24T19:43:44Z,J,29,available,False,BFI IMAX J 29
2026-09-24T19:43:44Z,J,28,available,False,BFI IMAX J 28
2026-09-24T19:43:44Z,J,27,available,False,BFI IMAX J 27
2026-09-24T19:43:44Z,J,26,available,False,BFI IMAX J 26
2026-09-24T19:43:44Z,J,25,available,False,BFI IMAX J 25
2026-09-24T19:43:44Z,J,24,available,False,BFI IMAX J 24
2026-09-24T19:43:44Z,J,23,available,False,BFI IMAX J 23
2026-09-24T19:43:44Z,J,22,available,False,BFI IMAX J 22
2026-09-24T19:43:44Z,J,21,available,False,BFI IMAX J 21
2026-09-24T19:43:44Z,J,20,available,False,BFI IMAX J 20
2026-09-24T19:43:44Z,J,19,available,False,BFI IMAX J 19
2026-09-24T19:43:44Z,J,18,available,False,BFI IMAX J 18
2026-09-24T19:43:44Z,J,17,available,False,BFI IMAX J 17
2026-09-24T19:43:44Z,J,16,available,False,BFI IMAX J 16
2026-09-24T19:43:44Z,J,15,available,False,BFI IMAX J 15
2026-09-24T19:43:44Z,J,14,available,False,BFI IMAX J 14
2026-09-24T19:43:44Z,J,13,available,False,BFI IMAX J 13
2026-09-24T19:43:44Z,J,12,available,False,BFI IMAX J 12
2026-09-24T19:43:44Z,J,11,available,False,BFI IMAX J 11
2026-09-24T19:43:44Z,J,10,available,False,BFI IMAX J 10
2026-09-24T19:43:44Z,J,9,available,False,BFI IMAX J 9
2026-09-24T19:43:44Z,J,8,available,False,BFI IMAX J 8
2026-09-24T19:43:44Z,J,7,available,False,BFI IMAX J 7
2026-09-24T19:43:44Z,J,6,available,False,BFI IMAX J 6
2026-09-24T19:43:44Z,J,5,available,False,BFI IMAX J 5
2026-09-24T19:43:44Z,J,4,available,False,BFI IMAX J 4
2026-09-24T19:43:44Z,J,3,available,False,BFI IMAX J 3
2026-09-24T19:43:44Z,J,2,available,False,BFI IMAX J 2
2026-09-24T19:43:44Z,J,1,available,False,BFI IMAX J 1
2026-09-24T19:43:44Z,K,36,available,False,BFI IMAX K 36
2026-09-24T19:43:44Z,K,35,available,False,BFI IMAX K 35
2026-09-24T19:43:44Z,K,34,available,False,BFI IMAX K 34
2026-09-24T19:43:44Z,K,33,available,False,BFI IMAX K 33
2026-09-24T19:43:44Z,K,32,available,False,BFI IMAX K 32
2026-09-24T19:43:44Z,K,31,available,False,BFI IMAX K 31
2026-09-24T19:43:44Z,K,30,available,False,BFI IMAX K 30
2026-09-24T19:43:44Z,K,29,available,False,BFI IMAX K 29
2026-09-24T19:43:44Z,K,28,available,False,BFI IMAX K 28
2026-09-24T19:43:44Z,A,13,available,False,BFI IMAX A 13
2026-09-24T19:43:44Z,A,12,available,False,BFI IMAX A 12
2026-09-24T19:43:44Z,K,25,available,False,BFI IMAX K 25
2026-09-24T19:43:44Z,K,24,available,False,BFI IMAX K 24
2026-09-24T19:43:44Z,K,23,available,False,BFI IMAX K 23
2026-09-24T19:43:44Z,K,22,available,False,BFI IMAX K 22
2026-09-24T19:43:44Z,K,21,available,False,BFI IMAX K 21
2026-09-24T19:43:44Z,K,20,available,False,BFI IMAX K 20
2026-09-24T19:43:44Z,K,19,sold,False,BFI IMAX K 19
2026-09-24T19:43:44Z,K,18,available,False,BFI IMAX K 18
2026-09-24T19:43:44Z,K,17,available,False,BFI IMAX K 17
2026-09-24T19:43:44Z,K,16,available,False,BFI IMAX K 16
2026-09-24T19:43:44Z,K,15,available,False,BFI IMAX K 15
2026-09-24T19:43:44Z,K,14,available,False,BFI IMAX K 14
2026-09-24T19:43:44Z,K,13,available,False,BFI IMAX K 13
2026-09-24T19:43:44Z,K,12,available,False,BFI IMAX K 12
2026-09-24T19:43:44Z,K,11,available,False,BFI IMAX K 11
2026-09-24T19:43:44Z,K,10,available,False,BFI IMAX K 10
2026-09-24T19:43:44Z,K,9,available,False,BFI IMAX K 9
2026-09-24T19:43:44Z,K,8,available,False,BFI IMAX K 8
2026-09-24T19:43:44Z,K,7,available,False,BFI IMAX K 7
2026-09-24T19:43:44Z,K,6,available,False,BFI IMAX K 6
2026-09-24T19:43:44Z,K,5,available,False,BFI IMAX K 5
2026-09-24T19:43:44Z,K,4,available,False,BFI IMAX K 4
2026-09-24T19:43:44Z,K,3,available,False,BFI IMAX K 3
2026-09-24T19:43:44Z,K,2,available,False,BFI IMAX K 2
2026-09-24T19:43:44Z,K,1,available,False,BFI IMAX K 1
2026-09-24T19:43:44Z,L,33,available,False,BFI IMAX L 33
2026-09-24T19:43:44Z,L,32,available,False,BFI IMAX L 32
2026-09-24T19:43:44Z,L,31,available,False,BFI IMAX L 31
2026-09-24T19:43:44Z,L,30,available,False,BFI IMAX L 30
2026-09-24T19:43:44Z,L,29,available,False,BFI IMAX L 29
2026-09-24T19:43:44Z,L,28,available,False,BFI IMAX L 28
2026-09-24T19:43:44Z,L,27,available,False,BFI IMAX L 27
2026-09-24T19:43:44Z,L,26,available,False,BFI IMAX L 26
2026-09-24T19:43:44Z,L,8,available,False,BFI IMAX L 8
2026-09-24T19:43:44Z,L,7,available,False,BFI IMAX L 7
2026-09-24T19:43:44Z,L,6,available,False,BFI IMAX L 6
2026-09-24T19:43:44Z,L,5,available,False,BFI IMAX L 5
2026-09-24T19:43:44Z,L,4,available,False,BFI IMAX L 4
2026-09-24T19:43:44Z,L,3,available,False,BFI IMAX L 3
2026-09-24T19:43:44Z,L,2,available,False,BFI IMAX L 2
2026-09-24T19:43:44Z,L,1,available,False,BFI IMAX L 1
2026-09-24T19:43:44Z,M,34,available,False,BFI IMAX M 34
2026-09-24T19:43:44Z,M,33,available,False,BFI IMAX M 33
2026-09-24T19:43:44Z,M,32,available,False,BFI IMAX M 32
2026-09-24T19:43:44Z,M,31,available,False,BFI IMAX M 31
2026-09-24T19:43:44Z,M,30,available,False,BFI IMAX M 30
2026-09-24T19:43:44Z,M,29,available,False,BFI IMAX M 29
2026-09-24T19:43:44Z,M,28,available,False,BFI IMAX M 28
2026-09-24T19:43:44Z,M,27,sold,False,BFI IMAX M 27
2026-09-24T19:43:44Z,M,8,available,False,BFI IMAX M 8
2026-09-24T19:43:44Z,M,7,available,False,BFI IMAX M 7
2026-09-24T19:43:44Z,M,6,available,False,BFI IMAX M 6
2026-09-24T19:43:44Z,M,5,available,False,BFI IMAX M 5
2026-09-24T19:43:44Z,M,4,available,False,BFI IMAX M 4
2026-09-24T19:43:44Z,M,3,available,False,BFI IMAX M 3
2026-09-24T19:43:44Z,M,2,available,False,BFI IMAX M 2
2026-09-24T19:43:44Z,M,1,available,False,BFI IMAX M 1
2026-09-24T19:43:44Z,N,34,unavailable,False,BFI IMAX N 34
2026-09-24T19:43:44Z,N,33,unavailable,False,BFI IMAX N 33
2026-09-24T19:43:44Z,N,32,unavailable,False,BFI IMAX N 32
2026-09-24T19:43:44Z,N,31,unavailable,False,BFI IMAX N 31
2026-09-24T19:43:44Z,N,30,unavailable,False,BFI IMAX N 30
2026-09-24T19:43:44Z,N,29,unavailable,False,BFI IMAX N 29
2026-09-24T19:43:44Z,N,28,unavailable,False,BFI IMAX N 28
2026-09-24T19:43:44Z,N,27,unavailable,False,BFI IMAX N 27
2026-09-24T19:43:44Z,N,8,available,False,BFI IMAX N 8
2026-09-24T19:43:44Z,N,7,available,False,BFI IMAX N 7
2026-09-24T19:43:44Z,N,6,available,False,BFI IMAX N 6
2026-09-24T19:43:44Z,N,5,available,False,BFI IMAX N 5
2026-09-24T19:43:44Z,N,4,available,False,BFI IMAX N 4
2026-09-24T19:43:44Z,N,3,available,False,BFI IMAX N 3
2026-09-24T19:43:44Z,N,2,available,False,BFI IMAX N 2
2026-09-24T19:43:44Z,N,1,available,False,BFI IMAX N 1
2026-09-24T19:43:44Z,A,11,available,False,BFI IMAX A 11
2026-09-24T19:43:44Z,A,10,available,False,BFI IMAX A 10
2026-09-24T19:43:44Z,A,9,available,False,BFI IMAX A 9
2026-09-24T19:43:44Z,A,8,available,False,BFI IMAX A 8
2026-09-24T19:43:44Z,M,15,available,False,BFI IMAX M 15
2026-09-24T19:43:44Z,M,14,available,False,BFI IMAX M 14
2026-09-24T19:43:44Z,M,13,available,False,BFI IMAX M 13
2026-09-24T19:43:44Z,M,12,available,False,BFI IMAX M 12
2026-09-24T19:43:44Z,M,11,available,False,BFI IMAX M 11
2026-09-24T19:43:44Z,M,10,available,False,BFI IMAX M 10
2026-09-24T19:43:44Z,M,9,available,False,BFI IMAX M 9
2026-09-24T19:43:44Z,L,9,available,False,BFI IMAX L 9
2026-09-24T19:43:44Z,L,25,available,False,BFI IMAX L 25
2026-09-24T19:43:44Z,L,24,available,False,BFI IMAX L 24
2026-09-24T19:43:44Z,L,23,available,False,BFI IMAX L 23
2026-09-24T19:43:44Z,L,22,available,False,BFI IMAX L 22
2026-09-24T19:43:44Z,L,21,available,False,BFI IMAX L 21
2026-09-24T19:43:44Z,L,20,available,False,BFI IMAX L 20
2026-09-24T19:43:44Z,L,19,available,False,BFI IMAX L 19
2026-09-24T19:43:44Z,L,18,sold,False,BFI IMAX L 18
2026-09-24T19:43:44Z,L,17,sold,False,BFI IMAX L 17
2026-09-24T19:43:44Z,L,16,available,False,BFI IMAX L 16
2026-09-24T19:43:44Z,L,15,available,False,BFI IMAX L 15
2026-09-24T19:43:44Z,L,14,available,False,BFI IMAX L 14
2026-09-24T19:43:44Z,L,13,available,False,BFI IMAX L 13
2026-09-24T19:43:44Z,L,12,available,False,BFI IMAX L 12
2026-09-24T19:43:44Z,L,11,available,False,BFI IMAX L 11
2026-09-24T19:43:44Z,N,26,unavailable,False,BFI IMAX N 26
2026-09-24T19:43:44Z,N,25,unavailable,False,BFI IMAX N 25
2026-09-24T19:43:44Z,N,24,unavailable,False,BFI IMAX N 24
2026-09-24T19:43:44Z,N,23,unavailable,False,BFI IMAX N 23
2026-09-24T19:43:44Z,N,22,available,False,BFI IMAX N 22
2026-09-24T19:43:44Z,N,21,available,False,BFI IMAX N 21
2026-09-24T19:43:44Z,N,20,available,False,BFI IMAX N 20
2026-09-24T19:43:44Z,N,19,available,False,BFI IMAX N 19
2026-09-24T19:43:44Z,N,18,available,False,BFI IMAX N 18
2026-09-24T19:43:44Z,N,17,available,False,BFI IMAX N 17
2026-09-24T19:43:44Z,N,16,available,False,BFI IMAX N 16
2026-09-24T19:43:44Z,N,15,available,False,BFI IMAX N 15
2026-09-24T19:43:44Z,N,14,available,False,BFI IMAX N 14
2026-09-24T19:43:44Z,N,13,available,False,BFI IMAX N 13
2026-09-24T19:43:44Z,N,12,unavailable,False,BFI IMAX N 12
2026-09-24T19:43:44Z,N,11,unavailable,False,BFI IMAX N 11
2026-09-24T19:43:44Z,N,10,unavailable,False,BFI IMAX N 10
2026-09-24T19:43:44Z,N,9,unavailable,False,BFI IMAX N 9
2026-09-24T19:43:44Z,L,10,available,False,BFI IMAX L 10
2026-09-24T19:43:44Z,M,26,available,False,BFI IMAX M 26
2026-09-24T19:43:44Z,M,25,available,False,BFI IMAX M 25
2026-09-24T19:43:44Z,M,24,available,False,BFI IMAX M 24
2026-09-24T19:43:44Z,M,23,available,False,BFI IMAX M 23
2026-09-24T19:43:44Z,M,22,available,False,BFI IMAX M 22
2026-09-24T19:43:44Z,M,21,available,False,BFI IMAX M 21
2026-09-24T19:43:44Z,M,20,available,False,BFI IMAX M 20
2026-09-24T19:43:44Z,M,19,available,False,BFI IMAX M 19
2026-09-24T19:43:44Z,M,18,available,False,BFI IMAX M 18
2026-09-24T19:43:44Z,M,17,available,False,BFI IMAX M 17
2026-09-24T19:43:44Z,M,16,available,False,BFI IMAX M 16
2026-09-24T19:43:44Z,P,27,available,True,BFI IMAX P 27
2026-09-24T19:43:44Z,P,26,unavailable,False,BFI IMAX P 26
2026-09-24T19:43:44Z,P,6,unavailable,False,BFI IMAX P 6
2026-09-24T19:43:44Z,P,5,available,True,BFI IMAX P 5
2026-09-24T19:43:44Z,P,31,unavailable,False,BFI IMAX P 31
2026-09-24T19:43:44Z,P,30,available,True,BFI IMAX P 30
2026-09-24T19:43:44Z,P,2,available,True,BFI IMAX P 2
2026-09-24T19:43:44Z,P,1,unavailable,False,BFI IMAX P 1
2026-09-24T19:43:44Z,P,21,available,False,BFI IMAX P 21
2026-09-24T19:43:44Z,P,20,available,False,BFI IMAX P 20
2026-09-24T19:43:44Z,P,19,available,False,BFI IMAX P 19
2026-09-24T19:43:44Z,P,18,available,False,BFI IMAX P 18
2026-09-24T19:43:44Z,P,17,available,False,BFI IMAX P 17
2026-09-24T19:43:44Z,P,16,available,False,BFI IMAX P 16
2026-09-24T19:43:44Z,P,15,available,False,BFI IMAX P 15
2026-09-24T19:43:44Z,P,14,available,False,BFI IMAX P 14
2026-09-24T19:43:44Z,P,13,available,False,BFI IMAX P 13
2026-09-24T19:43:44Z,P,12,available,False,BFI IMAX P 12
2026-09-24T19:43:44Z,P,11,available,False,BFI IMAX P 11
2026-09-24T19:43:44Z,P,9,available,False,BFI IMAX P 9
2026-09-24T19:43:44Z,P,8,available,False,BFI IMAX P 8
2026-09-24T19:43:44Z,P,7,available,False,BFI IMAX P 7
2026-09-24T19:43:44Z,P,10,available,False,BFI IMAX P 10
2026-09-24T19:43:44Z,P,25,available,False,BFI IMAX P 25
2026-09-24T19:43:44Z,P,24,available,False,BFI IMAX P 24
2026-09-24T19:43:44Z,P,23,available,False,BFI IMAX P 23
2026-09-24T19:43:44Z,P,22,available,False,BFI IMAX P 22
2026-09-24T19:43:44Z,Q,18,sold,False,BFI IMAX Q 18
2026-09-24T19:43:44Z,Q,17,available,False,BFI IMAX Q 17
2026-09-24T19:43:44Z,Q,16,available,False,BFI IMAX Q 16
2026-09-24T19:43:44Z,Q,15,available,False,BFI IMAX Q 15
2026-09-24T19:43:44Z,Q,14,available,False,BFI IMAX Q 14
2026-09-24T19:43:44Z,Q,13,available,False,BFI IMAX Q 13
2026-09-24T19:43:44Z,Q,12,available,False,BFI IMAX Q 12
2026-09-24T19:43:44Z,Q,11,available,False,BFI IMAX Q 11
2026-09-24T19:43:44Z,Q,10,available,False,BFI IMAX Q 10
2026-09-24T19:43:44Z,Q,9,sold,False,BFI IMAX Q 9
2026-09-24T19:43:44Z,Q,8,available,False,BFI IMAX Q 8
2026-09-24T19:43:44Z,Q,7,available,False,BFI IMAX Q 7
2026-09-24T19:43:44Z,Q,6,available,False,BFI IMAX Q 6
2026-09-24T19:43:44Z,Q,5,available,False,BFI IMAX Q 5
2026-09-24T19:43:44Z,Q,4,available,False,BFI IMAX Q 4
2026-09-24T19:43:44Z,Q,3,available,False,BFI IMAX Q 3
2026-09-24T19:43:44Z,Q,2,available,False,BFI IMAX Q 2
2026-09-24T19:43:44Z,Q,1,available,False,BFI IMAX Q 1
2026-09-25T10:48:29Z,K,27,unavailable,False,BFI IMAX K 27
2026-09-25T10:48:29Z,K,26,unavailable,False,BFI IMAX K 26
2026-09-25T10:48:29Z,P,29,available,True,BFI IMAX P 29
2026-09-25T10:48:29Z,P,28,available,True,BFI IMAX P 28
2026-09-25T10:48:29Z,P,4,available,True,BFI IMAX P 4
2026-09-25T10:48:29Z,P,3,available,True,BFI IMAX P 3
2026-09-25T10:48:29Z,A,7,available,False,BFI IMAX A 7
2026-09-25T10:48:29Z,A,6,available,False,BFI IMAX A 6
2026-09-25T10:48:29Z,A,5,available,False,BFI IMAX A 5
2026-09-25T10:48:29Z,A,4,available,False,BFI IMAX A 4
2026-09-25T10:48:29Z,A,3,available,False,BFI IMAX A 3
2026-09-25T10:48:29Z,A,2,available,False,BFI IMAX A 2
2026-09-25T10:48:29Z,A,1,available,False,BFI IMAX A 1
2026-09-25T10:48:29Z,B,36,available,False,BFI IMAX B 36
2026-09-25T10:48:29Z,B,35,available,False,BFI IMAX B 35
2026-09-25T10:48:29Z,B,34,available,False,BFI IMAX B 34
2026-09-25T10:48:29Z,B,33,available,False,BFI IMAX B 33
2026-09-25T10:48:29Z,B,32,available,False,BFI IMAX B 32
2026-09-25T10:48:29Z,B,31,available,False,BFI IMAX B 31
2026-09-25T10:48:29Z,B,30,available,False,BFI IMAX B 30
2026-09-25T10:48:29Z,B,29,available,False,BFI IMAX B 29
2026-09-25T10:48:29Z,B,28,available,False,BFI IMAX B 28
2026-09-25T10:48:29Z,B,27,available,False,BFI IMAX B 27
2026-09-25T10:48:29Z,B,26,available,False,BFI IMAX B 26
2026-09-25T10:48:29Z,B,25,available,False,BFI IMAX B 25
2026-09-25T10:48:29Z,B,24,available,False,BFI IMAX B 24
2026-09-25T10:48:29Z,B,23,available,False,BFI IMAX B 23
2026-09-25T10:48:29Z,B,22,available,False,BFI IMAX B 22
2026-09-25T10:48:29Z,B,21,available,False,BFI IMAX B 21
2026-09-25T10:48:29Z,B,20,available,False,BFI IMAX B 20
2026-09-25T10:48:29Z,B,19,available,False,BFI IMAX B 19
2026-09-25T10:48:29Z,B,18,available,False,BFI IMAX B 18
2026-09-25T10:48:29Z,B,17,available,False,BFI IMAX B 17
2026-09-25T10:48:29Z,B,16,available,False,BFI IMAX B 16
2026-09-25T10:48:29Z,B,15,available,False,BFI IMAX B 15
2026-09-25T10:48:29Z,B,14,available,False,BFI IMAX B 14
2026-09-25T10:48:29Z,B,13,available,False,BFI IMAX B 13
2026-09-25T10:48:29Z,B,12,available,False,BFI IMAX B 12
2026-09-25T10:48:29Z,B,11,available,False,BFI IMAX B 11
2026-09-25T10:48:29Z,B,10,available,False,BFI IMAX B 10
2026-09-25T10:48:29Z,B,9,available,False,BFI IMAX B 9
2026-09-25T10:48:29Z,B,8,available,False,BFI IMAX B 8
2026-09-25T10:48:29Z,B,7,available,False,BFI IMAX B 7
2026-09-25T10:48:29Z,B,6,available,False,BFI IMAX B 6
2026-09-25T10:48:29Z,B,5,available,False,BFI IMAX B 5
2026-09-25T10:48:29Z,B,4,available,False,BFI IMAX B 4
2026-09-25T10:48:29Z,B,3,available,False,BFI IMAX B 3
2026-09-25T10:48:29Z,B,2,available,False,BFI IMAX B 2
2026-09-25T10:48:29Z,B,1,available,False,BFI IMAX B 1
2026-09-25T10:48:29Z,C,36,available,False,BFI IMAX C 36
2026-09-25T10:48:29Z,C,35,available,False,BFI IMAX C 35
2026-09-25T10:48:29Z,C,34,available,False,BFI IMAX C 34
2026-09-25T10:48:29Z,C,33,available,False,BFI IMAX C 33
2026-09-25T10:48:29Z,C,32,available,False,BFI IMAX C 32
2026-09-25T10:48:29Z,C,31,available,False,BFI IMAX C 31
2026-09-25T10:48:29Z,C,30,available,False,BFI IMAX C 30
2026-09-25T10:48:29Z,C,29,available,False,BFI IMAX C 29
2026-09-25T10:48:29Z,C,28,available,False,BFI IMAX C 28
2026-09-25T10:48:29Z,C,27,available,False,BFI IMAX C 27
2026-09-25T10:48:29Z,C,26,available,False,BFI IMAX C 26
2026-09-25T10:48:29Z,C,25,sold,False,BFI IMAX C 25
2026-09-25T10:48:29Z,C,24,available,False,BFI IMAX C 24
2026-09-25T10:48:29Z,C,23,available,False,BFI IMAX C 23
2026-09-25T10:48:29Z,C,22,available,False,BFI IMAX C 22
2026-09-25T10:48:29Z,C,21,available,False,BFI IMAX C 21
2026-09-25T10:48:29Z,C,20,available,False,BFI IMAX C 20
2026-09-25T10:48:29Z,C,19,available,False,BFI IMAX C 19
2026-09-25T10:48:29Z,C,18,available,False,BFI IMAX C 18
2026-09-25T10:48:29Z,C,17,available,False,BFI IMAX C 17
2026-09-25T10:48:29Z,C,16,available,False,BFI IMAX C 16
2026-09-25T10:48:29Z,C,15,available,False,BFI IMAX C 15
2026-09-25T10:48:29Z,C,14,available,False,BFI IMAX C 14
2026-09-25T10:48:29Z,C,13,available,False,BFI IMAX C 13
2026-09-25T10:48:29Z,C,12,available,False,BFI IMAX C 12
2026-09-25T10:48:29Z,C,11,available,False,BFI IMAX C 11
2026-09-25T10:48:29Z,C,10,available,False,BFI IMAX C 10
2026-09-25T10:48:29Z,C,9,available,False,BFI IMAX C 9
2026-09-25T10:48:29Z,C,8,available,False,BFI IMAX C 8
2026-09-25T10:48:29Z,C,7,available,False,BFI IMAX C 7
2026-09-25T10:48:29Z,C,6,available,False,BFI IMAX C 6
2026-09-25T10:48:29Z,C,5,available,False,BFI IMAX C 5
2026-09-25T10:48:29Z,C,4,available,False,BFI IMAX C 4
2026-09-25T10:48:29Z,C,3,available,False,BFI IMAX C 3
2026-09-25T10:48:29Z,C,2,available,False,BFI IMAX C 2
2026-09-25T10:48:29Z,C,1,available,False,BFI IMAX C 1
2026-09-25T10:48:29Z,D,37,available,False,BFI IMAX D 37
2026-09-25T10:48:29Z,D,36,available,False,BFI IMAX D 36
2026-09-25T10:48:29Z,D,35,available,False,BFI IMAX D 35
2026-09-25T10:48:29Z,D,34,available,False,BFI IMAX D 34
2026-09-25T10:48:29Z,D,33,available,False,BFI IMAX D 33
2026-09-25T10:48:29Z,D,32,available,False,BFI IMAX D 32
2026-09-25T10:48:29Z,D,31,available,False,BFI IMAX D 31
2026-09-25T10:48:29Z,D,30,available,False,BFI IMAX D 30
2026-09-25T10:48:29Z,D,29,available,False,BFI IMAX D 29
2026-09-25T10:48:29Z,D,28,available,False,BFI IMAX D 28
2026-09-25T10:48:29Z,D,27,available,False,BFI IMAX D 27
2026-09-25T10:48:29Z,D,26,available,False,BFI IMAX D 26
2026-09-25T10:48:29Z,D,25,available,False,BFI IMAX D 25
2026-09-25T10:48:29Z,D,24,available,False,BFI IMAX D 24
2026-09-25T10:48:29Z,D,23,available,False,BFI IMAX D 23
2026-09-25T10:48:29Z,D,22,available,False,BFI IMAX D 22
2026-09-25T10:48:29Z,D,21,available,False,BFI IMAX D 21
2026-09-25T10:48:29Z,D,20,available,False,BFI IMAX D 20
2026-09-25T10:48:29Z,D,19,available,False,BFI IMAX D 19
2026-09-25T10:48:29Z,D,18,available,False,BFI IMAX D 18
2026-09-25T10:48:29Z,D,17,available,False,BFI IMAX D 17
2026-09-25T10:48:29Z,D,16,available,False,BFI IMAX D 16
2026-09-25T10:48:29Z,D,15,available,False,BFI IMAX D 15
2026-09-25T10:48:29Z,D,14,available,False,BFI IMAX D 14
2026-09-25T10:48:29Z,D,13,available,False,BFI IMAX D 13
2026-09-25T10:48:29Z,D,12,available,False,BFI IMAX D 12
2026-09-25T10:48:29Z,D,11,available,False,BFI IMAX D 11
2026-09-25T10:48:29Z,D,10,available,False,BFI IMAX D 10
2026-09-25T10:48:29Z,D,9,available,False,BFI IMAX D 9
2026-09-25T10:48:29Z,D,8,available,False,BFI IMAX D 8
2026-09-25T10:48:29Z,D,7,available,False,BFI IMAX D 7
2026-09-25T10:48:29Z,D,6,available,False,BFI IMAX D 6
2026-09-25T10:48:29Z,D,5,available,False,BFI IMAX D 5
2026-09-25T10:48:29Z,D,4,available,False,BFI IMAX D 4
2026-09-25T10:48:29Z,D,3,available,False,BFI IMAX D 3
2026-09-25T10:48:29Z,D,2,available,False,BFI IMAX D 2
2026-09-25T10:48:29Z,D,1,available,False,BFI IMAX D 1
2026-09-25T10:48:29Z,E,37,available,False,BFI IMAX E 37
2026-09-25T10:48:29Z,E,36,available,False,BFI IMAX E 36
2026-09-25T10:48:29Z,E,35,available,False,BFI IMAX E 35
2026-09-25T10:48:29Z,E,34,available,False,BFI IMAX E 34
2026-09-25T10:48:29Z,E,33,available,False,BFI IMAX E 33
2026-09-25T10:48:29Z,E,32,available,False,BFI IMAX E 32
2026-09-25T10:48:29Z,E,31,available,False,BFI IMAX E 31
2026-09-25T10:48:29Z,E,30,available,False,BFI IMAX E 30
2026-09-25T10:48:29Z,E,29,available,False,BFI IMAX E 29
2026-09-25T10:48:29Z,E,28,available,False,BFI IMAX E 28
2026-09-25T10:48:29Z,E,27,available,False,BFI IMAX E 27
2026-09-25T10:48:29Z,E,26,available,False,BFI IMAX E 26
2026-09-25T10:48:29Z,E,25,available,False,BFI IMAX E 25
2026-09-25T10:48:29Z,E,24,available,False,BFI IMAX E 24
2026-09-25T10:48:29Z,E,23,available,False,BFI IMAX E 23
2026-09-25T10:48:29Z,E,22,available,False,BFI IMAX E 22
2026-09-25T10:48:29Z,E,21,available,False,BFI IMAX E 21
2026-09-25T10:48:29Z,E,20,available,False,BFI IMAX E 20
2026-09-25T10:48:29Z,E,19,available,False,BFI IMAX E 19
2026-09-25T10:48:29Z,E,18,available,False,BFI IMAX E 18
2026-09-25T10:48:29Z,E,17,available,False,BFI IMAX E 17
2026-09-25T10:48:29Z,E,16,available,False,BFI IMAX E 16
2026-09-25T10:48:29Z,E,15,available,False,BFI IMAX E 15
2026-09-25T10:48:29Z,E,14,available,False,BFI IMAX E 14
2026-09-25T10:48:29Z,E,13,available,False,BFI IMAX E 13
2026-09-25T10:48:29Z,E,12,available,False,BFI IMAX E 12
2026-09-25T10:48:29Z,E,11,available,False,BFI IMAX E 11
2026-09-25T10:48:29Z,E,10,available,False,BFI IMAX E 10
2026-09-25T10:48:29Z,E,9,available,False,BFI IMAX E 9
2026-09-25T10:48:29Z,E,8,available,False,BFI IMAX E 8
2026-09-25T10:48:29Z,E,7,available,False,BFI IMAX E 7
2026-09-25T10:48:29Z,E,6,available,False,BFI IMAX E 6
2026-09-25T10:48:29Z,E,5,available,False,BFI IMAX E 5
2026-09-25T10:48:29Z,E,4,available,False,BFI IMAX E 4
2026-09-25T10:48:29Z,E,3,available,False,BFI IMAX E 3
2026-09-25T10:48:29Z,E,2,available,False,BFI IMAX E 2
2026-09-25T10:48:29Z,E,1,available,False,BFI IMAX E 1
2026-09-25T10:48:29Z,F,38,available,False,BFI IMAX F 38
2026-09-25T10:48:29Z,F,37,available,False,BFI IMAX F 37
2026-09-25T10:48:29Z,F,36,available,False,BFI IMAX F 36
2026-09-25T10:48:29Z,F,35,available,False,BFI IMAX F 35
2026-09-25T10:48:29Z,F,34,available,False,BFI IMAX F 34
2026-09-25T10:48:29Z,F,33,available,False,BFI IMAX F 33
2026-09-25T10:48:29Z,F,32,available,False,BFI IMAX F 32
2026-09-25T10:48:29Z,F,31,available,False,BFI IMAX F 31
2026-09-25T10:48:29Z,F,30,available,False,BFI IMAX F 30
2026-09-25T10:48:29Z,F,29,available,False,BFI IMAX F 29
2026-09-25T10:48:29Z,F,28,available,False,BFI IMAX F 28
2026-09-25T10:48:29Z,F,27,available,False,BFI IMAX F 27
2026-09-25T10:48:29Z,F,26,available,False,BFI IMAX F 26
2026-09-25T10:48:29Z,F,25,available,False,BFI IMAX F 25
2026-09-25T10:48:29Z,F,24,available,False,BFI IMAX F 24
2026-09-25T10:48:29Z,F,23,available,False,BFI IMAX F 23
2026-09-25T10:48:29Z,F,22,available,False,BFI IMAX F 22
2026-09-25T10:48:29Z,F,21,available,False,BFI IMAX F 21
2026-09-25T10:48:29Z,F,20,available,False,BFI IMAX F 20
2026-09-25T10:48:29Z,F,19,available,False,BFI IMAX F 19
2026-09-25T10:48:29Z,F,18,available,False,BFI IMAX F 18
2026-09-25T10:48:29Z,F,17,available,False,BFI IMAX F 17
2026-09-25T10:48:29Z,F,16,available,False,BFI IMAX F 16
2026-09-25T10:48:29Z,F,15,available,False,BFI IMAX F 15
2026-09-25T10:48:29Z,F,14,available,False,BFI IMAX F 14
2026-09-25T10:48:29Z,F,13,available,False,BFI IMAX F 13
2026-09-25T10:48:29Z,F,12,available,False,BFI IMAX F 12
2026-09-25T10:48:29Z,F,11,available,False,BFI IMAX F 11
2026-09-25T10:48:29Z,F,10,available,False,BFI IMAX F 10
2026-09-25T10:48:29Z,F,9,available,False,BFI IMAX F 9
2026-09-25T10:48:29Z,F,8,available,False,BFI IMAX F 8
2026-09-25T10:48:29Z,F,7,available,False,BFI IMAX F 7
2026-09-25T10:48:29Z,F,6,available,False,BFI IMAX F 6
2026-09-25T10:48:29Z,F,5,available,False,BFI IMAX F 5
2026-09-25T10:48:29Z,F,4,available,False,BFI IMAX F 4
2026-09-25T10:48:29Z,F,3,available,False,BFI IMAX F 3
2026-09-25T10:48:29Z,F,2,available,False,BFI IMAX F 2
2026-09-25T10:48:29Z,F,1,available,False,BFI IMAX F 1
2026-09-25T10:48:29Z,G,37,available,False,BFI IMAX G 37
2026-09-25T10:48:29Z,G,36,available,False,BFI IMAX G 36
2026-09-25T10:48:29Z,G,35,available,False,BFI IMAX G 35
2026-09-25T10:48:29Z,G,34,available,False,BFI IMAX G 34
2026-09-25T10:48:29Z,G,33,available,False,BFI IMAX G 33
2026-09-25T10:48:29Z,G,32,available,False,BFI IMAX G 32
2026-09-25T10:48:29Z,G,31,available,False,BFI IMAX G 31
2026-09-25T10:48:29Z,G,30,available,False,BFI IMAX G 30
2026-09-25T10:48:29Z,G,29,available,False,BFI IMAX G 29
2026-09-25T10:48:29Z,G,28,available,False,BFI IMAX G 28
2026-09-25T10:48:29Z,G,27,available,False,BFI IMAX G 27
2026-09-25T10:48:29Z,G,26,available,False,BFI IMAX G 26
2026-09-25T10:48:29Z,G,25,available,False,BFI IMAX G 25
2026-09-25T10:48:29Z,G,24,available,False,BFI IMAX G 24
2026-09-25T10:48:29Z,G,23,available,False,BFI IMAX G 23
2026-09-25T10:48:29Z,G,22,available,False,BFI IMAX G 22
2026-09-25T10:48:29Z,G,21,available,False,BFI IMAX G 21
2026-09-25T10:48:29Z,G,20,available,False,BFI IMAX G 20
2026-09-25T10:48:29Z,G,19,available,False,BFI IMAX G 19
2026-09-25T10:48:29Z,G,18,available,False,BFI IMAX G 18
2026-09-25T10:48:29Z,G,17,available,False,BFI IMAX G 17
2026-09-25T10:48:29Z,G,16,available,False,BFI IMAX G 16
2026-09-25T10:48:29Z,G,15,available,False,BFI IMAX G 15
2026-09-25T10:48:29Z,G,14,available,False,BFI IMAX G 14
2026-09-25T10:48:29Z,G,13,available,False,BFI IMAX G 13
2026-09-25T10:48:29Z,G,12,available,False,BFI IMAX G 12
2026-09-25T10:48:29Z,G,11,available,False,BFI IMAX G 11
2026-09-25T10:48:29Z,G,10,available,False,BFI IMAX G 10
2026-09-25T10:48:29Z,G,9,available,False,BFI IMAX G 9
2026-09-25T10:48:29Z,G,8,available,False,BFI IMAX G 8
2026-09-25T10:48:29Z,G,7,available,False,BFI IMAX G 7
2026-09-25T10:48:29Z,G,6,available,False,BFI IMAX G 6
2026-09-25T10:48:29Z,G,5,available,False,BFI IMAX G 5
2026-09-25T10:48:29Z,G,4,available,False,BFI IMAX G 4
2026-09-25T10:48:29Z,G,3,available,False,BFI IMAX G 3
2026-09-25T10:48:29Z,G,2,available,False,BFI IMAX G 2
2026-09-25T10:48:29Z,G,1,available,False,BFI IMAX G 1
2026-09-25T10:48:29Z,H,37,available,False,BFI IMAX H 37
2026-09-25T10:48:29Z,H,36,available,False,BFI IMAX H 36
2026-09-25T10:48:29Z,H,35,available,False,BFI IMAX H 35
2026-09-25T10:48:29Z,H,34,available,False,BFI IMAX H 34
2026-09-25T10:48:29Z,H,33,available,False,BFI IMAX H 33
2026-09-25T10:48:29Z,H,32,available,False,BFI IMAX H 32
2026-09-25T10:48:29Z,H,31,available,False,BFI IMAX H 31
2026-09-25T10:48:29Z,H,30,available,False,BFI IMAX H 30
2026-09-25T10:48:29Z,H,29,available,False,BFI IMAX H 29
2026-09-25T10:48:29Z,H,28,available,False,BFI IMAX H 28
2026-09-25T10:48:29Z,H,27,available,False,BFI IMAX H 27
2026-09-25T10:48:29Z,H,26,available,False,BFI IMAX H 26
2026-09-25T10:48:29Z,H,25,available,False,BFI IMAX H 25
2026-09-25T10:48:29Z,H,24,available,False,BFI IMAX H 24
2026-09-25T10:48:29Z,H,23,available,False,BFI IMAX H 23
2026-09-25T10:48:29Z,H,22,available,False,BFI IMAX H 22
2026-09-25T10:48:29Z,H,21,available,False,BFI IMAX H 21
2026-09-25T10:48:29Z,H,20,available,False,BFI IMAX H 20
2026-09-25T10:48:29Z,H,19,available,False,BFI IMAX H 19
2026-09-25T10:48:29Z,H,18,available,False,BFI IMAX H 18
2026-09-25T10:48:29Z,H,17,available,False,BFI IMAX H 17
2026-09-25T10:48:29Z,H,16,available,False,BFI IMAX H 16
2026-09-25T10:48:29Z,H,15,available,False,BFI IMAX H 15
2026-09-25T10:48:29Z,H,14,available,False,BFI IMAX H 14
2026-09-25T10:48:29Z,H,13,available,False,BFI IMAX H 13
2026-09-25T10:48:29Z,H,12,available,False,BFI IMAX H 12
2026-09-25T10:48:29Z,H,11,available,False,BFI IMAX H 11
2026-09-25T10:48:29Z,H,10,available,False,BFI IMAX H 10
2026-09-25T10:48:29Z,H,9,available,False,BFI IMAX H 9
2026-09-25T10:48:29Z,H,8,available,False,BFI IMAX H 8
2026-09-25T10:48:29Z,H,7,available,False,BFI IMAX H 7
2026-09-25T10:48:29Z,H,6,available,False,BFI IMAX H 6
2026-09-25T10:48:29Z,H,5,available,False,BFI IMAX H 5
2026-09-25T10:48:29Z,H,4,available,False,BFI IMAX H 4
2026-09-25T10:48:29Z,H,3,available,False,BFI IMAX H 3
2026-09-25T10:48:29Z,H,2,available,False,BFI IMAX H 2
2026-09-25T10:48:29Z,H,1,available,False,BFI IMAX H 1
2026-09-25T10:48:29Z,J,36,available,False,BFI IMAX J 36
2026-09-25T10:48:29Z,J,35,available,False,BFI IMAX J 35
2026-09-25T10:48:29Z,J,34,available,False,BFI IMAX J 34
2026-09-25T10:48:29Z,J,33,available,False,BFI IMAX J 33
2026-09-25T10:48:29Z,J,32,available,False,BFI IMAX J 32
2026-09-25T10:48:29Z,J,31,available,False,BFI IMAX J 31
2026-09-25T10:48:29Z,J,30,available,False,BFI IMAX J 30
2026-09-25T10:48:29Z,J,29,available,False,BFI IMAX J 29
2026-09-25T10:48:29Z,J,28,available,False,BFI IMAX J 28
2026-09-25T10:48:29Z,J,27,available,False,BFI IMAX J 27
2026-09-25T10:48:29Z,J,26,available,False,BFI IMAX J 26
2026-09-25T10:48:29Z,J,25,available,False,BFI IMAX J 25
2026-09-25T10:48:29Z,J,24,available,False,BFI IMAX J 24
2026-09-25T10:48:29Z,J,23,available,False,BFI IMAX J 23
2026-09-25T10:48:29Z,J,22,available,False,BFI IMAX J 22
2026-09-25T10:48:29Z,J,21,available,False,BFI IMAX J 21
2026-09-25T10:48:29Z,J,20,available,False,BFI IMAX J 20
2026-09-25T10:48:29Z,J,19,available,False,BFI IMAX J 19
2026-09-25T10:48:29Z,J,18,available,False,BFI IMAX J 18
2026-09-25T10:48:29Z,J,17,available,False,BFI IMAX J 17
2026-09-25T10:48:29Z,J,16,available,False,BFI IMAX J 16
2026-09-25T10:48:29Z,J,15,available,False,BFI IMAX J 15
2026-09-25T10:48:29Z,J,14,available,False,BFI IMAX J 14
2026-09-25T10:48:29Z,J,13,available,False,BFI IMAX J 13
2026-09-25T10:48:29Z,J,12,available,False,BFI IMAX J 12
2026-09-25T10:48:29Z,J,11,available,False,BFI IMAX J 11
2026-09-25T10:48:29Z,J,10,available,False,BFI IMAX J 10
2026-09-25T10:48:29Z,J,9,available,False,BFI IMAX J 9
2026-09-25T10:48:29Z,J,8,available,False,BFI IMAX J 8
2026-09-25T10:48:29Z,J,7,available,False,BFI IMAX J 7
2026-09-25T10:48:29Z,J,6,available,False,BFI IMAX J 6
2026-09-25T10:48:29Z,J,5,available,False,BFI IMAX J 5
2026-09-25T10:48:29Z,J,4,available,False,BFI IMAX J 4
2026-09-25T10:48:29Z,J,3,available,False,BFI IMAX J 3
2026-09-25T10:48:29Z,J,2,available,False,BFI IMAX J 2
2026-09-25T10:48:29Z,J,1,available,False,BFI IMAX J 1
2026-09-25T10:48:29Z,K,36,available,False,BFI IMAX K 36
2026-09-25T10:48:29Z,K,35,available,False,BFI IMAX K 35
2026-09-25T10:48:29Z,K,34,available,False,BFI IMAX K 34
2026-09-25T10:48:29Z,K,33,available,False,BFI IMAX K 33
2026-09-25T10:48:29Z,K,32,available,False,BFI IMAX K 32
2026-09-25T10:48:29Z,K,31,available,False,BFI IMAX K 31
2026-09-25T10:48:29Z,K,30,available,False,BFI IMAX K 30
2026-09-25T10:48:29Z,K,29,available,False,BFI IMAX K 29
2026-09-25T10:48:29Z,K,28,available,False,BFI IMAX K 28
2026-09-25T10:48:29Z,A,13,available,False,BFI IMAX A 13
2026-09-25T10:48:29Z,A,12,available,False,BFI IMAX A 12
2026-09-25T10:48:29Z,K,25,available,False,BFI IMAX K 25
2026-09-25T10:48:29Z,K,24,available,False,BFI IMAX K 24
2026-09-25T10:48:29Z,K,23,available,False,BFI IMAX K 23
2026-09-25T10:48:29Z,K,22,available,False,BFI IMAX K 22
2026-09-25T10:48:29Z,K,21,available,False,BFI IMAX K 21
2026-09-25T10:48:29Z,K,20,available,False,BFI IMAX K 20
2026-09-25T10:48:29Z,K,19,sold,False,BFI IMAX K 19
2026-09-25T10:48:29Z,K,18,available,False,BFI IMAX K 18
2026-09-25T10:48:29Z,K,17,available,False,BFI IMAX K 17
2026-09-25T10:48:29Z,K,16,available,False,BFI IMAX K 16
2026-09-25T10:48:29Z,K,15,available,False,BFI IMAX K 15
2026-09-25T10:48:29Z,K,14,available,False,BFI IMAX K 14
2026-09-25T10:48:29Z,K,13,available,False,BFI IMAX K 13
2026-09-25T10:48:29Z,K,12,available,False,BFI IMAX K 12
2026-09-25T10:48:29Z,K,11,available,False,BFI IMAX K 11
2026-09-25T10:48:29Z,K,10,available,False,BFI IMAX K 10
2026-09-25T10:48:29Z,K,9,available,False,BFI IMAX K 9
2026-09-25T10:48:29Z,K,8,available,False,BFI IMAX K 8
2026-09-25T10:48:29Z,K,7,available,False,BFI IMAX K 7
2026-09-25T10:48:29Z,K,6,available,False,BFI IMAX K 6
2026-09-25T10:48:29Z,K,5,available,False,BFI IMAX K 5
2026-09-25T10:48:29Z,K,4,available,False,BFI IMAX K 4
2026-09-25T10:48:29Z,K,3,available,False,BFI IMAX K 3
2026-09-25T10:48:29Z,K,2,available,False,BFI IMAX K 2
2026-09-25T10:48:29Z,K,1,available,False,BFI IMAX K 1
2026-09-25T10:48:29Z,L,33,available,False,BFI IMAX L 33
2026-09-25T10:48:29Z,L,32,available,False,BFI IMAX L 32
2026-09-25T10:48:29Z,L,31,available,False,BFI IMAX L 31
2026-09-25T10:48:29Z,L,30,available,False,BFI IMAX L 30
2026-09-25T10:48:29Z,L,29,available,False,BFI IMAX L 29
2026-09-25T10:48:29Z,L,28,available,False,BFI IMAX L 28
2026-09-25T10:48:29Z,L,27,available,False,BFI IMAX L 27
2026-09-25T10:48:29Z,L,26,available,False,BFI IMAX L 26
2026-09-25T10:48:29Z,L,8,available,False,BFI IMAX L 8
2026-09-25T10:48:29Z,L,7,available,False,BFI IMAX L 7
2026-09-25T10:48:29Z,L,6,available,False,BFI IMAX L 6
2026-09-25T10:48:29Z,L,5,available,False,BFI IMAX L 5
2026-09-25T10:48:29Z,L,4,available,False,BFI IMAX L 4
2026-09-25T10:48:29Z,L,3,available,False,BFI IMAX L 3
2026-09-25T10:48:29Z,L,2,available,False,BFI IMAX L 2
2026-09-25T10:48:29Z,L,1,available,False,BFI IMAX L 1
2026-09-25T10:48:29Z,M,34,available,False,BFI IMAX M 34
2026-09-25T10:48:29Z,M,33,available,False,BFI IMAX M 33
2026-09-25T10:48:29Z,M,32,available,False,BFI IMAX M 32
2026-09-25T10:48:29Z,M,31,available,False,BFI IMAX M 31
2026-09-25T10:48:29Z,M,30,available,False,BFI IMAX M 30
2026-09-25T10:48:29Z,M,29,available,False,BFI IMAX M 29
2026-09-25T10:48:29Z,M,28,available,False,BFI IMAX M 28
2026-09-25T10:48:29Z,M,27,sold,False,BFI IMAX M 27
2026-09-25T10:48:29Z,M,8,available,False,BFI IMAX M 8
2026-09-25T10:48:29Z,M,7,available,False,BFI IMAX M 7
2026-09-25T10:48:29Z,M,6,available,False,BFI IMAX M 6
2026-09-25T10:48:29Z,M,5,available,False,BFI IMAX M 5
2026-09-25T10:48:29Z,M,4,available,False,BFI IMAX M 4
2026-09-25T10:48:29Z,M,3,available,False,BFI IMAX M 3
2026-09-25T10:48:29Z,M,2,available,False,BFI IMAX M 2
2026-09-25T10:48:29Z,M,1,available,False,BFI IMAX M 1
2026-09-25T10:48:29Z,N,34,unavailable,False,BFI IMAX N 34
2026-09-25T10:48:29Z,N,33,unavailable,False,BFI IMAX N 33
2026-09-25T10:48:29Z,N,32,unavailable,False,BFI IMAX N 32
2026-09-25T10:48:29Z,N,31,unavailable,False,BFI IMAX N 31
2026-09-25T10:48:29Z,N,30,unavailable,False,BFI IMAX N 30
2026-09-25T10:48:29Z,N,29,unavailable,False,BFI IMAX N 29
2026-09-25T10:48:29Z,N,28,unavailable,False,BFI IMAX N 28
2026-09-25T10:48:29Z,N,27,unavailable,False,BFI IMAX N 27
2026-09-25T10:48:29Z,N,8,available,False,BFI IMAX N 8
2026-09-25T10:48:29Z,N,7,available,False,BFI IMAX N 7
2026-09-25T10:48:29Z,N,6,available,False,BFI IMAX N 6
2026-09-25T10:48:29Z,N,5,available,False,BFI IMAX N 5
2026-09-25T10:48:29Z,N,4,available,False,BFI IMAX N 4
2026-09-25T10:48:29Z,N,3,available,False,BFI IMAX N 3
2026-09-25T10:48:29Z,N,2,available,False,BFI IMAX N 2
2026-09-25T10:48:29Z,N,1,available,False,BFI IMAX N 1
2026-09-25T10:48:29Z,A,11,available,False,BFI IMAX A 11
2026-09-25T10:48:29Z,A,10,available,False,BFI IMAX A 10
2026-09-25T10:48:29Z,A,9,available,False,BFI IMAX A 9
2026-09-25T10:48:29Z,A,8,available,False,BFI IMAX A 8
2026-09-25T10:48:29Z,M,15,available,False,BFI IMAX M 15
2026-09-25T10:48:29Z,M,14,available,False,BFI IMAX M 14
2026-09-25T10:48:29Z,M,13,available,False,BFI IMAX M 13
2026-09-25T10:48:29Z,M,12,available,False,BFI IMAX M 12
2026-09-25T10:48:29Z,M,11,available,False,BFI IMAX M 11
2026-09-25T10:48:29Z,M,10,available,False,BFI IMAX M 10
2026-09-25T10:48:29Z,M,9,available,False,BFI IMAX M 9
2026-09-25T10:48:29Z,L,9,available,False,BFI IMAX L 9
2026-09-25T10:48:29Z,L,25,available,False,BFI IMAX L 25
2026-09-25T10:48:29Z,L,24,available,False,BFI IMAX L 24
2026-09-25T10:48:29Z,L,23,available,False,BFI IMAX L 23
2026-09-25T10:48:29Z,L,22,available,False,BFI IMAX L 22
2026-09-25T10:48:29Z,L,21,available,False,BFI IMAX L 21
2026-09-25T10:48:29Z,L,20,available,False,BFI IMAX L 20
2026-09-25T10:48:29Z,L,19,available,False,BFI IMAX L 19
2026-09-25T10:48:29Z,L,18,sold,False,BFI IMAX L 18
2026-09-25T10:48:29Z,L,17,sold,False,BFI IMAX L 17
2026-09-25T10:48:29Z,L,16,available,False,BFI IMAX L 16
2026-09-25T10:48:29Z,L,15,available,False,BFI IMAX L 15
2026-09-25T10:48:29Z,L,14,available,False,BFI IMAX L 14
2026-09-25T10:48:29Z,L,13,available,False,BFI IMAX L 13
2026-09-25T10:48:29Z,L,12,available,False,BFI IMAX L 12
2026-09-25T10:48:29Z,L,11,available,False,BFI IMAX L 11
2026-09-25T10:48:29Z,N,26,unavailable,False,BFI IMAX N 26
2026-09-25T10:48:29Z,N,25,unavailable,False,BFI IMAX N 25
2026-09-25T10:48:29Z,N,24,unavailable,False,BFI IMAX N 24
2026-09-25T10:48:29Z,N,23,unavailable,False,BFI IMAX N 23
2026-09-25T10:48:29Z,N,22,available,False,BFI IMAX N 22
2026-09-25T10:48:29Z,N,21,available,False,BFI IMAX N 21
2026-09-25T10:48:29Z,N,20,available,False,BFI IMAX N 20
2026-09-25T10:48:29Z,N,19,available,False,BFI IMAX N 19
2026-09-25T10:48:29Z,N,18,available,False,BFI IMAX N 18
2026-09-25T10:48:29Z,N,17,available,False,BFI IMAX N 17
2026-09-25T10:48:29Z,N,16,available,False,BFI IMAX N 16
2026-09-25T10:48:29Z,N,15,available,False,BFI IMAX N 15
2026-09-25T10:48:29Z,N,14,available,False,BFI IMAX N 14
2026-09-25T10:48:29Z,N,13,available,False,BFI IMAX N 13
2026-09-25T10:48:29Z,N,12,unavailable,False,BFI IMAX N 12
2026-09-25T10:48:29Z,N,11,unavailable,False,BFI IMAX N 11
2026-09-25T10:48:29Z,N,10,unavailable,False,BFI IMAX N 10
2026-09-25T10:48:29Z,N,9,unavailable,False,BFI IMAX N 9
2026-09-25T10:48:29Z,L,10,available,False,BFI IMAX L 10
2026-09-25T10:48:29Z,M,26,available,False,BFI IMAX M 26
2026-09-25T10:48:29Z,M,25,available,False,BFI IMAX M 25
2026-09-25T10:48:29Z,M,24,available,False,BFI IMAX M 24
2026-09-25T10:48:29Z,M,23,available,False,BFI IMAX M 23
2026-09-25T10:48:29Z,M,22,available,False,BFI IMAX M 22
2026-09-25T10:48:29Z,M,21,available,False,BFI IMAX M 21
2026-09-25T10:48:29Z,M,20,available,False,BFI IMAX M 20
2026-09-25T10:48:29Z,M,19,sold,False,BFI IMAX M 19
2026-09-25T10:48:29Z,M,18,sold,False,BFI IMAX M 18
2026-09-25T10:48:29Z,M,17,sold,False,BFI IMAX M 17
2026-09-25T10:48:29Z,M,16,available,False,BFI IMAX M 16
2026-09-25T10:48:29Z,P,27,available,True,BFI IMAX P 27
2026-09-25T10:48:29Z,P,26,unavailable,False,BFI IMAX P 26
2026-09-25T10:48:29Z,P,6,unavailable,False,BFI IMAX P 6
2026-09-25T10:48:29Z,P,5,available,True,BFI IMAX P 5
2026-09-25T10:48:29Z,P,31,unavailable,False,BFI IMAX P 31
2026-09-25T10:48:29Z,P,30,available,True,BFI IMAX P 30
2026-09-25T10:48:29Z,P,2,available,True,BFI IMAX P 2
2026-09-25T10:48:29Z,P,1,unavailable,False,BFI IMAX P 1
2026-09-25T10:48:29Z,P,21,available,False,BFI IMAX P 21
2026-09-25T10:48:29Z,P,20,available,False,BFI IMAX P 20
2026-09-25T10:48:29Z,P,19,available,False,BFI IMAX P 19
2026-09-25T10:48:29Z,P,18,available,False,BFI IMAX P 18
2026-09-25T10:48:29Z,P,17,available,False,BFI IMAX P 17
2026-09-25T10:48:29Z,P,16,available,False,BFI IMAX P 16
2026-09-25T10:48:29Z,P,15,available,False,BFI IMAX P 15
2026-09-25T10:48:29Z,P,14,available,False,BFI IMAX P 14
2026-09-25T10:48:29Z,P,13,available,False,BFI IMAX P 13
2026-09-25T10:48:29Z,P,12,available,False,BFI IMAX P 12
2026-09-25T10:48:29Z,P,11,available,False,BFI IMAX P 11
2026-09-25T10:48:29Z,P,9,available,False,BFI IMAX P 9
2026-09-25T10:48:29Z,P,8,available,False,BFI IMAX P 8
2026-09-25T10:48:29Z,P,7,available,False,BFI IMAX P 7
2026-09-25T10:48:29Z,P,10,available,False,BFI IMAX P 10
2026-09-25T10:48:29Z,P,25,available,False,BFI IMAX P 25
2026-09-25T10:48:29Z,P,24,available,False,BFI IMAX P 24
2026-09-25T10:48:29Z,P,23,available,False,BFI IMAX P 23
2026-09-25T10:48:29Z,P,22,available,False,BFI IMAX P 22
2026-09-25T10:48:29Z,Q,18,sold,False,BFI IMAX Q 18
2026-09-25T10:48:29Z,Q,17,available,False,BFI IMAX Q 17
2026-09-25T10:48:29Z,Q,16,available,False,BFI IMAX Q 16
2026-09-25T10:48:29Z,Q,15,available,False,BFI IMAX Q 15
2026-09-25T10:48:29Z,Q,14,available,False,BFI IMAX Q 14
2026-09-25T10:48:29Z,Q,13,available,False,BFI IMAX Q 13
2026-09-25T10:48:29Z,Q,12,available,False,BFI IMAX Q 12
2026-09-25T10:48:29Z,Q,11,available,False,BFI IMAX Q 11
2026-09-25T10:48:29Z,Q,10,available,False,BFI IMAX Q 10
2026-09-25T10:48:29Z,Q,9,sold,False,BFI IMAX Q 9
2026-09-25T10:48:29Z,Q,8,available,False,BFI IMAX Q 8
2026-09-25T10:48:29Z,Q,7,available,False,BFI IMAX Q 7
2026-09-25T10:48:29Z,Q,6,available,False,BFI IMAX Q 6
2026-09-25T10:48:29Z,Q,5,available,False,BFI IMAX Q 5
2026-09-25T10:48:29Z,Q,4,available,False,BFI IMAX Q 4
2026-09-25T10:48:29Z,Q,3,available,False,BFI IMAX Q 3
2026-09-25T10:48:29Z,Q,2,available,False,BFI IMAX Q 2
2026-09-25T10:48:29Z,Q,1,available,False,BFI IMAX Q 1
2026-09-25T19:47:07Z,K,27,unavailable,False,BFI IMAX K 27
2026-09-25T19:47:07Z,K,26,unavailable,False,BFI IMAX K 26
2026-09-25T19:47:07Z,P,29,available,True,BFI IMAX P 29
2026-09-25T19:47:07Z,P,28,available,True,BFI IMAX P 28
2026-09-25T19:47:07Z,P,4,available,True,BFI IMAX P 4
2026-09-25T19:47:07Z,P,3,available,True,BFI IMAX P 3
2026-09-25T19:47:07Z,A,7,available,False,BFI IMAX A 7
2026-09-25T19:47:07Z,A,6,available,False,BFI IMAX A 6
2026-09-25T19:47:07Z,A,5,available,False,BFI IMAX A 5
2026-09-25T19:47:07Z,A,4,available,False,BFI IMAX A 4
2026-09-25T19:47:07Z,A,3,available,False,BFI IMAX A 3
2026-09-25T19:47:07Z,A,2,available,False,BFI IMAX A 2
2026-09-25T19:47:07Z,A,1,available,False,BFI IMAX A 1
2026-09-25T19:47:07Z,B,36,available,False,BFI IMAX B 36
2026-09-25T19:47:07Z,B,35,available,False,BFI IMAX B 35
2026-09-25T19:47:07Z,B,34,available,False,BFI IMAX B 34
2026-09-25T19:47:07Z,B,33,available,False,BFI IMAX B 33
2026-09-25T19:47:07Z,B,32,available,False,BFI IMAX B 32
2026-09-25T19:47:07Z,B,31,available,False,BFI IMAX B 31
2026-09-25T19:47:07Z,B,30,available,False,BFI IMAX B 30
2026-09-25T19:47:07Z,B,29,available,False,BFI IMAX B 29
2026-09-25T19:47:07Z,B,28,available,False,BFI IMAX B 28
2026-09-25T19:47:07Z,B,27,available,False,BFI IMAX B 27
2026-09-25T19:47:07Z,B,26,available,False,BFI IMAX B 26
2026-09-25T19:47:07Z,B,25,available,False,BFI IMAX B 25
2026-09-25T19:47:07Z,B,24,available,False,BFI IMAX B 24
2026-09-25T19:47:07Z,B,23,available,False,BFI IMAX B 23
2026-09-25T19:47:07Z,B,22,available,False,BFI IMAX B 22
2026-09-25T19:47:07Z,B,21,available,False,BFI IMAX B 21
2026-09-25T19:47:07Z,B,20,available,False,BFI IMAX B 20
2026-09-25T19:47:07Z,B,19,available,False,BFI IMAX B 19
2026-09-25T19:47:07Z,B,18,available,False,BFI IMAX B 18
2026-09-25T19:47:07Z,B,17,available,False,BFI IMAX B 17
2026-09-25T19:47:07Z,B,16,available,False,BFI IMAX B 16
2026-09-25T19:47:07Z,B,15,available,False,BFI IMAX B 15
2026-09-25T19:47:07Z,B,14,available,False,BFI IMAX B 14
2026-09-25T19:47:07Z,B,13,available,False,BFI IMAX B 13
2026-09-25T19:47:07Z,B,12,available,False,BFI IMAX B 12
2026-09-25T19:47:07Z,B,11,available,False,BFI IMAX B 11
2026-09-25T19:47:07Z,B,10,available,False,BFI IMAX B 10
2026-09-25T19:47:07Z,B,9,available,False,BFI IMAX B 9
2026-09-25T19:47:07Z,B,8,available,False,BFI IMAX B 8
2026-09-25T19:47:07Z,B,7,available,False,BFI IMAX B 7
2026-09-25T19:47:07Z,B,6,available,False,BFI IMAX B 6
2026-09-25T19:47:07Z,B,5,available,False,BFI IMAX B 5
2026-09-25T19:47:07Z,B,4,available,False,BFI IMAX B 4
2026-09-25T19:47:07Z,B,3,available,False,BFI IMAX B 3
2026-09-25T19:47:07Z,B,2,available,False,BFI IMAX B 2
2026-09-25T19:47:07Z,B,1,available,False,BFI IMAX B 1
2026-09-25T19:47:07Z,C,36,available,False,BFI IMAX C 36
2026-09-25T19:47:07Z,C,35,available,False,BFI IMAX C 35
2026-09-25T19:47:07Z,C,34,available,False,BFI IMAX C 34
2026-09-25T19:47:07Z,C,33,available,False,BFI IMAX C 33
2026-09-25T19:47:07Z,C,32,available,False,BFI IMAX C 32
2026-09-25T19:47:07Z,C,31,available,False,BFI IMAX C 31
2026-09-25T19:47:07Z,C,30,available,False,BFI IMAX C 30
2026-09-25T19:47:07Z,C,29,available,False,BFI IMAX C 29
2026-09-25T19:47:07Z,C,28,available,False,BFI IMAX C 28
2026-09-25T19:47:07Z,C,27,available,False,BFI IMAX C 27
2026-09-25T19:47:07Z,C,26,available,False,BFI IMAX C 26
2026-09-25T19:47:07Z,C,25,sold,False,BFI IMAX C 25
2026-09-25T19:47:07Z,C,24,available,False,BFI IMAX C 24
2026-09-25T19:47:07Z,C,23,available,False,BFI IMAX C 23
2026-09-25T19:47:07Z,C,22,available,False,BFI IMAX C 22
2026-09-25T19:47:07Z,C,21,available,False,BFI IMAX C 21
2026-09-25T19:47:07Z,C,20,available,False,BFI IMAX C 20
2026-09-25T19:47:07Z,C,19,available,False,BFI IMAX C 19
2026-09-25T19:47:07Z,C,18,available,False,BFI IMAX C 18
2026-09-25T19:47:07Z,C,17,available,False,BFI IMAX C 17
2026-09-25T19:47:07Z,C,16,available,False,BFI IMAX C 16
2026-09-25T19:47:07Z,C,15,available,False,BFI IMAX C 15
2026-09-25T19:47:07Z,C,14,available,False,BFI IMAX C 14
2026-09-25T19:47:07Z,C,13,available,False,BFI IMAX C 13
2026-09-25T19:47:07Z,C,12,available,False,BFI IMAX C 12
2026-09-25T19:47:07Z,C,11,available,False,BFI IMAX C 11
2026-09-25T19:47:07Z,C,10,available,False,BFI IMAX C 10
2026-09-25T19:47:07Z,C,9,available,False,BFI IMAX C 9
2026-09-25T19:47:07Z,C,8,available,False,BFI IMAX C 8
2026-09-25T19:47:07Z,C,7,available,False,BFI IMAX C 7
2026-09-25T19:47:07Z,C,6,available,False,BFI IMAX C 6
2026-09-25T19:47:07Z,C,5,available,False,BFI IMAX C 5
2026-09-25T19:47:07Z,C,4,available,False,BFI IMAX C 4
2026-09-25T19:47:07Z,C,3,available,False,BFI IMAX C 3
2026-09-25T19:47:07Z,C,2,available,False,BFI IMAX C 2
2026-09-25T19:47:07Z,C,1,available,False,BFI IMAX C 1
2026-09-25T19:47:07Z,D,37,available,False,BFI IMAX D 37
2026-09-25T19:47:07Z,D,36,available,False,BFI IMAX D 36
2026-09-25T19:47:07Z,D,35,available,False,BFI IMAX D 35
2026-09-25T19:47:07Z,D,34,available,False,BFI IMAX D 34
2026-09-25T19:47:07Z,D,33,available,False,BFI IMAX D 33
2026-09-25T19:47:07Z,D,32,available,False,BFI IMAX D 32
2026-09-25T19:47:07Z,D,31,available,False,BFI IMAX D 31
2026-09-25T19:47:07Z,D,30,available,False,BFI IMAX D 30
2026-09-25T19:47:07Z,D,29,available,False,BFI IMAX D 29
2026-09-25T19:47:07Z,D,28,available,False,BFI IMAX D 28
2026-09-25T19:47:07Z,D,27,available,False,BFI IMAX D 27
2026-09-25T19:47:07Z,D,26,available,False,BFI IMAX D 26
2026-09-25T19:47:07Z,D,25,available,False,BFI IMAX D 25
2026-09-25T19:47:07Z,D,24,available,False,BFI IMAX D 24
2026-09-25T19:47:07Z,D,23,available,False,BFI IMAX D 23
2026-09-25T19:47:07Z,D,22,available,False,BFI IMAX D 22
2026-09-25T19:47:07Z,D,21,available,False,BFI IMAX D 21
2026-09-25T19:47:07Z,D,20,available,False,BFI IMAX D 20
2026-09-25T19:47:07Z,D,19,available,False,BFI IMAX D 19
2026-09-25T19:47:07Z,D,18,available,False,BFI IMAX D 18
2026-09-25T19:47:07Z,D,17,available,False,BFI IMAX D 17
2026-09-25T19:47:07Z,D,16,available,False,BFI IMAX D 16
2026-09-25T19:47:07Z,D,15,available,False,BFI IMAX D 15
2026-09-25T19:47:07Z,D,14,available,False,BFI IMAX D 14
2026-09-25T19:47:07Z,D,13,available,False,BFI IMAX D 13
2026-09-25T19:47:07Z,D,12,available,False,BFI IMAX D 12
2026-09-25T19:47:07Z,D,11,available,False,BFI IMAX D 11
2026-09-25T19:47:07Z,D,10,available,False,BFI IMAX D 10
2026-09-25T19:47:07Z,D,9,available,False,BFI IMAX D 9
2026-09-25T19:47:07Z,D,8,available,False,BFI IMAX D 8
2026-09-25T19:47:07Z,D,7,available,False,BFI IMAX D 7
2026-09-25T19:47:07Z,D,6,available,False,BFI IMAX D 6
2026-09-25T19:47:07Z,D,5,available,False,BFI IMAX D 5
2026-09-25T19:47:07Z,D,4,available,False,BFI IMAX D 4
2026-09-25T19:47:07Z,D,3,available,False,BFI IMAX D 3
2026-09-25T19:47:07Z,D,2,available,False,BFI IMAX D 2
2026-09-25T19:47:07Z,D,1,available,False,BFI IMAX D 1
2026-09-25T19:47:07Z,E,37,available,False,BFI IMAX E 37
2026-09-25T19:47:07Z,E,36,available,False,BFI IMAX E 36
2026-09-25T19:47:07Z,E,35,available,False,BFI IMAX E 35
2026-09-25T19:47:07Z,E,34,available,False,BFI IMAX E 34
2026-09-25T19:47:07Z,E,33,available,False,BFI IMAX E 33
2026-09-25T19:47:07Z,E,32,available,False,BFI IMAX E 32
2026-09-25T19:47:07Z,E,31,available,False,BFI IMAX E 31
2026-09-25T19:47:07Z,E,30,available,False,BFI IMAX E 30
2026-09-25T19:47:07Z,E,29,available,False,BFI IMAX E 29
2026-09-25T19:47:07Z,E,28,available,False,BFI IMAX E 28
2026-09-25T19:47:07Z,E,27,available,False,BFI IMAX E 27
2026-09-25T19:47:07Z,E,26,available,False,BFI IMAX E 26
2026-09-25T19:47:07Z,E,25,available,False,BFI IMAX E 25
2026-09-25T19:47:07Z,E,24,available,False,BFI IMAX E 24
2026-09-25T19:47:07Z,E,23,available,False,BFI IMAX E 23
2026-09-25T19:47:07Z,E,22,available,False,BFI IMAX E 22
2026-09-25T19:47:07Z,E,21,available,False,BFI IMAX E 21
2026-09-25T19:47:07Z,E,20,available,False,BFI IMAX E 20
2026-09-25T19:47:07Z,E,19,available,False,BFI IMAX E 19
2026-09-25T19:47:07Z,E,18,available,False,BFI IMAX E 18
2026-09-25T19:47:07Z,E,17,available,False,BFI IMAX E 17
2026-09-25T19:47:07Z,E,16,available,False,BFI IMAX E 16
2026-09-25T19:47:07Z,E,15,available,False,BFI IMAX E 15
2026-09-25T19:47:07Z,E,14,available,False,BFI IMAX E 14
2026-09-25T19:47:07Z,E,13,available,False,BFI IMAX E 13
2026-09-25T19:47:07Z,E,12,available,False,BFI IMAX E 12
2026-09-25T19:47:07Z,E,11,available,False,BFI IMAX E 11
2026-09-25T19:47:07Z,E,10,available,False,BFI IMAX E 10
2026-09-25T19:47:07Z,E,9,available,False,BFI IMAX E 9
2026-09-25T19:47:07Z,E,8,available,False,BFI IMAX E 8
2026-09-25T19:47:07Z,E,7,available,False,BFI IMAX E 7
2026-09-25T19:47:07Z,E,6,available,False,BFI IMAX E 6
2026-09-25T19:47:07Z,E,5,available,False,BFI IMAX E 5
2026-09-25T19:47:07Z,E,4,available,False,BFI IMAX E 4
2026-09-25T19:47:07Z,E,3,available,False,BFI IMAX E 3
2026-09-25T19:47:07Z,E,2,available,False,BFI IMAX E 2
2026-09-25T19:47:07Z,E,1,available,False,BFI IMAX E 1
2026-09-25T19:47:07Z,F,38,available,False,BFI IMAX F 38
2026-09-25T19:47:07Z,F,37,available,False,BFI IMAX F 37
2026-09-25T19:47:07Z,F,36,available,False,BFI IMAX F 36
2026-09-25T19:47:07Z,F,35,available,False,BFI IMAX F 35
2026-09-25T19:47:07Z,F,34,available,False,BFI IMAX F 34
2026-09-25T19:47:07Z,F,33,available,False,BFI IMAX F 33
2026-09-25T19:47:07Z,F,32,available,False,BFI IMAX F 32
2026-09-25T19:47:07Z,F,31,available,False,BFI IMAX F 31
2026-09-25T19:47:07Z,F,30,available,False,BFI IMAX F 30
2026-09-25T19:47:07Z,F,29,available,False,BFI IMAX F 29
2026-09-25T19:47:07Z,F,28,available,False,BFI IMAX F 28
2026-09-25T19:47:07Z,F,27,available,False,BFI IMAX F 27
2026-09-25T19:47:07Z,F,26,available,False,BFI IMAX F 26
2026-09-25T19:47:07Z,F,25,available,False,BFI IMAX F 25
2026-09-25T19:47:07Z,F,24,available,False,BFI IMAX F 24
2026-09-25T19:47:07Z,F,23,available,False,BFI IMAX F 23
2026-09-25T19:47:07Z,F,22,available,False,BFI IMAX F 22
2026-09-25T19:47:07Z,F,21,available,False,BFI IMAX F 21
2026-09-25T19:47:07Z,F,20,available,False,BFI IMAX F 20
2026-09-25T19:47:07Z,F,19,available,False,BFI IMAX F 19
2026-09-25T19:47:07Z,F,18,available,False,BFI IMAX F 18
2026-09-25T19:47:07Z,F,17,available,False,BFI IMAX F 17
2026-09-25T19:47:07Z,F,16,available,False,BFI IMAX F 16
2026-09-25T19:47:07Z,F,15,available,False,BFI IMAX F 15
2026-09-25T19:47:07Z,F,14,available,False,BFI IMAX F 14
2026-09-25T19:47:07Z,F,13,available,False,BFI IMAX F 13
2026-09-25T19:47:07Z,F,12,available,False,BFI IMAX F 12
2026-09-25T19:47:07Z,F,11,available,False,BFI IMAX F 11
2026-09-25T19:47:07Z,F,10,available,False,BFI IMAX F 10
2026-09-25T19:47:07Z,F,9,available,False,BFI IMAX F 9
2026-09-25T19:47:07Z,F,8,available,False,BFI IMAX F 8
2026-09-25T19:47:07Z,F,7,available,False,BFI IMAX F 7
2026-09-25T19:47:07Z,F,6,available,False,BFI IMAX F 6
2026-09-25T19:47:07Z,F,5,available,False,BFI IMAX F 5
2026-09-25T19:47:07Z,F,4,available,False,BFI IMAX F 4
2026-09-25T19:47:07Z,F,3,available,False,BFI IMAX F 3
2026-09-25T19:47:07Z,F,2,available,False,BFI IMAX F 2
2026-09-25T19:47:07Z,F,1,available,False,BFI IMAX F 1
2026-09-25T19:47:07Z,G,37,available,False,BFI IMAX G 37
2026-09-25T19:47:07Z,G,36,available,False,BFI IMAX G 36
2026-09-25T19:47:07Z,G,35,available,False,BFI IMAX G 35
2026-09-25T19:47:07Z,G,34,available,False,BFI IMAX G 34
2026-09-25T19:47:07Z,G,33,available,False,BFI IMAX G 33
2026-09-25T19:47:07Z,G,32,available,False,BFI IMAX G 32
2026-09-25T19:47:07Z,G,31,available,False,BFI IMAX G 31
2026-09-25T19:47:07Z,G,30,available,False,BFI IMAX G 30
2026-09-25T19:47:07Z,G,29,available,False,BFI IMAX G 29
2026-09-25T19:47:07Z,G,28,available,False,BFI IMAX G 28
2026-09-25T19:47:07Z,G,27,available,False,BFI IMAX G 27
2026-09-25T19:47:07Z,G,26,available,False,BFI IMAX G 26
2026-09-25T19:47:07Z,G,25,available,False,BFI IMAX G 25
2026-09-25T19:47:07Z,G,24,available,False,BFI IMAX G 24
2026-09-25T19:47:07Z,G,23,available,False,BFI IMAX G 23
2026-09-25T19:47:07Z,G,22,available,False,BFI IMAX G 22
2026-09-25T19:47:07Z,G,21,available,False,BFI IMAX G 21
2026-09-25T19:47:07Z,G,20,available,False,BFI IMAX G 20
2026-09-25T19:47:07Z,G,19,available,False,BFI IMAX G 19
2026-09-25T19:47:07Z,G,18,available,False,BFI IMAX G 18
2026-09-25T19:47:07Z,G,17,available,False,BFI IMAX G 17
2026-09-25T19:47:07Z,G,16,available,False,BFI IMAX G 16
2026-09-25T19:47:07Z,G,15,available,False,BFI IMAX G 15
2026-09-25T19:47:07Z,G,14,available,False,BFI IMAX G 14
2026-09-25T19:47:07Z,G,13,available,False,BFI IMAX G 13
2026-09-25T19:47:07Z,G,12,available,False,BFI IMAX G 12
2026-09-25T19:47:07Z,G,11,available,False,BFI IMAX G 11
2026-09-25T19:47:07Z,G,10,available,False,BFI IMAX G 10
2026-09-25T19:47:07Z,G,9,available,False,BFI IMAX G 9
2026-09-25T19:47:07Z,G,8,available,False,BFI IMAX G 8
2026-09-25T19:47:07Z,G,7,available,False,BFI IMAX G 7
2026-09-25T19:47:07Z,G,6,available,False,BFI IMAX G 6
2026-09-25T19:47:07Z,G,5,available,False,BFI IMAX G 5
2026-09-25T19:47:07Z,G,4,available,False,BFI IMAX G 4
2026-09-25T19:47:07Z,G,3,available,False,BFI IMAX G 3
2026-09-25T19:47:07Z,G,2,available,False,BFI IMAX G 2
2026-09-25T19:47:07Z,G,1,available,False,BFI IMAX G 1
2026-09-25T19:47:07Z,H,37,available,False,BFI IMAX H 37
2026-09-25T19:47:07Z,H,36,available,False,BFI IMAX H 36
2026-09-25T19:47:07Z,H,35,available,False,BFI IMAX H 35
2026-09-25T19:47:07Z,H,34,available,False,BFI IMAX H 34
2026-09-25T19:47:07Z,H,33,available,False,BFI IMAX H 33
2026-09-25T19:47:07Z,H,32,available,False,BFI IMAX H 32
2026-09-25T19:47:07Z,H,31,available,False,BFI IMAX H 31
2026-09-25T19:47:07Z,H,30,available,False,BFI IMAX H 30
2026-09-25T19:47:07Z,H,29,available,False,BFI IMAX H 29
2026-09-25T19:47:07Z,H,28,available,False,BFI IMAX H 28
2026-09-25T19:47:07Z,H,27,available,False,BFI IMAX H 27
2026-09-25T19:47:07Z,H,26,available,False,BFI IMAX H 26
2026-09-25T19:47:07Z,H,25,available,False,BFI IMAX H 25
2026-09-25T19:47:07Z,H,24,available,False,BFI IMAX H 24
2026-09-25T19:47:07Z,H,23,available,False,BFI IMAX H 23
2026-09-25T19:47:07Z,H,22,available,False,BFI IMAX H 22
2026-09-25T19:47:07Z,H,21,available,False,BFI IMAX H 21
2026-09-25T19:47:07Z,H,20,available,False,BFI IMAX H 20
2026-09-25T19:47:07Z,H,19,available,False,BFI IMAX H 19
2026-09-25T19:47:07Z,H,18,available,False,BFI IMAX H 18
2026-09-25T19:47:07Z,H,17,available,False,BFI IMAX H 17
2026-09-25T19:47:07Z,H,16,available,False,BFI IMAX H 16
2026-09-25T19:47:07Z,H,15,available,False,BFI IMAX H 15
2026-09-25T19:47:07Z,H,14,available,False,BFI IMAX H 14
2026-09-25T19:47:07Z,H,13,available,False,BFI IMAX H 13
2026-09-25T19:47:07Z,H,12,available,False,BFI IMAX H 12
2026-09-25T19:47:07Z,H,11,available,False,BFI IMAX H 11
2026-09-25T19:47:07Z,H,10,available,False,BFI IMAX H 10
2026-09-25T19:47:07Z,H,9,available,False,BFI IMAX H 9
2026-09-25T19:47:07Z,H,8,available,False,BFI IMAX H 8
2026-09-25T19:47:07Z,H,7,available,False,BFI IMAX H 7
2026-09-25T19:47:07Z,H,6,available,False,BFI IMAX H 6
2026-09-25T19:47:07Z,H,5,available,False,BFI IMAX H 5
2026-09-25T19:47:07Z,H,4,available,False,BFI IMAX H 4
2026-09-25T19:47:07Z,H,3,available,False,BFI IMAX H 3
2026-09-25T19:47:07Z,H,2,available,False,BFI IMAX H 2
2026-09-25T19:47:07Z,H,1,available,False,BFI IMAX H 1
2026-09-25T19:47:07Z,J,36,available,False,BFI IMAX J 36
2026-09-25T19:47:07Z,J,35,available,False,BFI IMAX J 35
2026-09-25T19:47:07Z,J,34,available,False,BFI IMAX J 34
2026-09-25T19:47:07Z,J,33,available,False,BFI IMAX J 33
2026-09-25T19:47:07Z,J,32,available,False,BFI IMAX J 32
2026-09-25T19:47:07Z,J,31,available,False,BFI IMAX J 31
2026-09-25T19:47:07Z,J,30,available,False,BFI IMAX J 30
2026-09-25T19:47:07Z,J,29,available,False,BFI IMAX J 29
2026-09-25T19:47:07Z,J,28,available,False,BFI IMAX J 28
2026-09-25T19:47:07Z,J,27,available,False,BFI IMAX J 27
2026-09-25T19:47:07Z,J,26,available,False,BFI IMAX J 26
2026-09-25T19:47:07Z,J,25,available,False,BFI IMAX J 25
2026-09-25T19:47:07Z,J,24,available,False,BFI IMAX J 24
2026-09-25T19:47:07Z,J,23,available,False,BFI IMAX J 23
2026-09-25T19:47:07Z,J,22,available,False,BFI IMAX J 22
2026-09-25T19:47:07Z,J,21,available,False,BFI IMAX J 21
2026-09-25T19:47:07Z,J,20,available,False,BFI IMAX J 20
2026-09-25T19:47:07Z,J,19,available,False,BFI IMAX J 19
2026-09-25T19:47:07Z,J,18,available,False,BFI IMAX J 18
2026-09-25T19:47:07Z,J,17,available,False,BFI IMAX J 17
2026-09-25T19:47:07Z,J,16,available,False,BFI IMAX J 16
2026-09-25T19:47:07Z,J,15,available,False,BFI IMAX J 15
2026-09-25T19:47:07Z,J,14,available,False,BFI IMAX J 14
2026-09-25T19:47:07Z,J,13,available,False,BFI IMAX J 13
2026-09-25T19:47:07Z,J,12,available,False,BFI IMAX J 12
2026-09-25T19:47:07Z,J,11,available,False,BFI IMAX J 11
2026-09-25T19:47:07Z,J,10,available,False,BFI IMAX J 10
2026-09-25T19:47:07Z,J,9,available,False,BFI IMAX J 9
2026-09-25T19:47:07Z,J,8,available,False,BFI IMAX J 8
2026-09-25T19:47:07Z,J,7,available,False,BFI IMAX J 7
2026-09-25T19:47:07Z,J,6,available,False,BFI IMAX J 6
2026-09-25T19:47:07Z,J,5,available,False,BFI IMAX J 5
2026-09-25T19:47:07Z,J,4,available,False,BFI IMAX J 4
2026-09-25T19:47:07Z,J,3,available,False,BFI IMAX J 3
2026-09-25T19:47:07Z,J,2,available,False,BFI IMAX J 2
2026-09-25T19:47:07Z,J,1,available,False,BFI IMAX J 1
2026-09-25T19:47:07Z,K,36,available,False,BFI IMAX K 36
2026-09-25T19:47:07Z,K,35,available,False,BFI IMAX K 35
2026-09-25T19:47:07Z,K,34,available,False,BFI IMAX K 34
2026-09-25T19:47:07Z,K,33,available,False,BFI IMAX K 33
2026-09-25T19:47:07Z,K,32,available,False,BFI IMAX K 32
2026-09-25T19:47:07Z,K,31,available,False,BFI IMAX K 31
2026-09-25T19:47:07Z,K,30,available,False,BFI IMAX K 30
2026-09-25T19:47:07Z,K,29,available,False,BFI IMAX K 29
2026-09-25T19:47:07Z,K,28,available,False,BFI IMAX K 28
2026-09-25T19:47:07Z,A,13,available,False,BFI IMAX A 13
2026-09-25T19:47:07Z,A,12,available,False,BFI IMAX A 12
2026-09-25T19:47:07Z,K,25,available,False,BFI IMAX K 25
2026-09-25T19:47:07Z,K,24,available,False,BFI IMAX K 24
2026-09-25T19:47:07Z,K,23,available,False,BFI IMAX K 23
2026-09-25T19:47:07Z,K,22,available,False,BFI IMAX K 22
2026-09-25T19:47:07Z,K,21,available,False,BFI IMAX K 21
2026-09-25T19:47:07Z,K,20,available,False,BFI IMAX K 20
2026-09-25T19:47:07Z,K,19,sold,False,BFI IMAX K 19
2026-09-25T19:47:07Z,K,18,available,False,BFI IMAX K 18
2026-09-25T19:47:07Z,K,17,available,False,BFI IMAX K 17
2026-09-25T19:47:07Z,K,16,available,False,BFI IMAX K 16
2026-09-25T19:47:07Z,K,15,available,False,BFI IMAX K 15
2026-09-25T19:47:07Z,K,14,available,False,BFI IMAX K 14
2026-09-25T19:47:07Z,K,13,available,False,BFI IMAX K 13
2026-09-25T19:47:07Z,K,12,available,False,BFI IMAX K 12
2026-09-25T19:47:07Z,K,11,available,False,BFI IMAX K 11
2026-09-25T19:47:07Z,K,10,available,False,BFI IMAX K 10
2026-09-25T19:47:07Z,K,9,available,False,BFI IMAX K 9
2026-09-25T19:47:07Z,K,8,available,False,BFI IMAX K 8
2026-09-25T19:47:07Z,K,7,available,False,BFI IMAX K 7
2026-09-25T19:47:07Z,K,6,available,False,BFI IMAX K 6
2026-09-25T19:47:07Z,K,5,available,False,BFI IMAX K 5
2026-09-25T19:47:07Z,K,4,available,False,BFI IMAX K 4
2026-09-25T19:47:07Z,K,3,available,False,BFI IMAX K 3
2026-09-25T19:47:07Z,K,2,available,False,BFI IMAX K 2
2026-09-25T19:47:07Z,K,1,available,False,BFI IMAX K 1
2026-09-25T19:47:07Z,L,33,available,False,BFI IMAX L 33
2026-09-25T19:47:07Z,L,32,available,False,BFI IMAX L 32
2026-09-25T19:47:07Z,L,31,available,False,BFI IMAX L 31
2026-09-25T19:47:07Z,L,30,available,False,BFI IMAX L 30
2026-09-25T19:47:07Z,L,29,available,False,BFI IMAX L 29
2026-09-25T19:47:07Z,L,28,available,False,BFI IMAX L 28
2026-09-25T19:47:07Z,L,27,available,False,BFI IMAX L 27
2026-09-25T19:47:07Z,L,26,available,False,BFI IMAX L 26
2026-09-25T19:47:07Z,L,8,available,False,BFI IMAX L 8
2026-09-25T19:47:07Z,L,7,available,False,BFI IMAX L 7
2026-09-25T19:47:07Z,L,6,available,False,BFI IMAX L 6
2026-09-25T19:47:07Z,L,5,available,False,BFI IMAX L 5
2026-09-25T19:47:07Z,L,4,available,False,BFI IMAX L 4
2026-09-25T19:47:07Z,L,3,available,False,BFI IMAX L 3
2026-09-25T19:47:07Z,L,2,available,False,BFI IMAX L 2
2026-09-25T19:47:07Z,L,1,available,False,BFI IMAX L 1
2026-09-25T19:47:07Z,M,34,available,False,BFI IMAX M 34
2026-09-25T19:47:07Z,M,33,available,False,BFI IMAX M 33
2026-09-25T19:47:07Z,M,32,available,False,BFI IMAX M 32
2026-09-25T19:47:07Z,M,31,available,False,BFI IMAX M 31
2026-09-25T19:47:07Z,M,30,available,False,BFI IMAX M 30
2026-09-25T19:47:07Z,M,29,available,False,BFI IMAX M 29
2026-09-25T19:47:07Z,M,28,available,False,BFI IMAX M 28
2026-09-25T19:47:07Z,M,27,sold,False,BFI IMAX M 27
2026-09-25T19:47:07Z,M,8,available,False,BFI IMAX M 8
2026-09-25T19:47:07Z,M,7,available,False,BFI IMAX M 7
2026-09-25T19:47:07Z,M,6,available,False,BFI IMAX M 6
2026-09-25T19:47:07Z,M,5,available,False,BFI IMAX M 5
2026-09-25T19:47:07Z,M,4,available,False,BFI IMAX M 4
2026-09-25T19:47:07Z,M,3,available,False,BFI IMAX M 3
2026-09-25T19:47:07Z,M,2,available,False,BFI IMAX M 2
2026-09-25T19:47:07Z,M,1,available,False,BFI IMAX M 1
2026-09-25T19:47:07Z,N,34,unavailable,False,BFI IMAX N 34
2026-09-25T19:47:07Z,N,33,unavailable,False,BFI IMAX N 33
2026-09-25T19:47:07Z,N,32,unavailable,False,BFI IMAX N 32
2026-09-25T19:47:07Z,N,31,unavailable,False,BFI IMAX N 31
2026-09-25T19:47:07Z,N,30,unavailable,False,BFI IMAX N 30
2026-09-25T19:47:07Z,N,29,unavailable,False,BFI IMAX N 29
2026-09-25T19:47:07Z,N,28,unavailable,False,BFI IMAX N 28
2026-09-25T19:47:07Z,N,27,unavailable,False,BFI IMAX N 27
2026-09-25T19:47:07Z,N,8,available,False,BFI IMAX N 8
2026-09-25T19:47:07Z,N,7,available,False,BFI IMAX N 7
2026-09-25T19:47:07Z,N,6,available,False,BFI IMAX N 6
2026-09-25T19:47:07Z,N,5,available,False,BFI IMAX N 5
2026-09-25T19:47:07Z,N,4,available,False,BFI IMAX N 4
2026-09-25T19:47:07Z,N,3,available,False,BFI IMAX N 3
2026-09-25T19:47:07Z,N,2,available,False,BFI IMAX N 2
2026-09-25T19:47:07Z,N,1,available,False,BFI IMAX N 1
2026-09-25T19:47:07Z,A,11,available,False,BFI IMAX A 11
2026-09-25T19:47:07Z,A,10,available,False,BFI IMAX A 10
2026-09-25T19:47:07Z,A,9,available,False,BFI IMAX A 9
2026-09-25T19:47:07Z,A,8,available,False,BFI IMAX A 8
2026-09-25T19:47:07Z,M,15,available,False,BFI IMAX M 15
2026-09-25T19:47:07Z,M,14,available,False,BFI IMAX M 14
2026-09-25T19:47:07Z,M,13,available,False,BFI IMAX M 13
2026-09-25T19:47:07Z,M,12,available,False,BFI IMAX M 12
2026-09-25T19:47:07Z,M,11,available,False,BFI IMAX M 11
2026-09-25T19:47:07Z,M,10,available,False,BFI IMAX M 10
2026-09-25T19:47:07Z,M,9,available,False,BFI IMAX M 9
2026-09-25T19:47:07Z,L,9,available,False,BFI IMAX L 9
2026-09-25T19:47:07Z,L,25,available,False,BFI IMAX L 25
2026-09-25T19:47:07Z,L,24,available,False,BFI IMAX L 24
2026-09-25T19:47:07Z,L,23,available,False,BFI IMAX L 23
2026-09-25T19:47:07Z,L,22,available,False,BFI IMAX L 22
2026-09-25T19:47:07Z,L,21,available,False,BFI IMAX L 21
2026-09-25T19:47:07Z,L,20,available,False,BFI IMAX L 20
2026-09-25T19:47:07Z,L,19,available,False,BFI IMAX L 19
2026-09-25T19:47:07Z,L,18,sold,False,BFI IMAX L 18
2026-09-25T19:47:07Z,L,17,sold,False,BFI IMAX L 17
2026-09-25T19:47:07Z,L,16,available,False,BFI IMAX L 16
2026-09-25T19:47:07Z,L,15,available,False,BFI IMAX L 15
2026-09-25T19:47:07Z,L,14,available,False,BFI IMAX L 14
2026-09-25T19:47:07Z,L,13,available,False,BFI IMAX L 13
2026-09-25T19:47:07Z,L,12,available,False,BFI IMAX L 12
2026-09-25T19:47:07Z,L,11,available,False,BFI IMAX L 11
2026-09-25T19:47:07Z,N,26,unavailable,False,BFI IMAX N 26
2026-09-25T19:47:07Z,N,25,unavailable,False,BFI IMAX N 25
2026-09-25T19:47:07Z,N,24,unavailable,False,BFI IMAX N 24
2026-09-25T19:47:07Z,N,23,unavailable,False,BFI IMAX N 23
2026-09-25T19:47:07Z,N,22,available,False,BFI IMAX N 22
2026-09-25T19:47:07Z,N,21,available,False,BFI IMAX N 21
2026-09-25T19:47:07Z,N,20,available,False,BFI IMAX N 20
2026-09-25T19:47:07Z,N,19,available,False,BFI IMAX N 19
2026-09-25T19:47:07Z,N,18,available,False,BFI IMAX N 18
2026-09-25T19:47:07Z,N,17,available,False,BFI IMAX N 17
2026-09-25T19:47:07Z,N,16,available,False,BFI IMAX N 16
2026-09-25T19:47:07Z,N,15,available,False,BFI IMAX N 15
2026-09-25T19:47:07Z,N,14,available,False,BFI IMAX N 14
2026-09-25T19:47:07Z,N,13,available,False,BFI IMAX N 13
2026-09-25T19:47:07Z,N,12,unavailable,False,BFI IMAX N 12
2026-09-25T19:47:07Z,N,11,unavailable,False,BFI IMAX N 11
2026-09-25T19:47:07Z,N,10,unavailable,False,BFI IMAX N 10
2026-09-25T19:47:07Z,N,9,unavailable,False,BFI IMAX N 9
2026-09-25T19:47:07Z,L,10,available,False,BFI IMAX L 10
2026-09-25T19:47:07Z,M,26,available,False,BFI IMAX M 26
2026-09-25T19:47:07Z,M,25,available,False,BFI IMAX M 25
2026-09-25T19:47:07Z,M,24,available,False,BFI IMAX M 24
2026-09-25T19:47:07Z,M,23,available,False,BFI IMAX M 23
2026-09-25T19:47:07Z,M,22,available,False,BFI IMAX M 22
2026-09-25T19:47:07Z,M,21,available,False,BFI IMAX M 21
2026-09-25T19:47:07Z,M,20,available,False,BFI IMAX M 20
2026-09-25T19:47:07Z,M,19,sold,False,BFI IMAX M 19
2026-09-25T19:47:07Z,M,18,sold,False,BFI IMAX M 18
2026-09-25T19:47:07Z,M,17,sold,False,BFI IMAX M 17
2026-09-25T19:47:07Z,M,16,available,False,BFI IMAX M 16
2026-09-25T19:47:07Z,P,27,available,True,BFI IMAX P 27
2026-09-25T19:47:07Z,P,26,unavailable,False,BFI IMAX P 26
2026-09-25T19:47:07Z,P,6,unavailable,False,BFI IMAX P 6
2026-09-25T19:47:07Z,P,5,available,True,BFI IMAX P 5
2026-09-25T19:47:07Z,P,31,unavailable,False,BFI IMAX P 31
2026-09-25T19:47:07Z,P,30,available,True,BFI IMAX P 30
2026-09-25T19:47:07Z,P,2,available,True,BFI IMAX P 2
2026-09-25T19:47:07Z,P,1,unavailable,False,BFI IMAX P 1
2026-09-25T19:47:07Z,P,21,available,False,BFI IMAX P 21
2026-09-25T19:47:07Z,P,20,available,False,BFI IMAX P 20
2026-09-25T19:47:07Z,P,19,available,False,BFI IMAX P 19
2026-09-25T19:47:07Z,P,18,available,False,BFI IMAX P 18
2026-09-25T19:47:07Z,P,17,available,False,BFI IMAX P 17
2026-09-25T19:47:07Z,P,16,available,False,BFI IMAX P 16
2026-09-25T19:47:07Z,P,15,available,False,BFI IMAX P 15
2026-09-25T19:47:07Z,P,14,available,False,BFI IMAX P 14
2026-09-25T19:47:07Z,P,13,available,False,BFI IMAX P 13
2026-09-25T19:47:07Z,P,12,available,False,BFI IMAX P 12
2026-09-25T19:47:07Z,P,11,available,False,BFI IMAX P 11
2026-09-25T19:47:07Z,P,9,available,False,BFI IMAX P 9
2026-09-25T19:47:07Z,P,8,available,False,BFI IMAX P 8
2026-09-25T19:47:07Z,P,7,available,False,BFI IMAX P 7
2026-09-25T19:47:07Z,P,10,available,False,BFI IMAX P 10
2026-09-25T19:47:07Z,P,25,available,False,BFI IMAX P 25
2026-09-25T19:47:07Z,P,24,available,False,BFI IMAX P 24
2026-09-25T19:47:07Z,P,23,available,False,BFI IMAX P 23
2026-09-25T19:47:07Z,P,22,available,False,BFI IMAX P 22
2026-09-25T19:47:07Z,Q,18,sold,False,BFI IMAX Q 18
2026-09-25T19:47:07Z,Q,17,available,False,BFI IMAX Q 17
2026-09-25T19:47:07Z,Q,16,available,False,BFI IMAX Q 16
2026-09-25T19:47:07Z,Q,15,available,False,BFI IMAX Q 15
2026-09-25T19:47:07Z,Q,14,available,False,BFI IMAX Q 14
2026-09-25T19:47:07Z,Q,13,available,False,BFI IMAX Q 13
2026-09-25T19:47:07Z,Q,12,available,False,BFI IMAX Q 12
2026-09-25T19:47:07Z,Q,11,available,False,BFI IMAX Q 11
2026-09-25T19:47:07Z,Q,10,available,False,BFI IMAX Q 10
2026-09-25T19:47:07Z,Q,9,sold,False,BFI IMAX Q 9
2026-09-25T19:47:07Z,Q,8,available,False,BFI IMAX Q 8
2026-09-25T19:47:07Z,Q,7,available,False,BFI IMAX Q 7
2026-09-25T19:47:07Z,Q,6,available,False,BFI IMAX Q 6
2026-09-25T19:47:07Z,Q,5,available,False,BFI IMAX Q 5
2026-09-25T19:47:07Z,Q,4,available,False,BFI IMAX Q 4
2026-09-25T19:47:07Z,Q,3,available,False,BFI IMAX Q 3
2026-09-25T19:47:07Z,Q,2,available,False,BFI IMAX Q 2
2026-09-25T19:47:07Z,Q,1,available,False,BFI IMAX Q 1
2026-09-26T01:08:49Z,K,27,unavailable,False,BFI IMAX K 27
2026-09-26T01:08:49Z,K,26,unavailable,False,BFI IMAX K 26
2026-09-26T01:08:49Z,P,29,available,True,BFI IMAX P 29
2026-09-26T01:08:49Z,P,28,available,True,BFI IMAX P 28
2026-09-26T01:08:49Z,P,4,available,True,BFI IMAX P 4
2026-09-26T01:08:49Z,P,3,available,True,BFI IMAX P 3
2026-09-26T01:08:49Z,A,7,available,False,BFI IMAX A 7
2026-09-26T01:08:49Z,A,6,available,False,BFI IMAX A 6
2026-09-26T01:08:49Z,A,5,available,False,BFI IMAX A 5
2026-09-26T01:08:49Z,A,4,available,False,BFI IMAX A 4
2026-09-26T01:08:49Z,A,3,available,False,BFI IMAX A 3
2026-09-26T01:08:49Z,A,2,available,False,BFI IMAX A 2
2026-09-26T01:08:49Z,A,1,available,False,BFI IMAX A 1
2026-09-26T01:08:49Z,B,36,available,False,BFI IMAX B 36
2026-09-26T01:08:49Z,B,35,available,False,BFI IMAX B 35
2026-09-26T01:08:49Z,B,34,available,False,BFI IMAX B 34
2026-09-26T01:08:49Z,B,33,available,False,BFI IMAX B 33
2026-09-26T01:08:49Z,B,32,available,False,BFI IMAX B 32
2026-09-26T01:08:49Z,B,31,available,False,BFI IMAX B 31
2026-09-26T01:08:49Z,B,30,available,False,BFI IMAX B 30
2026-09-26T01:08:49Z,B,29,available,False,BFI IMAX B 29
2026-09-26T01:08:49Z,B,28,available,False,BFI IMAX B 28
2026-09-26T01:08:49Z,B,27,available,False,BFI IMAX B 27
2026-09-26T01:08:49Z,B,26,available,False,BFI IMAX B 26
2026-09-26T01:08:49Z,B,25,available,False,BFI IMAX B 25
2026-09-26T01:08:49Z,B,24,available,False,BFI IMAX B 24
2026-09-26T01:08:49Z,B,23,available,False,BFI IMAX B 23
2026-09-26T01:08:49Z,B,22,available,False,BFI IMAX B 22
2026-09-26T01:08:49Z,B,21,available,False,BFI IMAX B 21
2026-09-26T01:08:49Z,B,20,available,False,BFI IMAX B 20
2026-09-26T01:08:49Z,B,19,available,False,BFI IMAX B 19
2026-09-26T01:08:49Z,B,18,available,False,BFI IMAX B 18
2026-09-26T01:08:49Z,B,17,available,False,BFI IMAX B 17
2026-09-26T01:08:49Z,B,16,available,False,BFI IMAX B 16
2026-09-26T01:08:49Z,B,15,available,False,BFI IMAX B 15
2026-09-26T01:08:49Z,B,14,available,False,BFI IMAX B 14
2026-09-26T01:08:49Z,B,13,available,False,BFI IMAX B 13
2026-09-26T01:08:49Z,B,12,available,False,BFI IMAX B 12
2026-09-26T01:08:49Z,B,11,available,False,BFI IMAX B 11
2026-09-26T01:08:49Z,B,10,available,False,BFI IMAX B 10
2026-09-26T01:08:49Z,B,9,available,False,BFI IMAX B 9
2026-09-26T01:08:49Z,B,8,available,False,BFI IMAX B 8
2026-09-26T01:08:49Z,B,7,available,False,BFI IMAX B 7
2026-09-26T01:08:49Z,B,6,available,False,BFI IMAX B 6
2026-09-26T01:08:49Z,B,5,available,False,BFI IMAX B 5
2026-09-26T01:08:49Z,B,4,available,False,BFI IMAX B 4
2026-09-26T01:08:49Z,B,3,available,False,BFI IMAX B 3
2026-09-26T01:08:49Z,B,2,available,False,BFI IMAX B 2
2026-09-26T01:08:49Z,B,1,available,False,BFI IMAX B 1
2026-09-26T01:08:49Z,C,36,available,False,BFI IMAX C 36
2026-09-26T01:08:49Z,C,35,available,False,BFI IMAX C 35
2026-09-26T01:08:49Z,C,34,available,False,BFI IMAX C 34
2026-09-26T01:08:49Z,C,33,available,False,BFI IMAX C 33
2026-09-26T01:08:49Z,C,32,available,False,BFI IMAX C 32
2026-09-26T01:08:49Z,C,31,available,False,BFI IMAX C 31
2026-09-26T01:08:49Z,C,30,available,False,BFI IMAX C 30
2026-09-26T01:08:49Z,C,29,available,False,BFI IMAX C 29
2026-09-26T01:08:49Z,C,28,available,False,BFI IMAX C 28
2026-09-26T01:08:49Z,C,27,available,False,BFI IMAX C 27
2026-09-26T01:08:49Z,C,26,available,False,BFI IMAX C 26
2026-09-26T01:08:49Z,C,25,sold,False,BFI IMAX C 25
2026-09-26T01:08:49Z,C,24,available,False,BFI IMAX C 24
2026-09-26T01:08:49Z,C,23,available,False,BFI IMAX C 23
2026-09-26T01:08:49Z,C,22,available,False,BFI IMAX C 22
2026-09-26T01:08:49Z,C,21,available,False,BFI IMAX C 21
2026-09-26T01:08:49Z,C,20,available,False,BFI IMAX C 20
2026-09-26T01:08:49Z,C,19,available,False,BFI IMAX C 19
2026-09-26T01:08:49Z,C,18,available,False,BFI IMAX C 18
2026-09-26T01:08:49Z,C,17,available,False,BFI IMAX C 17
2026-09-26T01:08:49Z,C,16,available,False,BFI IMAX C 16
2026-09-26T01:08:49Z,C,15,available,False,BFI IMAX C 15
2026-09-26T01:08:49Z,C,14,available,False,BFI IMAX C 14
2026-09-26T01:08:49Z,C,13,available,False,BFI IMAX C 13
2026-09-26T01:08:49Z,C,12,available,False,BFI IMAX C 12
2026-09-26T01:08:49Z,C,11,available,False,BFI IMAX C 11
2026-09-26T01:08:49Z,C,10,available,False,BFI IMAX C 10
2026-09-26T01:08:49Z,C,9,available,False,BFI IMAX C 9
2026-09-26T01:08:49Z,C,8,available,False,BFI IMAX C 8
2026-09-26T01:08:49Z,C,7,available,False,BFI IMAX C 7
2026-09-26T01:08:49Z,C,6,available,False,BFI IMAX C 6
2026-09-26T01:08:49Z,C,5,available,False,BFI IMAX C 5
2026-09-26T01:08:49Z,C,4,available,False,BFI IMAX C 4
2026-09-26T01:08:49Z,C,3,available,False,BFI IMAX C 3
2026-09-26T01:08:49Z,C,2,available,False,BFI IMAX C 2
2026-09-26T01:08:49Z,C,1,available,False,BFI IMAX C 1
2026-09-26T01:08:49Z,D,37,available,False,BFI IMAX D 37
2026-09-26T01:08:49Z,D,36,available,False,BFI IMAX D 36
2026-09-26T01:08:49Z,D,35,available,False,BFI IMAX D 35
2026-09-26T01:08:49Z,D,34,available,False,BFI IMAX D 34
2026-09-26T01:08:49Z,D,33,available,False,BFI IMAX D 33
2026-09-26T01:08:49Z,D,32,available,False,BFI IMAX D 32
2026-09-26T01:08:49Z,D,31,available,False,BFI IMAX D 31
2026-09-26T01:08:49Z,D,30,available,False,BFI IMAX D 30
2026-09-26T01:08:49Z,D,29,available,False,BFI IMAX D 29
2026-09-26T01:08:49Z,D,28,available,False,BFI IMAX D 28
2026-09-26T01:08:49Z,D,27,available,False,BFI IMAX D 27
2026-09-26T01:08:49Z,D,26,available,False,BFI IMAX D 26
2026-09-26T01:08:49Z,D,25,available,False,BFI IMAX D 25
2026-09-26T01:08:49Z,D,24,available,False,BFI IMAX D 24
2026-09-26T01:08:49Z,D,23,available,False,BFI IMAX D 23
2026-09-26T01:08:49Z,D,22,available,False,BFI IMAX D 22
2026-09-26T01:08:49Z,D,21,available,False,BFI IMAX D 21
2026-09-26T01:08:49Z,D,20,available,False,BFI IMAX D 20
2026-09-26T01:08:49Z,D,19,available,False,BFI IMAX D 19
2026-09-26T01:08:49Z,D,18,available,False,BFI IMAX D 18
2026-09-26T01:08:49Z,D,17,available,False,BFI IMAX D 17
2026-09-26T01:08:49Z,D,16,available,False,BFI IMAX D 16
2026-09-26T01:08:49Z,D,15,available,False,BFI IMAX D 15
2026-09-26T01:08:49Z,D,14,available,False,BFI IMAX D 14
2026-09-26T01:08:49Z,D,13,available,False,BFI IMAX D 13
2026-09-26T01:08:49Z,D,12,available,False,BFI IMAX D 12
2026-09-26T01:08:49Z,D,11,available,False,BFI IMAX D 11
2026-09-26T01:08:49Z,D,10,available,False,BFI IMAX D 10
2026-09-26T01:08:49Z,D,9,available,False,BFI IMAX D 9
2026-09-26T01:08:49Z,D,8,available,False,BFI IMAX D 8
2026-09-26T01:08:49Z,D,7,available,False,BFI IMAX D 7
2026-09-26T01:08:49Z,D,6,available,False,BFI IMAX D 6
2026-09-26T01:08:49Z,D,5,available,False,BFI IMAX D 5
2026-09-26T01:08:49Z,D,4,available,False,BFI IMAX D 4
2026-09-26T01:08:49Z,D,3,available,False,BFI IMAX D 3
2026-09-26T01:08:49Z,D,2,available,False,BFI IMAX D 2
2026-09-26T01:08:49Z,D,1,available,False,BFI IMAX D 1
2026-09-26T01:08:49Z,E,37,available,False,BFI IMAX E 37
2026-09-26T01:08:49Z,E,36,available,False,BFI IMAX E 36
2026-09-26T01:08:49Z,E,35,available,False,BFI IMAX E 35
2026-09-26T01:08:49Z,E,34,available,False,BFI IMAX E 34
2026-09-26T01:08:49Z,E,33,available,False,BFI IMAX E 33
2026-09-26T01:08:49Z,E,32,available,False,BFI IMAX E 32
2026-09-26T01:08:49Z,E,31,available,False,BFI IMAX E 31
2026-09-26T01:08:49Z,E,30,available,False,BFI IMAX E 30
2026-09-26T01:08:49Z,E,29,available,False,BFI IMAX E 29
2026-09-26T01:08:49Z,E,28,available,False,BFI IMAX E 28
2026-09-26T01:08:49Z,E,27,available,False,BFI IMAX E 27
2026-09-26T01:08:49Z,E,26,available,False,BFI IMAX E 26
2026-09-26T01:08:49Z,E,25,available,False,BFI IMAX E 25
2026-09-26T01:08:49Z,E,24,available,False,BFI IMAX E 24
2026-09-26T01:08:49Z,E,23,available,False,BFI IMAX E 23
2026-09-26T01:08:49Z,E,22,available,False,BFI IMAX E 22
2026-09-26T01:08:49Z,E,21,available,False,BFI IMAX E 21
2026-09-26T01:08:49Z,E,20,available,False,BFI IMAX E 20
2026-09-26T01:08:49Z,E,19,available,False,BFI IMAX E 19
2026-09-26T01:08:49Z,E,18,available,False,BFI IMAX E 18
2026-09-26T01:08:49Z,E,17,available,False,BFI IMAX E 17
2026-09-26T01:08:49Z,E,16,available,False,BFI IMAX E 16
2026-09-26T01:08:49Z,E,15,available,False,BFI IMAX E 15
2026-09-26T01:08:49Z,E,14,available,False,BFI IMAX E 14
2026-09-26T01:08:49Z,E,13,available,False,BFI IMAX E 13
2026-09-26T01:08:49Z,E,12,available,False,BFI IMAX E 12
2026-09-26T01:08:49Z,E,11,available,False,BFI IMAX E 11
2026-09-26T01:08:49Z,E,10,available,False,BFI IMAX E 10
2026-09-26T01:08:49Z,E,9,available,False,BFI IMAX E 9
2026-09-26T01:08:49Z,E,8,available,False,BFI IMAX E 8
2026-09-26T01:08:49Z,E,7,available,False,BFI IMAX E 7
2026-09-26T01:08:49Z,E,6,available,False,BFI IMAX E 6
2026-09-26T01:08:49Z,E,5,available,False,BFI IMAX E 5
2026-09-26T01:08:49Z,E,4,available,False,BFI IMAX E 4
2026-09-26T01:08:49Z,E,3,available,False,BFI IMAX E 3
2026-09-26T01:08:49Z,E,2,available,False,BFI IMAX E 2
2026-09-26T01:08:49Z,E,1,available,False,BFI IMAX E 1
2026-09-26T01:08:49Z,F,38,available,False,BFI IMAX F 38
2026-09-26T01:08:49Z,F,37,available,False,BFI IMAX F 37
2026-09-26T01:08:49Z,F,36,available,False,BFI IMAX F 36
2026-09-26T01:08:49Z,F,35,available,False,BFI IMAX F 35
2026-09-26T01:08:49Z,F,34,available,False,BFI IMAX F 34
2026-09-26T01:08:49Z,F,33,available,False,BFI IMAX F 33
2026-09-26T01:08:49Z,F,32,available,False,BFI IMAX F 32
2026-09-26T01:08:49Z,F,31,available,False,BFI IMAX F 31
2026-09-26T01:08:49Z,F,30,available,False,BFI IMAX F 30
2026-09-26T01:08:49Z,F,29,available,False,BFI IMAX F 29
2026-09-26T01:08:49Z,F,28,available,False,BFI IMAX F 28
2026-09-26T01:08:49Z,F,27,available,False,BFI IMAX F 27
2026-09-26T01:08:49Z,F,26,available,False,BFI IMAX F 26
2026-09-26T01:08:49Z,F,25,available,False,BFI IMAX F 25
2026-09-26T01:08:49Z,F,24,available,False,BFI IMAX F 24
2026-09-26T01:08:49Z,F,23,available,False,BFI IMAX F 23
2026-09-26T01:08:49Z,F,22,available,False,BFI IMAX F 22
2026-09-26T01:08:49Z,F,21,available,False,BFI IMAX F 21
2026-09-26T01:08:49Z,F,20,available,False,BFI IMAX F 20
2026-09-26T01:08:49Z,F,19,available,False,BFI IMAX F 19
2026-09-26T01:08:49Z,F,18,available,False,BFI IMAX F 18
2026-09-26T01:08:49Z,F,17,available,False,BFI IMAX F 17
2026-09-26T01:08:49Z,F,16,available,False,BFI IMAX F 16
2026-09-26T01:08:49Z,F,15,available,False,BFI IMAX F 15
2026-09-26T01:08:49Z,F,14,available,False,BFI IMAX F 14
2026-09-26T01:08:49Z,F,13,available,False,BFI IMAX F 13
2026-09-26T01:08:49Z,F,12,available,False,BFI IMAX F 12
2026-09-26T01:08:49Z,F,11,available,False,BFI IMAX F 11
2026-09-26T01:08:49Z,F,10,available,False,BFI IMAX F 10
2026-09-26T01:08:49Z,F,9,available,False,BFI IMAX F 9
2026-09-26T01:08:49Z,F,8,available,False,BFI IMAX F 8
2026-09-26T01:08:49Z,F,7,available,False,BFI IMAX F 7
2026-09-26T01:08:49Z,F,6,available,False,BFI IMAX F 6
2026-09-26T01:08:49Z,F,5,available,False,BFI IMAX F 5
2026-09-26T01:08:49Z,F,4,available,False,BFI IMAX F 4
2026-09-26T01:08:49Z,F,3,available,False,BFI IMAX F 3
2026-09-26T01:08:49Z,F,2,available,False,BFI IMAX F 2
2026-09-26T01:08:49Z,F,1,available,False,BFI IMAX F 1
2026-09-26T01:08:49Z,G,37,available,False,BFI IMAX G 37
2026-09-26T01:08:49Z,G,36,available,False,BFI IMAX G 36
2026-09-26T01:08:49Z,G,35,available,False,BFI IMAX G 35
2026-09-26T01:08:49Z,G,34,available,False,BFI IMAX G 34
2026-09-26T01:08:49Z,G,33,available,False,BFI IMAX G 33
2026-09-26T01:08:49Z,G,32,available,False,BFI IMAX G 32
2026-09-26T01:08:49Z,G,31,available,False,BFI IMAX G 31
2026-09-26T01:08:49Z,G,30,available,False,BFI IMAX G 30
2026-09-26T01:08:49Z,G,29,available,False,BFI IMAX G 29
2026-09-26T01:08:49Z,G,28,available,False,BFI IMAX G 28
2026-09-26T01:08:49Z,G,27,available,False,BFI IMAX G 27
2026-09-26T01:08:49Z,G,26,available,False,BFI IMAX G 26
2026-09-26T01:08:49Z,G,25,available,False,BFI IMAX G 25
2026-09-26T01:08:49Z,G,24,available,False,BFI IMAX G 24
2026-09-26T01:08:49Z,G,23,available,False,BFI IMAX G 23
2026-09-26T01:08:49Z,G,22,available,False,BFI IMAX G 22
2026-09-26T01:08:49Z,G,21,available,False,BFI IMAX G 21
2026-09-26T01:08:49Z,G,20,available,False,BFI IMAX G 20
2026-09-26T01:08:49Z,G,19,available,False,BFI IMAX G 19
2026-09-26T01:08:49Z,G,18,available,False,BFI IMAX G 18
2026-09-26T01:08:49Z,G,17,available,False,BFI IMAX G 17
2026-09-26T01:08:49Z,G,16,available,False,BFI IMAX G 16
2026-09-26T01:08:49Z,G,15,available,False,BFI IMAX G 15
2026-09-26T01:08:49Z,G,14,available,False,BFI IMAX G 14
2026-09-26T01:08:49Z,G,13,available,False,BFI IMAX G 13
2026-09-26T01:08:49Z,G,12,available,False,BFI IMAX G 12
2026-09-26T01:08:49Z,G,11,available,False,BFI IMAX G 11
2026-09-26T01:08:49Z,G,10,available,False,BFI IMAX G 10
2026-09-26T01:08:49Z,G,9,available,False,BFI IMAX G 9
2026-09-26T01:08:49Z,G,8,available,False,BFI IMAX G 8
2026-09-26T01:08:49Z,G,7,available,False,BFI IMAX G 7
2026-09-26T01:08:49Z,G,6,available,False,BFI IMAX G 6
2026-09-26T01:08:49Z,G,5,available,False,BFI IMAX G 5
2026-09-26T01:08:49Z,G,4,available,False,BFI IMAX G 4
2026-09-26T01:08:49Z,G,3,available,False,BFI IMAX G 3
2026-09-26T01:08:49Z,G,2,available,False,BFI IMAX G 2
2026-09-26T01:08:49Z,G,1,available,False,BFI IMAX G 1
2026-09-26T01:08:49Z,H,37,available,False,BFI IMAX H 37
2026-09-26T01:08:49Z,H,36,available,False,BFI IMAX H 36
2026-09-26T01:08:49Z,H,35,available,False,BFI IMAX H 35
2026-09-26T01:08:49Z,H,34,available,False,BFI IMAX H 34
2026-09-26T01:08:49Z,H,33,available,False,BFI IMAX H 33
2026-09-26T01:08:49Z,H,32,available,False,BFI IMAX H 32
2026-09-26T01:08:49Z,H,31,available,False,BFI IMAX H 31
2026-09-26T01:08:49Z,H,30,available,False,BFI IMAX H 30
2026-09-26T01:08:49Z,H,29,available,False,BFI IMAX H 29
2026-09-26T01:08:49Z,H,28,available,False,BFI IMAX H 28
2026-09-26T01:08:49Z,H,27,available,False,BFI IMAX H 27
2026-09-26T01:08:49Z,H,26,available,False,BFI IMAX H 26
2026-09-26T01:08:49Z,H,25,available,False,BFI IMAX H 25
2026-09-26T01:08:49Z,H,24,available,False,BFI IMAX H 24
2026-09-26T01:08:49Z,H,23,available,False,BFI IMAX H 23
2026-09-26T01:08:49Z,H,22,available,False,BFI IMAX H 22
2026-09-26T01:08:49Z,H,21,available,False,BFI IMAX H 21
2026-09-26T01:08:49Z,H,20,available,False,BFI IMAX H 20
2026-09-26T01:08:49Z,H,19,available,False,BFI IMAX H 19
2026-09-26T01:08:49Z,H,18,available,False,BFI IMAX H 18
2026-09-26T01:08:49Z,H,17,available,False,BFI IMAX H 17
2026-09-26T01:08:49Z,H,16,available,False,BFI IMAX H 16
2026-09-26T01:08:49Z,H,15,available,False,BFI IMAX H 15
2026-09-26T01:08:49Z,H,14,available,False,BFI IMAX H 14
2026-09-26T01:08:49Z,H,13,available,False,BFI IMAX H 13
2026-09-26T01:08:49Z,H,12,available,False,BFI IMAX H 12
2026-09-26T01:08:49Z,H,11,available,False,BFI IMAX H 11
2026-09-26T01:08:49Z,H,10,available,False,BFI IMAX H 10
2026-09-26T01:08:49Z,H,9,available,False,BFI IMAX H 9
2026-09-26T01:08:49Z,H,8,available,False,BFI IMAX H 8
2026-09-26T01:08:49Z,H,7,available,False,BFI IMAX H 7
2026-09-26T01:08:49Z,H,6,available,False,BFI IMAX H 6
2026-09-26T01:08:49Z,H,5,available,False,BFI IMAX H 5
2026-09-26T01:08:49Z,H,4,available,False,BFI IMAX H 4
2026-09-26T01:08:49Z,H,3,available,False,BFI IMAX H 3
2026-09-26T01:08:49Z,H,2,available,False,BFI IMAX H 2
2026-09-26T01:08:49Z,H,1,available,False,BFI IMAX H 1
2026-09-26T01:08:49Z,J,36,available,False,BFI IMAX J 36
2026-09-26T01:08:49Z,J,35,available,False,BFI IMAX J 35
2026-09-26T01:08:49Z,J,34,available,False,BFI IMAX J 34
2026-09-26T01:08:49Z,J,33,available,False,BFI IMAX J 33
2026-09-26T01:08:49Z,J,32,available,False,BFI IMAX J 32
2026-09-26T01:08:49Z,J,31,available,False,BFI IMAX J 31
2026-09-26T01:08:49Z,J,30,available,False,BFI IMAX J 30
2026-09-26T01:08:49Z,J,29,available,False,BFI IMAX J 29
2026-09-26T01:08:49Z,J,28,available,False,BFI IMAX J 28
2026-09-26T01:08:49Z,J,27,available,False,BFI IMAX J 27
2026-09-26T01:08:49Z,J,26,available,False,BFI IMAX J 26
2026-09-26T01:08:49Z,J,25,available,False,BFI IMAX J 25
2026-09-26T01:08:49Z,J,24,available,False,BFI IMAX J 24
2026-09-26T01:08:49Z,J,23,available,False,BFI IMAX J 23
2026-09-26T01:08:49Z,J,22,available,False,BFI IMAX J 22
2026-09-26T01:08:49Z,J,21,available,False,BFI IMAX J 21
2026-09-26T01:08:49Z,J,20,available,False,BFI IMAX J 20
2026-09-26T01:08:49Z,J,19,available,False,BFI IMAX J 19
2026-09-26T01:08:49Z,J,18,available,False,BFI IMAX J 18
2026-09-26T01:08:49Z,J,17,available,False,BFI IMAX J 17
2026-09-26T01:08:49Z,J,16,available,False,BFI IMAX J 16
2026-09-26T01:08:49Z,J,15,available,False,BFI IMAX J 15
2026-09-26T01:08:49Z,J,14,available,False,BFI IMAX J 14
2026-09-26T01:08:49Z,J,13,available,False,BFI IMAX J 13
2026-09-26T01:08:49Z,J,12,available,False,BFI IMAX J 12
2026-09-26T01:08:49Z,J,11,available,False,BFI IMAX J 11
2026-09-26T01:08:49Z,J,10,available,False,BFI IMAX J 10
2026-09-26T01:08:49Z,J,9,available,False,BFI IMAX J 9
2026-09-26T01:08:49Z,J,8,available,False,BFI IMAX J 8
2026-09-26T01:08:49Z,J,7,available,False,BFI IMAX J 7
2026-09-26T01:08:49Z,J,6,available,False,BFI IMAX J 6
2026-09-26T01:08:49Z,J,5,available,False,BFI IMAX J 5
2026-09-26T01:08:49Z,J,4,available,False,BFI IMAX J 4
2026-09-26T01:08:49Z,J,3,available,False,BFI IMAX J 3
2026-09-26T01:08:49Z,J,2,available,False,BFI IMAX J 2
2026-09-26T01:08:49Z,J,1,available,False,BFI IMAX J 1
2026-09-26T01:08:49Z,K,36,available,False,BFI IMAX K 36
2026-09-26T01:08:49Z,K,35,available,False,BFI IMAX K 35
2026-09-26T01:08:49Z,K,34,available,False,BFI IMAX K 34
2026-09-26T01:08:49Z,K,33,available,False,BFI IMAX K 33
2026-09-26T01:08:49Z,K,32,available,False,BFI IMAX K 32
2026-09-26T01:08:49Z,K,31,available,False,BFI IMAX K 31
2026-09-26T01:08:49Z,K,30,available,False,BFI IMAX K 30
2026-09-26T01:08:49Z,K,29,available,False,BFI IMAX K 29
2026-09-26T01:08:49Z,K,28,available,False,BFI IMAX K 28
2026-09-26T01:08:49Z,A,13,available,False,BFI IMAX A 13
2026-09-26T01:08:49Z,A,12,available,False,BFI IMAX A 12
2026-09-26T01:08:49Z,K,25,available,False,BFI IMAX K 25
2026-09-26T01:08:49Z,K,24,available,False,BFI IMAX K 24
2026-09-26T01:08:49Z,K,23,available,False,BFI IMAX K 23
2026-09-26T01:08:49Z,K,22,available,False,BFI IMAX K 22
2026-09-26T01:08:49Z,K,21,available,False,BFI IMAX K 21
2026-09-26T01:08:49Z,K,20,available,False,BFI IMAX K 20
2026-09-26T01:08:49Z,K,19,sold,False,BFI IMAX K 19
2026-09-26T01:08:49Z,K,18,available,False,BFI IMAX K 18
2026-09-26T01:08:49Z,K,17,available,False,BFI IMAX K 17
2026-09-26T01:08:49Z,K,16,available,False,BFI IMAX K 16
2026-09-26T01:08:49Z,K,15,available,False,BFI IMAX K 15
2026-09-26T01:08:49Z,K,14,available,False,BFI IMAX K 14
2026-09-26T01:08:49Z,K,13,available,False,BFI IMAX K 13
2026-09-26T01:08:49Z,K,12,available,False,BFI IMAX K 12
2026-09-26T01:08:49Z,K,11,available,False,BFI IMAX K 11
2026-09-26T01:08:49Z,K,10,available,False,BFI IMAX K 10
2026-09-26T01:08:49Z,K,9,available,False,BFI IMAX K 9
2026-09-26T01:08:49Z,K,8,available,False,BFI IMAX K 8
2026-09-26T01:08:49Z,K,7,available,False,BFI IMAX K 7
2026-09-26T01:08:49Z,K,6,available,False,BFI IMAX K 6
2026-09-26T01:08:49Z,K,5,available,False,BFI IMAX K 5
2026-09-26T01:08:49Z,K,4,available,False,BFI IMAX K 4
2026-09-26T01:08:49Z,K,3,available,False,BFI IMAX K 3
2026-09-26T01:08:49Z,K,2,available,False,BFI IMAX K 2
2026-09-26T01:08:49Z,K,1,available,False,BFI IMAX K 1
2026-09-26T01:08:49Z,L,33,available,False,BFI IMAX L 33
2026-09-26T01:08:49Z,L,32,available,False,BFI IMAX L 32
2026-09-26T01:08:49Z,L,31,available,False,BFI IMAX L 31
2026-09-26T01:08:49Z,L,30,available,False,BFI IMAX L 30
2026-09-26T01:08:49Z,L,29,available,False,BFI IMAX L 29
2026-09-26T01:08:49Z,L,28,available,False,BFI IMAX L 28
2026-09-26T01:08:49Z,L,27,available,False,BFI IMAX L 27
2026-09-26T01:08:49Z,L,26,available,False,BFI IMAX L 26
2026-09-26T01:08:49Z,L,8,available,False,BFI IMAX L 8
2026-09-26T01:08:49Z,L,7,available,False,BFI IMAX L 7
2026-09-26T01:08:49Z,L,6,available,False,BFI IMAX L 6
2026-09-26T01:08:49Z,L,5,available,False,BFI IMAX L 5
2026-09-26T01:08:49Z,L,4,available,False,BFI IMAX L 4
2026-09-26T01:08:49Z,L,3,available,False,BFI IMAX L 3
2026-09-26T01:08:49Z,L,2,available,False,BFI IMAX L 2
2026-09-26T01:08:49Z,L,1,available,False,BFI IMAX L 1
2026-09-26T01:08:49Z,M,34,available,False,BFI IMAX M 34
2026-09-26T01:08:49Z,M,33,available,False,BFI IMAX M 33
2026-09-26T01:08:49Z,M,32,available,False,BFI IMAX M 32
2026-09-26T01:08:49Z,M,31,available,False,BFI IMAX M 31
2026-09-26T01:08:49Z,M,30,available,False,BFI IMAX M 30
2026-09-26T01:08:49Z,M,29,available,False,BFI IMAX M 29
2026-09-26T01:08:49Z,M,28,available,False,BFI IMAX M 28
2026-09-26T01:08:49Z,M,27,sold,False,BFI IMAX M 27
2026-09-26T01:08:49Z,M,8,available,False,BFI IMAX M 8
2026-09-26T01:08:49Z,M,7,available,False,BFI IMAX M 7
2026-09-26T01:08:49Z,M,6,available,False,BFI IMAX M 6
2026-09-26T01:08:49Z,M,5,available,False,BFI IMAX M 5
2026-09-26T01:08:49Z,M,4,available,False,BFI IMAX M 4
2026-09-26T01:08:49Z,M,3,available,False,BFI IMAX M 3
2026-09-26T01:08:49Z,M,2,available,False,BFI IMAX M 2
2026-09-26T01:08:49Z,M,1,available,False,BFI IMAX M 1
2026-09-26T01:08:49Z,N,34,unavailable,False,BFI IMAX N 34
2026-09-26T01:08:49Z,N,33,unavailable,False,BFI IMAX N 33
2026-09-26T01:08:49Z,N,32,unavailable,False,BFI IMAX N 32
2026-09-26T01:08:49Z,N,31,unavailable,False,BFI IMAX N 31
2026-09-26T01:08:49Z,N,30,unavailable,False,BFI IMAX N 30
2026-09-26T01:08:49Z,N,29,unavailable,False,BFI IMAX N 29
2026-09-26T01:08:49Z,N,28,unavailable,False,BFI IMAX N 28
2026-09-26T01:08:49Z,N,27,unavailable,False,BFI IMAX N 27
2026-09-26T01:08:49Z,N,8,available,False,BFI IMAX N 8
2026-09-26T01:08:49Z,N,7,available,False,BFI IMAX N 7
2026-09-26T01:08:49Z,N,6,available,False,BFI IMAX N 6
2026-09-26T01:08:49Z,N,5,available,False,BFI IMAX N 5
2026-09-26T01:08:49Z,N,4,available,False,BFI IMAX N 4
2026-09-26T01:08:49Z,N,3,available,False,BFI IMAX N 3
2026-09-26T01:08:49Z,N,2,available,False,BFI IMAX N 2
2026-09-26T01:08:49Z,N,1,available,False,BFI IMAX N 1
2026-09-26T01:08:49Z,A,11,available,False,BFI IMAX A 11
2026-09-26T01:08:49Z,A,10,available,False,BFI IMAX A 10
2026-09-26T01:08:49Z,A,9,available,False,BFI IMAX A 9
2026-09-26T01:08:49Z,A,8,available,False,BFI IMAX A 8
2026-09-26T01:08:49Z,M,15,available,False,BFI IMAX M 15
2026-09-26T01:08:49Z,M,14,available,False,BFI IMAX M 14
2026-09-26T01:08:49Z,M,13,available,False,BFI IMAX M 13
2026-09-26T01:08:49Z,M,12,available,False,BFI IMAX M 12
2026-09-26T01:08:49Z,M,11,available,False,BFI IMAX M 11
2026-09-26T01:08:49Z,M,10,available,False,BFI IMAX M 10
2026-09-26T01:08:49Z,M,9,available,False,BFI IMAX M 9
2026-09-26T01:08:49Z,L,9,available,False,BFI IMAX L 9
2026-09-26T01:08:49Z,L,25,available,False,BFI IMAX L 25
2026-09-26T01:08:49Z,L,24,available,False,BFI IMAX L 24
2026-09-26T01:08:49Z,L,23,available,False,BFI IMAX L 23
2026-09-26T01:08:49Z,L,22,available,False,BFI IMAX L 22
2026-09-26T01:08:49Z,L,21,available,False,BFI IMAX L 21
2026-09-26T01:08:49Z,L,20,available,False,BFI IMAX L 20
2026-09-26T01:08:49Z,L,19,available,False,BFI IMAX L 19
2026-09-26T01:08:49Z,L,18,sold,False,BFI IMAX L 18
2026-09-26T01:08:49Z,L,17,sold,False,BFI IMAX L 17
2026-09-26T01:08:49Z,L,16,available,False,BFI IMAX L 16
2026-09-26T01:08:49Z,L,15,available,False,BFI IMAX L 15
2026-09-26T01:08:49Z,L,14,available,False,BFI IMAX L 14
2026-09-26T01:08:49Z,L,13,available,False,BFI IMAX L 13
2026-09-26T01:08:49Z,L,12,available,False,BFI IMAX L 12
2026-09-26T01:08:49Z,L,11,available,False,BFI IMAX L 11
2026-09-26T01:08:49Z,N,26,unavailable,False,BFI IMAX N 26
2026-09-26T01:08:49Z,N,25,unavailable,False,BFI IMAX N 25
2026-09-26T01:08:49Z,N,24,unavailable,False,BFI IMAX N 24
2026-09-26T01:08:49Z,N,23,unavailable,False,BFI IMAX N 23
2026-09-26T01:08:49Z,N,22,available,False,BFI IMAX N 22
2026-09-26T01:08:49Z,N,21,available,False,BFI IMAX N 21
2026-09-26T01:08:49Z,N,20,available,False,BFI IMAX N 20
2026-09-26T01:08:49Z,N,19,available,False,BFI IMAX N 19
2026-09-26T01:08:49Z,N,18,available,False,BFI IMAX N 18
2026-09-26T01:08:49Z,N,17,available,False,BFI IMAX N 17
2026-09-26T01:08:49Z,N,16,available,False,BFI IMAX N 16
2026-09-26T01:08:49Z,N,15,available,False,BFI IMAX N 15
2026-09-26T01:08:49Z,N,14,available,False,BFI IMAX N 14
2026-09-26T01:08:49Z,N,13,available,False,BFI IMAX N 13
2026-09-26T01:08:49Z,N,12,unavailable,False,BFI IMAX N 12
2026-09-26T01:08:49Z,N,11,unavailable,False,BFI IMAX N 11
2026-09-26T01:08:49Z,N,10,unavailable,False,BFI IMAX N 10
2026-09-26T01:08:49Z,N,9,unavailable,False,BFI IMAX N 9
2026-09-26T01:08:49Z,L,10,available,False,BFI IMAX L 10
2026-09-26T01:08:49Z,M,26,available,False,BFI IMAX M 26
2026-09-26T01:08:49Z,M,25,available,False,BFI IMAX M 25
2026-09-26T01:08:49Z,M,24,available,False,BFI IMAX M 24
2026-09-26T01:08:49Z,M,23,available,False,BFI IMAX M 23
2026-09-26T01:08:49Z,M,22,available,False,BFI IMAX M 22
2026-09-26T01:08:49Z,M,21,available,False,BFI IMAX M 21
2026-09-26T01:08:49Z,M,20,available,False,BFI IMAX M 20
2026-09-26T01:08:49Z,M,19,sold,False,BFI IMAX M 19
2026-09-26T01:08:49Z,M,18,sold,False,BFI IMAX M 18
2026-09-26T01:08:49Z,M,17,sold,False,BFI IMAX M 17
2026-09-26T01:08:49Z,M,16,available,False,BFI IMAX M 16
2026-09-26T01:08:49Z,P,27,available,True,BFI IMAX P 27
2026-09-26T01:08:49Z,P,26,unavailable,False,BFI IMAX P 26
2026-09-26T01:08:49Z,P,6,unavailable,False,BFI IMAX P 6
2026-09-26T01:08:49Z,P,5,available,True,BFI IMAX P 5
2026-09-26T01:08:49Z,P,31,unavailable,False,BFI IMAX P 31
2026-09-26T01:08:49Z,P,30,available,True,BFI IMAX P 30
2026-09-26T01:08:49Z,P,2,available,True,BFI IMAX P 2
2026-09-26T01:08:49Z,P,1,unavailable,False,BFI IMAX P 1
2026-09-26T01:08:49Z,P,21,available,False,BFI IMAX P 21
2026-09-26T01:08:49Z,P,20,available,False,BFI IMAX P 20
2026-09-26T01:08:49Z,P,19,available,False,BFI IMAX P 19
2026-09-26T01:08:49Z,P,18,available,False,BFI IMAX P 18
2026-09-26T01:08:49Z,P,17,available,False,BFI IMAX P 17
2026-09-26T01:08:49Z,P,16,available,False,BFI IMAX P 16
2026-09-26T01:08:49Z,P,15,available,False,BFI IMAX P 15
2026-09-26T01:08:49Z,P,14,available,False,BFI IMAX P 14
2026-09-26T01:08:49Z,P,13,available,False,BFI IMAX P 13
2026-09-26T01:08:49Z,P,12,available,False,BFI IMAX P 12
2026-09-26T01:08:49Z,P,11,available,False,BFI IMAX P 11
2026-09-26T01:08:49Z,P,9,available,False,BFI IMAX P 9
2026-09-26T01:08:49Z,P,8,available,False,BFI IMAX P 8
2026-09-26T01:08:49Z,P,7,available,False,BFI IMAX P 7
2026-09-26T01:08:49Z,P,10,available,False,BFI IMAX P 10
2026-09-26T01:08:49Z,P,25,available,False,BFI IMAX P 25
2026-09-26T01:08:49Z,P,24,available,False,BFI IMAX P 24
2026-09-26T01:08:49Z,P,23,available,False,BFI IMAX P 23
2026-09-26T01:08:49Z,P,22,available,False,BFI IMAX P 22
2026-09-26T01:08:49Z,Q,18,sold,False,BFI IMAX Q 18
2026-09-26T01:08:49Z,Q,17,available,False,BFI IMAX Q 17
2026-09-26T01:08:49Z,Q,16,available,False,BFI IMAX Q 16
2026-09-26T01:08:49Z,Q,15,available,False,BFI IMAX Q 15
2026-09-26T01:08:49Z,Q,14,available,False,BFI IMAX Q 14
2026-09-26T01:08:49Z,Q,13,available,False,BFI IMAX Q 13
2026-09-26T01:08:49Z,Q,12,available,False,BFI IMAX Q 12
2026-09-26T01:08:49Z,Q,11,available,False,BFI IMAX Q 11
2026-09-26T01:08:49Z,Q,10,available,False,BFI IMAX Q 10
2026-09-26T01:08:49Z,Q,9,sold,False,BFI IMAX Q 9
2026-09-26T01:08:49Z,Q,8,available,False,BFI IMAX Q 8
2026-09-26T01:08:49Z,Q,7,available,False,BFI IMAX Q 7
2026-09-26T01:08:49Z,Q,6,available,False,BFI IMAX Q 6
2026-09-26T01:08:49Z,Q,5,available,False,BFI IMAX Q 5
2026-09-26T01:08:49Z,Q,4,available,False,BFI IMAX Q 4
2026-09-26T01:08:49Z,Q,3,available,False,BFI IMAX Q 3
2026-09-26T01:08:49Z,Q,2,available,False,BFI IMAX Q 2
2026-09-26T01:08:49Z,Q,1,available,False,BFI IMAX Q 1
2026-09-26T18:16:16Z,K,27,unavailable,False,BFI IMAX K 27
2026-09-26T18:16:16Z,K,26,unavailable,False,BFI IMAX K 26
2026-09-26T18:16:16Z,P,29,available,True,BFI IMAX P 29
2026-09-26T18:16:16Z,P,28,available,True,BFI IMAX P 28
2026-09-26T18:16:16Z,P,4,available,True,BFI IMAX P 4
2026-09-26T18:16:16Z,P,3,available,True,BFI IMAX P 3
2026-09-26T18:16:16Z,A,7,available,False,BFI IMAX A 7
2026-09-26T18:16:16Z,A,6,available,False,BFI IMAX A 6
2026-09-26T18:16:16Z,A,5,available,False,BFI IMAX A 5
2026-09-26T18:16:16Z,A,4,available,False,BFI IMAX A 4
2026-09-26T18:16:16Z,A,3,available,False,BFI IMAX A 3
2026-09-26T18:16:16Z,A,2,available,False,BFI IMAX A 2
2026-09-26T18:16:16Z,A,1,available,False,BFI IMAX A 1
2026-09-26T18:16:16Z,B,36,available,False,BFI IMAX B 36
2026-09-26T18:16:16Z,B,35,available,False,BFI IMAX B 35
2026-09-26T18:16:16Z,B,34,available,False,BFI IMAX B 34
2026-09-26T18:16:16Z,B,33,available,False,BFI IMAX B 33
2026-09-26T18:16:16Z,B,32,available,False,BFI IMAX B 32
2026-09-26T18:16:16Z,B,31,available,False,BFI IMAX B 31
2026-09-26T18:16:16Z,B,30,available,False,BFI IMAX B 30
2026-09-26T18:16:16Z,B,29,available,False,BFI IMAX B 29
2026-09-26T18:16:16Z,B,28,available,False,BFI IMAX B 28
2026-09-26T18:16:16Z,B,27,available,False,BFI IMAX B 27
2026-09-26T18:16:16Z,B,26,available,False,BFI IMAX B 26
2026-09-26T18:16:16Z,B,25,available,False,BFI IMAX B 25
2026-09-26T18:16:16Z,B,24,available,False,BFI IMAX B 24
2026-09-26T18:16:16Z,B,23,available,False,BFI IMAX B 23
2026-09-26T18:16:16Z,B,22,available,False,BFI IMAX B 22
2026-09-26T18:16:16Z,B,21,available,False,BFI IMAX B 21
2026-09-26T18:16:16Z,B,20,available,False,BFI IMAX B 20
2026-09-26T18:16:16Z,B,19,available,False,BFI IMAX B 19
2026-09-26T18:16:16Z,B,18,available,False,BFI IMAX B 18
2026-09-26T18:16:16Z,B,17,available,False,BFI IMAX B 17
2026-09-26T18:16:16Z,B,16,available,False,BFI IMAX B 16
2026-09-26T18:16:16Z,B,15,available,False,BFI IMAX B 15
2026-09-26T18:16:16Z,B,14,available,False,BFI IMAX B 14
2026-09-26T18:16:16Z,B,13,available,False,BFI IMAX B 13
2026-09-26T18:16:16Z,B,12,available,False,BFI IMAX B 12
2026-09-26T18:16:16Z,B,11,available,False,BFI IMAX B 11
2026-09-26T18:16:16Z,B,10,available,False,BFI IMAX B 10
2026-09-26T18:16:16Z,B,9,available,False,BFI IMAX B 9
2026-09-26T18:16:16Z,B,8,available,False,BFI IMAX B 8
2026-09-26T18:16:16Z,B,7,available,False,BFI IMAX B 7
2026-09-26T18:16:16Z,B,6,available,False,BFI IMAX B 6
2026-09-26T18:16:16Z,B,5,available,False,BFI IMAX B 5
2026-09-26T18:16:16Z,B,4,available,False,BFI IMAX B 4
2026-09-26T18:16:16Z,B,3,available,False,BFI IMAX B 3
2026-09-26T18:16:16Z,B,2,available,False,BFI IMAX B 2
2026-09-26T18:16:16Z,B,1,available,False,BFI IMAX B 1
2026-09-26T18:16:16Z,C,36,available,False,BFI IMAX C 36
2026-09-26T18:16:16Z,C,35,available,False,BFI IMAX C 35
2026-09-26T18:16:16Z,C,34,available,False,BFI IMAX C 34
2026-09-26T18:16:16Z,C,33,available,False,BFI IMAX C 33
2026-09-26T18:16:16Z,C,32,available,False,BFI IMAX C 32
2026-09-26T18:16:16Z,C,31,available,False,BFI IMAX C 31
2026-09-26T18:16:16Z,C,30,available,False,BFI IMAX C 30
2026-09-26T18:16:16Z,C,29,available,False,BFI IMAX C 29
2026-09-26T18:16:16Z,C,28,available,False,BFI IMAX C 28
2026-09-26T18:16:16Z,C,27,available,False,BFI IMAX C 27
2026-09-26T18:16:16Z,C,26,available,False,BFI IMAX C 26
2026-09-26T18:16:16Z,C,25,sold,False,BFI IMAX C 25
2026-09-26T18:16:16Z,C,24,available,False,BFI IMAX C 24
2026-09-26T18:16:16Z,C,23,available,False,BFI IMAX C 23
2026-09-26T18:16:16Z,C,22,available,False,BFI IMAX C 22
2026-09-26T18:16:16Z,C,21,available,False,BFI IMAX C 21
2026-09-26T18:16:16Z,C,20,available,False,BFI IMAX C 20
2026-09-26T18:16:16Z,C,19,available,False,BFI IMAX C 19
2026-09-26T18:16:16Z,C,18,available,False,BFI IMAX C 18
2026-09-26T18:16:16Z,C,17,available,False,BFI IMAX C 17
2026-09-26T18:16:16Z,C,16,available,False,BFI IMAX C 16
2026-09-26T18:16:16Z,C,15,available,False,BFI IMAX C 15
2026-09-26T18:16:16Z,C,14,available,False,BFI IMAX C 14
2026-09-26T18:16:16Z,C,13,available,False,BFI IMAX C 13
2026-09-26T18:16:16Z,C,12,available,False,BFI IMAX C 12
2026-09-26T18:16:16Z,C,11,available,False,BFI IMAX C 11
2026-09-26T18:16:16Z,C,10,available,False,BFI IMAX C 10
2026-09-26T18:16:16Z,C,9,available,False,BFI IMAX C 9
2026-09-26T18:16:16Z,C,8,available,False,BFI IMAX C 8
2026-09-26T18:16:16Z,C,7,available,False,BFI IMAX C 7
2026-09-26T18:16:16Z,C,6,available,False,BFI IMAX C 6
2026-09-26T18:16:16Z,C,5,available,False,BFI IMAX C 5
2026-09-26T18:16:16Z,C,4,available,False,BFI IMAX C 4
2026-09-26T18:16:16Z,C,3,available,False,BFI IMAX C 3
2026-09-26T18:16:16Z,C,2,available,False,BFI IMAX C 2
2026-09-26T18:16:16Z,C,1,available,False,BFI IMAX C 1
2026-09-26T18:16:16Z,D,37,available,False,BFI IMAX D 37
2026-09-26T18:16:16Z,D,36,available,False,BFI IMAX D 36
2026-09-26T18:16:16Z,D,35,available,False,BFI IMAX D 35
2026-09-26T18:16:16Z,D,34,available,False,BFI IMAX D 34
2026-09-26T18:16:16Z,D,33,available,False,BFI IMAX D 33
2026-09-26T18:16:16Z,D,32,available,False,BFI IMAX D 32
2026-09-26T18:16:16Z,D,31,available,False,BFI IMAX D 31
2026-09-26T18:16:16Z,D,30,available,False,BFI IMAX D 30
2026-09-26T18:16:16Z,D,29,available,False,BFI IMAX D 29
2026-09-26T18:16:16Z,D,28,available,False,BFI IMAX D 28
2026-09-26T18:16:16Z,D,27,available,False,BFI IMAX D 27
2026-09-26T18:16:16Z,D,26,available,False,BFI IMAX D 26
2026-09-26T18:16:16Z,D,25,available,False,BFI IMAX D 25
2026-09-26T18:16:16Z,D,24,available,False,BFI IMAX D 24
2026-09-26T18:16:16Z,D,23,available,False,BFI IMAX D 23
2026-09-26T18:16:16Z,D,22,available,False,BFI IMAX D 22
2026-09-26T18:16:16Z,D,21,available,False,BFI IMAX D 21
2026-09-26T18:16:16Z,D,20,available,False,BFI IMAX D 20
2026-09-26T18:16:16Z,D,19,available,False,BFI IMAX D 19
2026-09-26T18:16:16Z,D,18,available,False,BFI IMAX D 18
2026-09-26T18:16:16Z,D,17,available,False,BFI IMAX D 17
2026-09-26T18:16:16Z,D,16,available,False,BFI IMAX D 16
2026-09-26T18:16:16Z,D,15,available,False,BFI IMAX D 15
2026-09-26T18:16:16Z,D,14,available,False,BFI IMAX D 14
2026-09-26T18:16:16Z,D,13,available,False,BFI IMAX D 13
2026-09-26T18:16:16Z,D,12,available,False,BFI IMAX D 12
2026-09-26T18:16:16Z,D,11,available,False,BFI IMAX D 11
2026-09-26T18:16:16Z,D,10,available,False,BFI IMAX D 10
2026-09-26T18:16:16Z,D,9,available,False,BFI IMAX D 9
2026-09-26T18:16:16Z,D,8,available,False,BFI IMAX D 8
2026-09-26T18:16:16Z,D,7,available,False,BFI IMAX D 7
2026-09-26T18:16:16Z,D,6,available,False,BFI IMAX D 6
2026-09-26T18:16:16Z,D,5,available,False,BFI IMAX D 5
2026-09-26T18:16:16Z,D,4,available,False,BFI IMAX D 4
2026-09-26T18:16:16Z,D,3,available,False,BFI IMAX D 3
2026-09-26T18:16:16Z,D,2,available,False,BFI IMAX D 2
2026-09-26T18:16:16Z,D,1,available,False,BFI IMAX D 1
2026-09-26T18:16:16Z,E,37,available,False,BFI IMAX E 37
2026-09-26T18:16:16Z,E,36,available,False,BFI IMAX E 36
2026-09-26T18:16:16Z,E,35,available,False,BFI IMAX E 35
2026-09-26T18:16:16Z,E,34,available,False,BFI IMAX E 34
2026-09-26T18:16:16Z,E,33,available,False,BFI IMAX E 33
2026-09-26T18:16:16Z,E,32,available,False,BFI IMAX E 32
2026-09-26T18:16:16Z,E,31,available,False,BFI IMAX E 31
2026-09-26T18:16:16Z,E,30,available,False,BFI IMAX E 30
2026-09-26T18:16:16Z,E,29,available,False,BFI IMAX E 29
2026-09-26T18:16:16Z,E,28,available,False,BFI IMAX E 28
2026-09-26T18:16:16Z,E,27,available,False,BFI IMAX E 27
2026-09-26T18:16:16Z,E,26,available,False,BFI IMAX E 26
2026-09-26T18:16:16Z,E,25,available,False,BFI IMAX E 25
2026-09-26T18:16:16Z,E,24,available,False,BFI IMAX E 24
2026-09-26T18:16:16Z,E,23,available,False,BFI IMAX E 23
2026-09-26T18:16:16Z,E,22,available,False,BFI IMAX E 22
2026-09-26T18:16:16Z,E,21,available,False,BFI IMAX E 21
2026-09-26T18:16:16Z,E,20,available,False,BFI IMAX E 20
2026-09-26T18:16:16Z,E,19,available,False,BFI IMAX E 19
2026-09-26T18:16:16Z,E,18,available,False,BFI IMAX E 18
2026-09-26T18:16:16Z,E,17,available,False,BFI IMAX E 17
2026-09-26T18:16:16Z,E,16,available,False,BFI IMAX E 16
2026-09-26T18:16:16Z,E,15,available,False,BFI IMAX E 15
2026-09-26T18:16:16Z,E,14,available,False,BFI IMAX E 14
2026-09-26T18:16:16Z,E,13,available,False,BFI IMAX E 13
2026-09-26T18:16:16Z,E,12,available,False,BFI IMAX E 12
2026-09-26T18:16:16Z,E,11,available,False,BFI IMAX E 11
2026-09-26T18:16:16Z,E,10,available,False,BFI IMAX E 10
2026-09-26T18:16:16Z,E,9,available,False,BFI IMAX E 9
2026-09-26T18:16:16Z,E,8,available,False,BFI IMAX E 8
2026-09-26T18:16:16Z,E,7,available,False,BFI IMAX E 7
2026-09-26T18:16:16Z,E,6,available,False,BFI IMAX E 6
2026-09-26T18:16:16Z,E,5,available,False,BFI IMAX E 5
2026-09-26T18:16:16Z,E,4,available,False,BFI IMAX E 4
2026-09-26T18:16:16Z,E,3,available,False,BFI IMAX E 3
2026-09-26T18:16:16Z,E,2,available,False,BFI IMAX E 2
2026-09-26T18:16:16Z,E,1,available,False,BFI IMAX E 1
2026-09-26T18:16:16Z,F,38,available,False,BFI IMAX F 38
2026-09-26T18:16:16Z,F,37,available,False,BFI IMAX F 37
2026-09-26T18:16:16Z,F,36,available,False,BFI IMAX F 36
2026-09-26T18:16:16Z,F,35,available,False,BFI IMAX F 35
2026-09-26T18:16:16Z,F,34,available,False,BFI IMAX F 34
2026-09-26T18:16:16Z,F,33,available,False,BFI IMAX F 33
2026-09-26T18:16:16Z,F,32,available,False,BFI IMAX F 32
2026-09-26T18:16:16Z,F,31,available,False,BFI IMAX F 31
2026-09-26T18:16:16Z,F,30,available,False,BFI IMAX F 30
2026-09-26T18:16:16Z,F,29,available,False,BFI IMAX F 29
2026-09-26T18:16:16Z,F,28,available,False,BFI IMAX F 28
2026-09-26T18:16:16Z,F,27,available,False,BFI IMAX F 27
2026-09-26T18:16:16Z,F,26,available,False,BFI IMAX F 26
2026-09-26T18:16:16Z,F,25,available,False,BFI IMAX F 25
2026-09-26T18:16:16Z,F,24,available,False,BFI IMAX F 24
2026-09-26T18:16:16Z,F,23,available,False,BFI IMAX F 23
2026-09-26T18:16:16Z,F,22,available,False,BFI IMAX F 22
2026-09-26T18:16:16Z,F,21,available,False,BFI IMAX F 21
2026-09-26T18:16:16Z,F,20,available,False,BFI IMAX F 20
2026-09-26T18:16:16Z,F,19,available,False,BFI IMAX F 19
2026-09-26T18:16:16Z,F,18,available,False,BFI IMAX F 18
2026-09-26T18:16:16Z,F,17,available,False,BFI IMAX F 17
2026-09-26T18:16:16Z,F,16,available,False,BFI IMAX F 16
2026-09-26T18:16:16Z,F,15,available,False,BFI IMAX F 15
2026-09-26T18:16:16Z,F,14,available,False,BFI IMAX F 14
2026-09-26T18:16:16Z,F,13,available,False,BFI IMAX F 13
2026-09-26T18:16:16Z,F,12,available,False,BFI IMAX F 12
2026-09-26T18:16:16Z,F,11,available,False,BFI IMAX F 11
2026-09-26T18:16:16Z,F,10,available,False,BFI IMAX F 10
2026-09-26T18:16:16Z,F,9,available,False,BFI IMAX F 9
2026-09-26T18:16:16Z,F,8,available,False,BFI IMAX F 8
2026-09-26T18:16:16Z,F,7,available,False,BFI IMAX F 7
2026-09-26T18:16:16Z,F,6,available,False,BFI IMAX F 6
2026-09-26T18:16:16Z,F,5,available,False,BFI IMAX F 5
2026-09-26T18:16:16Z,F,4,available,False,BFI IMAX F 4
2026-09-26T18:16:16Z,F,3,available,False,BFI IMAX F 3
2026-09-26T18:16:16Z,F,2,available,False,BFI IMAX F 2
2026-09-26T18:16:16Z,F,1,available,False,BFI IMAX F 1
2026-09-26T18:16:16Z,G,37,available,False,BFI IMAX G 37
2026-09-26T18:16:16Z,G,36,available,False,BFI IMAX G 36
2026-09-26T18:16:16Z,G,35,available,False,BFI IMAX G 35
2026-09-26T18:16:16Z,G,34,available,False,BFI IMAX G 34
2026-09-26T18:16:16Z,G,33,available,False,BFI IMAX G 33
2026-09-26T18:16:16Z,G,32,available,False,BFI IMAX G 32
2026-09-26T18:16:16Z,G,31,available,False,BFI IMAX G 31
2026-09-26T18:16:16Z,G,30,available,False,BFI IMAX G 30
2026-09-26T18:16:16Z,G,29,available,False,BFI IMAX G 29
2026-09-26T18:16:16Z,G,28,available,False,BFI IMAX G 28
2026-09-26T18:16:16Z,G,27,available,False,BFI IMAX G 27
2026-09-26T18:16:16Z,G,26,available,False,BFI IMAX G 26
2026-09-26T18:16:16Z,G,25,available,False,BFI IMAX G 25
2026-09-26T18:16:16Z,G,24,available,False,BFI IMAX G 24
2026-09-26T18:16:16Z,G,23,available,False,BFI IMAX G 23
2026-09-26T18:16:16Z,G,22,available,False,BFI IMAX G 22
2026-09-26T18:16:16Z,G,21,available,False,BFI IMAX G 21
2026-09-26T18:16:16Z,G,20,available,False,BFI IMAX G 20
2026-09-26T18:16:16Z,G,19,available,False,BFI IMAX G 19
2026-09-26T18:16:16Z,G,18,available,False,BFI IMAX G 18
2026-09-26T18:16:16Z,G,17,available,False,BFI IMAX G 17
2026-09-26T18:16:16Z,G,16,available,False,BFI IMAX G 16
2026-09-26T18:16:16Z,G,15,available,False,BFI IMAX G 15
2026-09-26T18:16:16Z,G,14,available,False,BFI IMAX G 14
2026-09-26T18:16:16Z,G,13,available,False,BFI IMAX G 13
2026-09-26T18:16:16Z,G,12,available,False,BFI IMAX G 12
2026-09-26T18:16:16Z,G,11,available,False,BFI IMAX G 11
2026-09-26T18:16:16Z,G,10,available,False,BFI IMAX G 10
2026-09-26T18:16:16Z,G,9,available,False,BFI IMAX G 9
2026-09-26T18:16:16Z,G,8,available,False,BFI IMAX G 8
2026-09-26T18:16:16Z,G,7,available,False,BFI IMAX G 7
2026-09-26T18:16:16Z,G,6,available,False,BFI IMAX G 6
2026-09-26T18:16:16Z,G,5,available,False,BFI IMAX G 5
2026-09-26T18:16:16Z,G,4,available,False,BFI IMAX G 4
2026-09-26T18:16:16Z,G,3,available,False,BFI IMAX G 3
2026-09-26T18:16:16Z,G,2,available,False,BFI IMAX G 2
2026-09-26T18:16:16Z,G,1,available,False,BFI IMAX G 1
2026-09-26T18:16:16Z,H,37,available,False,BFI IMAX H 37
2026-09-26T18:16:16Z,H,36,available,False,BFI IMAX H 36
2026-09-26T18:16:16Z,H,35,available,False,BFI IMAX H 35
2026-09-26T18:16:16Z,H,34,available,False,BFI IMAX H 34
2026-09-26T18:16:16Z,H,33,available,False,BFI IMAX H 33
2026-09-26T18:16:16Z,H,32,available,False,BFI IMAX H 32
2026-09-26T18:16:16Z,H,31,available,False,BFI IMAX H 31
2026-09-26T18:16:16Z,H,30,available,False,BFI IMAX H 30
2026-09-26T18:16:16Z,H,29,available,False,BFI IMAX H 29
2026-09-26T18:16:16Z,H,28,available,False,BFI IMAX H 28
2026-09-26T18:16:16Z,H,27,available,False,BFI IMAX H 27
2026-09-26T18:16:16Z,H,26,available,False,BFI IMAX H 26
2026-09-26T18:16:16Z,H,25,available,False,BFI IMAX H 25
2026-09-26T18:16:16Z,H,24,available,False,BFI IMAX H 24
2026-09-26T18:16:16Z,H,23,available,False,BFI IMAX H 23
2026-09-26T18:16:16Z,H,22,available,False,BFI IMAX H 22
2026-09-26T18:16:16Z,H,21,available,False,BFI IMAX H 21
2026-09-26T18:16:16Z,H,20,available,False,BFI IMAX H 20
2026-09-26T18:16:16Z,H,19,available,False,BFI IMAX H 19
2026-09-26T18:16:16Z,H,18,available,False,BFI IMAX H 18
2026-09-26T18:16:16Z,H,17,available,False,BFI IMAX H 17
2026-09-26T18:16:16Z,H,16,available,False,BFI IMAX H 16
2026-09-26T18:16:16Z,H,15,available,False,BFI IMAX H 15
2026-09-26T18:16:16Z,H,14,available,False,BFI IMAX H 14
2026-09-26T18:16:16Z,H,13,available,False,BFI IMAX H 13
2026-09-26T18:16:16Z,H,12,available,False,BFI IMAX H 12
2026-09-26T18:16:16Z,H,11,available,False,BFI IMAX H 11
2026-09-26T18:16:16Z,H,10,available,False,BFI IMAX H 10
2026-09-26T18:16:16Z,H,9,available,False,BFI IMAX H 9
2026-09-26T18:16:16Z,H,8,available,False,BFI IMAX H 8
2026-09-26T18:16:16Z,H,7,available,False,BFI IMAX H 7
2026-09-26T18:16:16Z,H,6,available,False,BFI IMAX H 6
2026-09-26T18:16:16Z,H,5,available,False,BFI IMAX H 5
2026-09-26T18:16:16Z,H,4,available,False,BFI IMAX H 4
2026-09-26T18:16:16Z,H,3,available,False,BFI IMAX H 3
2026-09-26T18:16:16Z,H,2,available,False,BFI IMAX H 2
2026-09-26T18:16:16Z,H,1,available,False,BFI IMAX H 1
2026-09-26T18:16:16Z,J,36,available,False,BFI IMAX J 36
2026-09-26T18:16:16Z,J,35,available,False,BFI IMAX J 35
2026-09-26T18:16:16Z,J,34,available,False,BFI IMAX J 34
2026-09-26T18:16:16Z,J,33,available,False,BFI IMAX J 33
2026-09-26T18:16:16Z,J,32,available,False,BFI IMAX J 32
2026-09-26T18:16:16Z,J,31,available,False,BFI IMAX J 31
2026-09-26T18:16:16Z,J,30,available,False,BFI IMAX J 30
2026-09-26T18:16:16Z,J,29,available,False,BFI IMAX J 29
2026-09-26T18:16:16Z,J,28,available,False,BFI IMAX J 28
2026-09-26T18:16:16Z,J,27,available,False,BFI IMAX J 27
2026-09-26T18:16:16Z,J,26,available,False,BFI IMAX J 26
2026-09-26T18:16:16Z,J,25,available,False,BFI IMAX J 25
2026-09-26T18:16:16Z,J,24,available,False,BFI IMAX J 24
2026-09-26T18:16:16Z,J,23,available,False,BFI IMAX J 23
2026-09-26T18:16:16Z,J,22,available,False,BFI IMAX J 22
2026-09-26T18:16:16Z,J,21,available,False,BFI IMAX J 21
2026-09-26T18:16:16Z,J,20,available,False,BFI IMAX J 20
2026-09-26T18:16:16Z,J,19,available,False,BFI IMAX J 19
2026-09-26T18:16:16Z,J,18,available,False,BFI IMAX J 18
2026-09-26T18:16:16Z,J,17,available,False,BFI IMAX J 17
2026-09-26T18:16:16Z,J,16,available,False,BFI IMAX J 16
2026-09-26T18:16:16Z,J,15,available,False,BFI IMAX J 15
2026-09-26T18:16:16Z,J,14,available,False,BFI IMAX J 14
2026-09-26T18:16:16Z,J,13,available,False,BFI IMAX J 13
2026-09-26T18:16:16Z,J,12,available,False,BFI IMAX J 12
2026-09-26T18:16:16Z,J,11,available,False,BFI IMAX J 11
2026-09-26T18:16:16Z,J,10,available,False,BFI IMAX J 10
2026-09-26T18:16:16Z,J,9,available,False,BFI IMAX J 9
2026-09-26T18:16:16Z,J,8,available,False,BFI IMAX J 8
2026-09-26T18:16:16Z,J,7,available,False,BFI IMAX J 7
2026-09-26T18:16:16Z,J,6,available,False,BFI IMAX J 6
2026-09-26T18:16:16Z,J,5,available,False,BFI IMAX J 5
2026-09-26T18:16:16Z,J,4,available,False,BFI IMAX J 4
2026-09-26T18:16:16Z,J,3,available,False,BFI IMAX J 3
2026-09-26T18:16:16Z,J,2,available,False,BFI IMAX J 2
2026-09-26T18:16:16Z,J,1,available,False,BFI IMAX J 1
2026-09-26T18:16:16Z,K,36,available,False,BFI IMAX K 36
2026-09-26T18:16:16Z,K,35,available,False,BFI IMAX K 35
2026-09-26T18:16:16Z,K,34,available,False,BFI IMAX K 34
2026-09-26T18:16:16Z,K,33,available,False,BFI IMAX K 33
2026-09-26T18:16:16Z,K,32,available,False,BFI IMAX K 32
2026-09-26T18:16:16Z,K,31,available,False,BFI IMAX K 31
2026-09-26T18:16:16Z,K,30,available,False,BFI IMAX K 30
2026-09-26T18:16:16Z,K,29,available,False,BFI IMAX K 29
2026-09-26T18:16:16Z,K,28,available,False,BFI IMAX K 28
2026-09-26T18:16:16Z,A,13,available,False,BFI IMAX A 13
2026-09-26T18:16:16Z,A,12,available,False,BFI IMAX A 12
2026-09-26T18:16:16Z,K,25,available,False,BFI IMAX K 25
2026-09-26T18:16:16Z,K,24,available,False,BFI IMAX K 24
2026-09-26T18:16:16Z,K,23,available,False,BFI IMAX K 23
2026-09-26T18:16:16Z,K,22,available,False,BFI IMAX K 22
2026-09-26T18:16:16Z,K,21,available,False,BFI IMAX K 21
2026-09-26T18:16:16Z,K,20,available,False,BFI IMAX K 20
2026-09-26T18:16:16Z,K,19,sold,False,BFI IMAX K 19
2026-09-26T18:16:16Z,K,18,available,False,BFI IMAX K 18
2026-09-26T18:16:16Z,K,17,available,False,BFI IMAX K 17
2026-09-26T18:16:16Z,K,16,available,False,BFI IMAX K 16
2026-09-26T18:16:16Z,K,15,available,False,BFI IMAX K 15
2026-09-26T18:16:16Z,K,14,available,False,BFI IMAX K 14
2026-09-26T18:16:16Z,K,13,available,False,BFI IMAX K 13
2026-09-26T18:16:16Z,K,12,available,False,BFI IMAX K 12
2026-09-26T18:16:16Z,K,11,available,False,BFI IMAX K 11
2026-09-26T18:16:16Z,K,10,available,False,BFI IMAX K 10
2026-09-26T18:16:16Z,K,9,available,False,BFI IMAX K 9
2026-09-26T18:16:16Z,K,8,available,False,BFI IMAX K 8
2026-09-26T18:16:16Z,K,7,available,False,BFI IMAX K 7
2026-09-26T18:16:16Z,K,6,available,False,BFI IMAX K 6
2026-09-26T18:16:16Z,K,5,available,False,BFI IMAX K 5
2026-09-26T18:16:16Z,K,4,available,False,BFI IMAX K 4
2026-09-26T18:16:16Z,K,3,available,False,BFI IMAX K 3
2026-09-26T18:16:16Z,K,2,available,False,BFI IMAX K 2
2026-09-26T18:16:16Z,K,1,available,False,BFI IMAX K 1
2026-09-26T18:16:16Z,L,33,available,False,BFI IMAX L 33
2026-09-26T18:16:16Z,L,32,available,False,BFI IMAX L 32
2026-09-26T18:16:16Z,L,31,available,False,BFI IMAX L 31
2026-09-26T18:16:16Z,L,30,available,False,BFI IMAX L 30
2026-09-26T18:16:16Z,L,29,available,False,BFI IMAX L 29
2026-09-26T18:16:16Z,L,28,available,False,BFI IMAX L 28
2026-09-26T18:16:16Z,L,27,available,False,BFI IMAX L 27
2026-09-26T18:16:16Z,L,26,available,False,BFI IMAX L 26
2026-09-26T18:16:16Z,L,8,available,False,BFI IMAX L 8
2026-09-26T18:16:16Z,L,7,available,False,BFI IMAX L 7
2026-09-26T18:16:16Z,L,6,available,False,BFI IMAX L 6
2026-09-26T18:16:16Z,L,5,available,False,BFI IMAX L 5
2026-09-26T18:16:16Z,L,4,available,False,BFI IMAX L 4
2026-09-26T18:16:16Z,L,3,available,False,BFI IMAX L 3
2026-09-26T18:16:16Z,L,2,available,False,BFI IMAX L 2
2026-09-26T18:16:16Z,L,1,available,False,BFI IMAX L 1
2026-09-26T18:16:16Z,M,34,available,False,BFI IMAX M 34
2026-09-26T18:16:16Z,M,33,available,False,BFI IMAX M 33
2026-09-26T18:16:16Z,M,32,available,False,BFI IMAX M 32
2026-09-26T18:16:16Z,M,31,available,False,BFI IMAX M 31
2026-09-26T18:16:16Z,M,30,available,False,BFI IMAX M 30
2026-09-26T18:16:16Z,M,29,available,False,BFI IMAX M 29
2026-09-26T18:16:16Z,M,28,available,False,BFI IMAX M 28
2026-09-26T18:16:16Z,M,27,sold,False,BFI IMAX M 27
2026-09-26T18:16:16Z,M,8,available,False,BFI IMAX M 8
2026-09-26T18:16:16Z,M,7,available,False,BFI IMAX M 7
2026-09-26T18:16:16Z,M,6,available,False,BFI IMAX M 6
2026-09-26T18:16:16Z,M,5,available,False,BFI IMAX M 5
2026-09-26T18:16:16Z,M,4,available,False,BFI IMAX M 4
2026-09-26T18:16:16Z,M,3,available,False,BFI IMAX M 3
2026-09-26T18:16:16Z,M,2,available,False,BFI IMAX M 2
2026-09-26T18:16:16Z,M,1,available,False,BFI IMAX M 1
2026-09-26T18:16:16Z,N,34,unavailable,False,BFI IMAX N 34
2026-09-26T18:16:16Z,N,33,unavailable,False,BFI IMAX N 33
2026-09-26T18:16:16Z,N,32,unavailable,False,BFI IMAX N 32
2026-09-26T18:16:16Z,N,31,unavailable,False,BFI IMAX N 31
2026-09-26T18:16:16Z,N,30,unavailable,False,BFI IMAX N 30
2026-09-26T18:16:16Z,N,29,unavailable,False,BFI IMAX N 29
2026-09-26T18:16:16Z,N,28,unavailable,False,BFI IMAX N 28
2026-09-26T18:16:16Z,N,27,unavailable,False,BFI IMAX N 27
2026-09-26T18:16:16Z,N,8,available,False,BFI IMAX N 8
2026-09-26T18:16:16Z,N,7,available,False,BFI IMAX N 7
2026-09-26T18:16:16Z,N,6,available,False,BFI IMAX N 6
2026-09-26T18:16:16Z,N,5,available,False,BFI IMAX N 5
2026-09-26T18:16:16Z,N,4,available,False,BFI IMAX N 4
2026-09-26T18:16:16Z,N,3,available,False,BFI IMAX N 3
2026-09-26T18:16:16Z,N,2,available,False,BFI IMAX N 2
2026-09-26T18:16:16Z,N,1,available,False,BFI IMAX N 1
2026-09-26T18:16:16Z,A,11,available,False,BFI IMAX A 11
2026-09-26T18:16:16Z,A,10,available,False,BFI IMAX A 10
2026-09-26T18:16:16Z,A,9,available,False,BFI IMAX A 9
2026-09-26T18:16:16Z,A,8,available,False,BFI IMAX A 8
2026-09-26T18:16:16Z,M,15,available,False,BFI IMAX M 15
2026-09-26T18:16:16Z,M,14,available,False,BFI IMAX M 14
2026-09-26T18:16:16Z,M,13,available,False,BFI IMAX M 13
2026-09-26T18:16:16Z,M,12,available,False,BFI IMAX M 12
2026-09-26T18:16:16Z,M,11,available,False,BFI IMAX M 11
2026-09-26T18:16:16Z,M,10,available,False,BFI IMAX M 10
2026-09-26T18:16:16Z,M,9,available,False,BFI IMAX M 9
2026-09-26T18:16:16Z,L,9,available,False,BFI IMAX L 9
2026-09-26T18:16:16Z,L,25,available,False,BFI IMAX L 25
2026-09-26T18:16:16Z,L,24,available,False,BFI IMAX L 24
2026-09-26T18:16:16Z,L,23,available,False,BFI IMAX L 23
2026-09-26T18:16:16Z,L,22,available,False,BFI IMAX L 22
2026-09-26T18:16:16Z,L,21,available,False,BFI IMAX L 21
2026-09-26T18:16:16Z,L,20,available,False,BFI IMAX L 20
2026-09-26T18:16:16Z,L,19,available,False,BFI IMAX L 19
2026-09-26T18:16:16Z,L,18,sold,False,BFI IMAX L 18
2026-09-26T18:16:16Z,L,17,sold,False,BFI IMAX L 17
2026-09-26T18:16:16Z,L,16,available,False,BFI IMAX L 16
2026-09-26T18:16:16Z,L,15,available,False,BFI IMAX L 15
2026-09-26T18:16:16Z,L,14,available,False,BFI IMAX L 14
2026-09-26T18:16:16Z,L,13,available,False,BFI IMAX L 13
2026-09-26T18:16:16Z,L,12,available,False,BFI IMAX L 12
2026-09-26T18:16:16Z,L,11,available,False,BFI IMAX L 11
2026-09-26T18:16:16Z,N,26,unavailable,False,BFI IMAX N 26
2026-09-26T18:16:16Z,N,25,unavailable,False,BFI IMAX N 25
2026-09-26T18:16:16Z,N,24,unavailable,False,BFI IMAX N 24
2026-09-26T18:16:16Z,N,23,unavailable,False,BFI IMAX N 23
2026-09-26T18:16:16Z,N,22,available,False,BFI IMAX N 22
2026-09-26T18:16:16Z,N,21,available,False,BFI IMAX N 21
2026-09-26T18:16:16Z,N,20,available,False,BFI IMAX N 20
2026-09-26T18:16:16Z,N,19,available,False,BFI IMAX N 19
2026-09-26T18:16:16Z,N,18,available,False,BFI IMAX N 18
2026-09-26T18:16:16Z,N,17,available,False,BFI IMAX N 17
2026-09-26T18:16:16Z,N,16,available,False,BFI IMAX N 16
2026-09-26T18:16:16Z,N,15,available,False,BFI IMAX N 15
2026-09-26T18:16:16Z,N,14,available,False,BFI IMAX N 14
2026-09-26T18:16:16Z,N,13,available,False,BFI IMAX N 13
2026-09-26T18:16:16Z,N,12,unavailable,False,BFI IMAX N 12
2026-09-26T18:16:16Z,N,11,unavailable,False,BFI IMAX N 11
2026-09-26T18:16:16Z,N,10,unavailable,False,BFI IMAX N 10
2026-09-26T18:16:16Z,N,9,unavailable,False,BFI IMAX N 9
2026-09-26T18:16:16Z,L,10,available,False,BFI IMAX L 10
2026-09-26T18:16:16Z,M,26,available,False,BFI IMAX M 26
2026-09-26T18:16:16Z,M,25,available,False,BFI IMAX M 25
2026-09-26T18:16:16Z,M,24,available,False,BFI IMAX M 24
2026-09-26T18:16:16Z,M,23,available,False,BFI IMAX M 23
2026-09-26T18:16:16Z,M,22,available,False,BFI IMAX M 22
2026-09-26T18:16:16Z,M,21,available,False,BFI IMAX M 21
2026-09-26T18:16:16Z,M,20,available,False,BFI IMAX M 20
2026-09-26T18:16:16Z,M,19,sold,False,BFI IMAX M 19
2026-09-26T18:16:16Z,M,18,sold,False,BFI IMAX M 18
2026-09-26T18:16:16Z,M,17,sold,False,BFI IMAX M 17
2026-09-26T18:16:16Z,M,16,available,False,BFI IMAX M 16
2026-09-26T18:16:16Z,P,27,available,True,BFI IMAX P 27
2026-09-26T18:16:16Z,P,26,unavailable,False,BFI IMAX P 26
2026-09-26T18:16:16Z,P,6,unavailable,False,BFI IMAX P 6
2026-09-26T18:16:16Z,P,5,available,True,BFI IMAX P 5
2026-09-26T18:16:16Z,P,31,unavailable,False,BFI IMAX P 31
2026-09-26T18:16:16Z,P,30,available,True,BFI IMAX P 30
2026-09-26T18:16:16Z,P,2,available,True,BFI IMAX P 2
2026-09-26T18:16:16Z,P,1,unavailable,False,BFI IMAX P 1
2026-09-26T18:16:16Z,P,21,available,False,BFI IMAX P 21
2026-09-26T18:16:16Z,P,20,available,False,BFI IMAX P 20
2026-09-26T18:16:16Z,P,19,available,False,BFI IMAX P 19
2026-09-26T18:16:16Z,P,18,available,False,BFI IMAX P 18
2026-09-26T18:16:16Z,P,17,available,False,BFI IMAX P 17
2026-09-26T18:16:16Z,P,16,available,False,BFI IMAX P 16
2026-09-26T18:16:16Z,P,15,available,False,BFI IMAX P 15
2026-09-26T18:16:16Z,P,14,available,False,BFI IMAX P 14
2026-09-26T18:16:16Z,P,13,available,False,BFI IMAX P 13
2026-09-26T18:16:16Z,P,12,available,False,BFI IMAX P 12
2026-09-26T18:16:16Z,P,11,available,False,BFI IMAX P 11
2026-09-26T18:16:16Z,P,9,available,False,BFI IMAX P 9
2026-09-26T18:16:16Z,P,8,available,False,BFI IMAX P 8
2026-09-26T18:16:16Z,P,7,available,False,BFI IMAX P 7
2026-09-26T18:16:16Z,P,10,available,False,BFI IMAX P 10
2026-09-26T18:16:16Z,P,25,available,False,BFI IMAX P 25
2026-09-26T18:16:16Z,P,24,available,False,BFI IMAX P 24
2026-09-26T18:16:16Z,P,23,available,False,BFI IMAX P 23
2026-09-26T18:16:16Z,P,22,available,False,BFI IMAX P 22
2026-09-26T18:16:16Z,Q,18,sold,False,BFI IMAX Q 18
2026-09-26T18:16:16Z,Q,17,available,False,BFI IMAX Q 17
2026-09-26T18:16:16Z,Q,16,available,False,BFI IMAX Q 16
2026-09-26T18:16:16Z,Q,15,available,False,BFI IMAX Q 15
2026-09-26T18:16:16Z,Q,14,available,False,BFI IMAX Q 14
2026-09-26T18:16:16Z,Q,13,available,False,BFI IMAX Q 13
2026-09-26T18:16:16Z,Q,12,available,False,BFI IMAX Q 12
2026-09-26T18:16:16Z,Q,11,available,False,BFI IMAX Q 11
2026-09-26T18:16:16Z,Q,10,available,False,BFI IMAX Q 10
2026-09-26T18:16:16Z,Q,9,sold,False,BFI IMAX Q 9
2026-09-26T18:16:16Z,Q,8,available,False,BFI IMAX Q 8
2026-09-26T18:16:16Z,Q,7,available,False,BFI IMAX Q 7
2026-09-26T18:16:16Z,Q,6,available,False,BFI IMAX Q 6
2026-09-26T18:16:16Z,Q,5,available,False,BFI IMAX Q 5
2026-09-26T18:16:16Z,Q,4,available,False,BFI IMAX Q 4
2026-09-26T18:16:16Z,Q,3,available,False,BFI IMAX Q 3
2026-09-26T18:16:16Z,Q,2,available,False,BFI IMAX Q 2
2026-09-26T18:16:16Z,Q,1,available,False,BFI IMAX Q 1
2026-09-26T21:27:53Z,K,27,unavailable,False,BFI IMAX K 27
2026-09-26T21:27:53Z,K,26,unavailable,False,BFI IMAX K 26
2026-09-26T21:27:53Z,P,29,available,True,BFI IMAX P 29
2026-09-26T21:27:53Z,P,28,available,True,BFI IMAX P 28
2026-09-26T21:27:53Z,P,4,available,True,BFI IMAX P 4
2026-09-26T21:27:53Z,P,3,available,True,BFI IMAX P 3
2026-09-26T21:27:53Z,A,7,available,False,BFI IMAX A 7
2026-09-26T21:27:53Z,A,6,available,False,BFI IMAX A 6
2026-09-26T21:27:53Z,A,5,available,False,BFI IMAX A 5
2026-09-26T21:27:53Z,A,4,available,False,BFI IMAX A 4
2026-09-26T21:27:53Z,A,3,available,False,BFI IMAX A 3
2026-09-26T21:27:53Z,A,2,available,False,BFI IMAX A 2
2026-09-26T21:27:53Z,A,1,available,False,BFI IMAX A 1
2026-09-26T21:27:53Z,B,36,available,False,BFI IMAX B 36
2026-09-26T21:27:53Z,B,35,available,False,BFI IMAX B 35
2026-09-26T21:27:53Z,B,34,available,False,BFI IMAX B 34
2026-09-26T21:27:53Z,B,33,available,False,BFI IMAX B 33
2026-09-26T21:27:53Z,B,32,available,False,BFI IMAX B 32
2026-09-26T21:27:53Z,B,31,available,False,BFI IMAX B 31
2026-09-26T21:27:53Z,B,30,available,False,BFI IMAX B 30
2026-09-26T21:27:53Z,B,29,available,False,BFI IMAX B 29
2026-09-26T21:27:53Z,B,28,available,False,BFI IMAX B 28
2026-09-26T21:27:53Z,B,27,available,False,BFI IMAX B 27
2026-09-26T21:27:53Z,B,26,available,False,BFI IMAX B 26
2026-09-26T21:27:53Z,B,25,available,False,BFI IMAX B 25
2026-09-26T21:27:53Z,B,24,available,False,BFI IMAX B 24
2026-09-26T21:27:53Z,B,23,available,False,BFI IMAX B 23
2026-09-26T21:27:53Z,B,22,available,False,BFI IMAX B 22
2026-09-26T21:27:53Z,B,21,available,False,BFI IMAX B 21
2026-09-26T21:27:53Z,B,20,available,False,BFI IMAX B 20
2026-09-26T21:27:53Z,B,19,available,False,BFI IMAX B 19
2026-09-26T21:27:53Z,B,18,available,False,BFI IMAX B 18
2026-09-26T21:27:53Z,B,17,available,False,BFI IMAX B 17
2026-09-26T21:27:53Z,B,16,available,False,BFI IMAX B 16
2026-09-26T21:27:53Z,B,15,available,False,BFI IMAX B 15
2026-09-26T21:27:53Z,B,14,available,False,BFI IMAX B 14
2026-09-26T21:27:53Z,B,13,available,False,BFI IMAX B 13
2026-09-26T21:27:53Z,B,12,available,False,BFI IMAX B 12
2026-09-26T21:27:53Z,B,11,available,False,BFI IMAX B 11
2026-09-26T21:27:53Z,B,10,available,False,BFI IMAX B 10
2026-09-26T21:27:53Z,B,9,available,False,BFI IMAX B 9
2026-09-26T21:27:53Z,B,8,available,False,BFI IMAX B 8
2026-09-26T21:27:53Z,B,7,available,False,BFI IMAX B 7
2026-09-26T21:27:53Z,B,6,available,False,BFI IMAX B 6
2026-09-26T21:27:53Z,B,5,available,False,BFI IMAX B 5
2026-09-26T21:27:53Z,B,4,available,False,BFI IMAX B 4
2026-09-26T21:27:53Z,B,3,available,False,BFI IMAX B 3
2026-09-26T21:27:53Z,B,2,available,False,BFI IMAX B 2
2026-09-26T21:27:53Z,B,1,available,False,BFI IMAX B 1
2026-09-26T21:27:53Z,C,36,available,False,BFI IMAX C 36
2026-09-26T21:27:53Z,C,35,available,False,BFI IMAX C 35
2026-09-26T21:27:53Z,C,34,available,False,BFI IMAX C 34
2026-09-26T21:27:53Z,C,33,available,False,BFI IMAX C 33
2026-09-26T21:27:53Z,C,32,available,False,BFI IMAX C 32
2026-09-26T21:27:53Z,C,31,available,False,BFI IMAX C 31
2026-09-26T21:27:53Z,C,30,available,False,BFI IMAX C 30
2026-09-26T21:27:53Z,C,29,available,False,BFI IMAX C 29
2026-09-26T21:27:53Z,C,28,available,False,BFI IMAX C 28
2026-09-26T21:27:53Z,C,27,available,False,BFI IMAX C 27
2026-09-26T21:27:53Z,C,26,available,False,BFI IMAX C 26
2026-09-26T21:27:53Z,C,25,sold,False,BFI IMAX C 25
2026-09-26T21:27:53Z,C,24,available,False,BFI IMAX C 24
2026-09-26T21:27:53Z,C,23,available,False,BFI IMAX C 23
2026-09-26T21:27:53Z,C,22,available,False,BFI IMAX C 22
2026-09-26T21:27:53Z,C,21,available,False,BFI IMAX C 21
2026-09-26T21:27:53Z,C,20,available,False,BFI IMAX C 20
2026-09-26T21:27:53Z,C,19,available,False,BFI IMAX C 19
2026-09-26T21:27:53Z,C,18,available,False,BFI IMAX C 18
2026-09-26T21:27:53Z,C,17,available,False,BFI IMAX C 17
2026-09-26T21:27:53Z,C,16,available,False,BFI IMAX C 16
2026-09-26T21:27:53Z,C,15,available,False,BFI IMAX C 15
2026-09-26T21:27:53Z,C,14,available,False,BFI IMAX C 14
2026-09-26T21:27:53Z,C,13,available,False,BFI IMAX C 13
2026-09-26T21:27:53Z,C,12,available,False,BFI IMAX C 12
2026-09-26T21:27:53Z,C,11,available,False,BFI IMAX C 11
2026-09-26T21:27:53Z,C,10,available,False,BFI IMAX C 10
2026-09-26T21:27:53Z,C,9,available,False,BFI IMAX C 9
2026-09-26T21:27:53Z,C,8,available,False,BFI IMAX C 8
2026-09-26T21:27:53Z,C,7,available,False,BFI IMAX C 7
2026-09-26T21:27:53Z,C,6,available,False,BFI IMAX C 6
2026-09-26T21:27:53Z,C,5,available,False,BFI IMAX C 5
2026-09-26T21:27:53Z,C,4,available,False,BFI IMAX C 4
2026-09-26T21:27:53Z,C,3,available,False,BFI IMAX C 3
2026-09-26T21:27:53Z,C,2,available,False,BFI IMAX C 2
2026-09-26T21:27:53Z,C,1,available,False,BFI IMAX C 1
2026-09-26T21:27:53Z,D,37,available,False,BFI IMAX D 37
2026-09-26T21:27:53Z,D,36,available,False,BFI IMAX D 36
2026-09-26T21:27:53Z,D,35,available,False,BFI IMAX D 35
2026-09-26T21:27:53Z,D,34,available,False,BFI IMAX D 34
2026-09-26T21:27:53Z,D,33,available,False,BFI IMAX D 33
2026-09-26T21:27:53Z,D,32,available,False,BFI IMAX D 32
2026-09-26T21:27:53Z,D,31,available,False,BFI IMAX D 31
2026-09-26T21:27:53Z,D,30,available,False,BFI IMAX D 30
2026-09-26T21:27:53Z,D,29,available,False,BFI IMAX D 29
2026-09-26T21:27:53Z,D,28,available,False,BFI IMAX D 28
2026-09-26T21:27:53Z,D,27,available,False,BFI IMAX D 27
2026-09-26T21:27:53Z,D,26,available,False,BFI IMAX D 26
2026-09-26T21:27:53Z,D,25,available,False,BFI IMAX D 25
2026-09-26T21:27:53Z,D,24,available,False,BFI IMAX D 24
2026-09-26T21:27:53Z,D,23,available,False,BFI IMAX D 23
2026-09-26T21:27:53Z,D,22,available,False,BFI IMAX D 22
2026-09-26T21:27:53Z,D,21,available,False,BFI IMAX D 21
2026-09-26T21:27:53Z,D,20,available,False,BFI IMAX D 20
2026-09-26T21:27:53Z,D,19,available,False,BFI IMAX D 19
2026-09-26T21:27:53Z,D,18,available,False,BFI IMAX D 18
2026-09-26T21:27:53Z,D,17,available,False,BFI IMAX D 17
2026-09-26T21:27:53Z,D,16,available,False,BFI IMAX D 16
2026-09-26T21:27:53Z,D,15,available,False,BFI IMAX D 15
2026-09-26T21:27:53Z,D,14,available,False,BFI IMAX D 14
2026-09-26T21:27:53Z,D,13,available,False,BFI IMAX D 13
2026-09-26T21:27:53Z,D,12,available,False,BFI IMAX D 12
2026-09-26T21:27:53Z,D,11,available,False,BFI IMAX D 11
2026-09-26T21:27:53Z,D,10,available,False,BFI IMAX D 10
2026-09-26T21:27:53Z,D,9,available,False,BFI IMAX D 9
2026-09-26T21:27:53Z,D,8,available,False,BFI IMAX D 8
2026-09-26T21:27:53Z,D,7,available,False,BFI IMAX D 7
2026-09-26T21:27:53Z,D,6,available,False,BFI IMAX D 6
2026-09-26T21:27:53Z,D,5,available,False,BFI IMAX D 5
2026-09-26T21:27:53Z,D,4,available,False,BFI IMAX D 4
2026-09-26T21:27:53Z,D,3,available,False,BFI IMAX D 3
2026-09-26T21:27:53Z,D,2,available,False,BFI IMAX D 2
2026-09-26T21:27:53Z,D,1,available,False,BFI IMAX D 1
2026-09-26T21:27:53Z,E,37,available,False,BFI IMAX E 37
2026-09-26T21:27:53Z,E,36,available,False,BFI IMAX E 36
2026-09-26T21:27:53Z,E,35,available,False,BFI IMAX E 35
2026-09-26T21:27:53Z,E,34,available,False,BFI IMAX E 34
2026-09-26T21:27:53Z,E,33,available,False,BFI IMAX E 33
2026-09-26T21:27:53Z,E,32,available,False,BFI IMAX E 32
2026-09-26T21:27:53Z,E,31,available,False,BFI IMAX E 31
2026-09-26T21:27:53Z,E,30,available,False,BFI IMAX E 30
2026-09-26T21:27:53Z,E,29,available,False,BFI IMAX E 29
2026-09-26T21:27:53Z,E,28,available,False,BFI IMAX E 28
2026-09-26T21:27:53Z,E,27,available,False,BFI IMAX E 27
2026-09-26T21:27:53Z,E,26,available,False,BFI IMAX E 26
2026-09-26T21:27:53Z,E,25,available,False,BFI IMAX E 25
2026-09-26T21:27:53Z,E,24,available,False,BFI IMAX E 24
2026-09-26T21:27:53Z,E,23,available,False,BFI IMAX E 23
2026-09-26T21:27:53Z,E,22,available,False,BFI IMAX E 22
2026-09-26T21:27:53Z,E,21,available,False,BFI IMAX E 21
2026-09-26T21:27:53Z,E,20,available,False,BFI IMAX E 20
2026-09-26T21:27:53Z,E,19,available,False,BFI IMAX E 19
2026-09-26T21:27:53Z,E,18,available,False,BFI IMAX E 18
2026-09-26T21:27:53Z,E,17,available,False,BFI IMAX E 17
2026-09-26T21:27:53Z,E,16,available,False,BFI IMAX E 16
2026-09-26T21:27:53Z,E,15,available,False,BFI IMAX E 15
2026-09-26T21:27:53Z,E,14,available,False,BFI IMAX E 14
2026-09-26T21:27:53Z,E,13,available,False,BFI IMAX E 13
2026-09-26T21:27:53Z,E,12,available,False,BFI IMAX E 12
2026-09-26T21:27:53Z,E,11,available,False,BFI IMAX E 11
2026-09-26T21:27:53Z,E,10,available,False,BFI IMAX E 10
2026-09-26T21:27:53Z,E,9,available,False,BFI IMAX E 9
2026-09-26T21:27:53Z,E,8,available,False,BFI IMAX E 8
2026-09-26T21:27:53Z,E,7,available,False,BFI IMAX E 7
2026-09-26T21:27:53Z,E,6,available,False,BFI IMAX E 6
2026-09-26T21:27:53Z,E,5,available,False,BFI IMAX E 5
2026-09-26T21:27:53Z,E,4,available,False,BFI IMAX E 4
2026-09-26T21:27:53Z,E,3,available,False,BFI IMAX E 3
2026-09-26T21:27:53Z,E,2,available,False,BFI IMAX E 2
2026-09-26T21:27:53Z,E,1,available,False,BFI IMAX E 1
2026-09-26T21:27:53Z,F,38,available,False,BFI IMAX F 38
2026-09-26T21:27:53Z,F,37,available,False,BFI IMAX F 37
2026-09-26T21:27:53Z,F,36,available,False,BFI IMAX F 36
2026-09-26T21:27:53Z,F,35,available,False,BFI IMAX F 35
2026-09-26T21:27:53Z,F,34,available,False,BFI IMAX F 34
2026-09-26T21:27:53Z,F,33,available,False,BFI IMAX F 33
2026-09-26T21:27:53Z,F,32,available,False,BFI IMAX F 32
2026-09-26T21:27:53Z,F,31,available,False,BFI IMAX F 31
2026-09-26T21:27:53Z,F,30,available,False,BFI IMAX F 30
2026-09-26T21:27:53Z,F,29,available,False,BFI IMAX F 29
2026-09-26T21:27:53Z,F,28,available,False,BFI IMAX F 28
2026-09-26T21:27:53Z,F,27,available,False,BFI IMAX F 27
2026-09-26T21:27:53Z,F,26,available,False,BFI IMAX F 26
2026-09-26T21:27:53Z,F,25,available,False,BFI IMAX F 25
2026-09-26T21:27:53Z,F,24,available,False,BFI IMAX F 24
2026-09-26T21:27:53Z,F,23,available,False,BFI IMAX F 23
2026-09-26T21:27:53Z,F,22,available,False,BFI IMAX F 22
2026-09-26T21:27:53Z,F,21,available,False,BFI IMAX F 21
2026-09-26T21:27:53Z,F,20,available,False,BFI IMAX F 20
2026-09-26T21:27:53Z,F,19,available,False,BFI IMAX F 19
2026-09-26T21:27:53Z,F,18,available,False,BFI IMAX F 18
2026-09-26T21:27:53Z,F,17,available,False,BFI IMAX F 17
2026-09-26T21:27:53Z,F,16,available,False,BFI IMAX F 16
2026-09-26T21:27:53Z,F,15,available,False,BFI IMAX F 15
2026-09-26T21:27:53Z,F,14,available,False,BFI IMAX F 14
2026-09-26T21:27:53Z,F,13,available,False,BFI IMAX F 13
2026-09-26T21:27:53Z,F,12,available,False,BFI IMAX F 12
2026-09-26T21:27:53Z,F,11,available,False,BFI IMAX F 11
2026-09-26T21:27:53Z,F,10,available,False,BFI IMAX F 10
2026-09-26T21:27:53Z,F,9,available,False,BFI IMAX F 9
2026-09-26T21:27:53Z,F,8,available,False,BFI IMAX F 8
2026-09-26T21:27:53Z,F,7,available,False,BFI IMAX F 7
2026-09-26T21:27:53Z,F,6,available,False,BFI IMAX F 6
2026-09-26T21:27:53Z,F,5,available,False,BFI IMAX F 5
2026-09-26T21:27:53Z,F,4,available,False,BFI IMAX F 4
2026-09-26T21:27:53Z,F,3,available,False,BFI IMAX F 3
2026-09-26T21:27:53Z,F,2,available,False,BFI IMAX F 2
2026-09-26T21:27:53Z,F,1,available,False,BFI IMAX F 1
2026-09-26T21:27:53Z,G,37,available,False,BFI IMAX G 37
2026-09-26T21:27:53Z,G,36,available,False,BFI IMAX G 36
2026-09-26T21:27:53Z,G,35,available,False,BFI IMAX G 35
2026-09-26T21:27:53Z,G,34,available,False,BFI IMAX G 34
2026-09-26T21:27:53Z,G,33,available,False,BFI IMAX G 33
2026-09-26T21:27:53Z,G,32,available,False,BFI IMAX G 32
2026-09-26T21:27:53Z,G,31,available,False,BFI IMAX G 31
2026-09-26T21:27:53Z,G,30,available,False,BFI IMAX G 30
2026-09-26T21:27:53Z,G,29,available,False,BFI IMAX G 29
2026-09-26T21:27:53Z,G,28,available,False,BFI IMAX G 28
2026-09-26T21:27:53Z,G,27,available,False,BFI IMAX G 27
2026-09-26T21:27:53Z,G,26,available,False,BFI IMAX G 26
2026-09-26T21:27:53Z,G,25,available,False,BFI IMAX G 25
2026-09-26T21:27:53Z,G,24,available,False,BFI IMAX G 24
2026-09-26T21:27:53Z,G,23,available,False,BFI IMAX G 23
2026-09-26T21:27:53Z,G,22,available,False,BFI IMAX G 22
2026-09-26T21:27:53Z,G,21,available,False,BFI IMAX G 21
2026-09-26T21:27:53Z,G,20,available,False,BFI IMAX G 20
2026-09-26T21:27:53Z,G,19,available,False,BFI IMAX G 19
2026-09-26T21:27:53Z,G,18,available,False,BFI IMAX G 18
2026-09-26T21:27:53Z,G,17,available,False,BFI IMAX G 17
2026-09-26T21:27:53Z,G,16,available,False,BFI IMAX G 16
2026-09-26T21:27:53Z,G,15,available,False,BFI IMAX G 15
2026-09-26T21:27:53Z,G,14,available,False,BFI IMAX G 14
2026-09-26T21:27:53Z,G,13,available,False,BFI IMAX G 13
2026-09-26T21:27:53Z,G,12,available,False,BFI IMAX G 12
2026-09-26T21:27:53Z,G,11,available,False,BFI IMAX G 11
2026-09-26T21:27:53Z,G,10,available,False,BFI IMAX G 10
2026-09-26T21:27:53Z,G,9,available,False,BFI IMAX G 9
2026-09-26T21:27:53Z,G,8,available,False,BFI IMAX G 8
2026-09-26T21:27:53Z,G,7,available,False,BFI IMAX G 7
2026-09-26T21:27:53Z,G,6,available,False,BFI IMAX G 6
2026-09-26T21:27:53Z,G,5,available,False,BFI IMAX G 5
2026-09-26T21:27:53Z,G,4,available,False,BFI IMAX G 4
2026-09-26T21:27:53Z,G,3,available,False,BFI IMAX G 3
2026-09-26T21:27:53Z,G,2,available,False,BFI IMAX G 2
2026-09-26T21:27:53Z,G,1,available,False,BFI IMAX G 1
2026-09-26T21:27:53Z,H,37,available,False,BFI IMAX H 37
2026-09-26T21:27:53Z,H,36,available,False,BFI IMAX H 36
2026-09-26T21:27:53Z,H,35,available,False,BFI IMAX H 35
2026-09-26T21:27:53Z,H,34,available,False,BFI IMAX H 34
2026-09-26T21:27:53Z,H,33,available,False,BFI IMAX H 33
2026-09-26T21:27:53Z,H,32,available,False,BFI IMAX H 32
2026-09-26T21:27:53Z,H,31,available,False,BFI IMAX H 31
2026-09-26T21:27:53Z,H,30,available,False,BFI IMAX H 30
2026-09-26T21:27:53Z,H,29,available,False,BFI IMAX H 29
2026-09-26T21:27:53Z,H,28,available,False,BFI IMAX H 28
2026-09-26T21:27:53Z,H,27,available,False,BFI IMAX H 27
2026-09-26T21:27:53Z,H,26,available,False,BFI IMAX H 26
2026-09-26T21:27:53Z,H,25,available,False,BFI IMAX H 25
2026-09-26T21:27:53Z,H,24,available,False,BFI IMAX H 24
2026-09-26T21:27:53Z,H,23,available,False,BFI IMAX H 23
2026-09-26T21:27:53Z,H,22,available,False,BFI IMAX H 22
2026-09-26T21:27:53Z,H,21,available,False,BFI IMAX H 21
2026-09-26T21:27:53Z,H,20,available,False,BFI IMAX H 20
2026-09-26T21:27:53Z,H,19,available,False,BFI IMAX H 19
2026-09-26T21:27:53Z,H,18,available,False,BFI IMAX H 18
2026-09-26T21:27:53Z,H,17,available,False,BFI IMAX H 17
2026-09-26T21:27:53Z,H,16,available,False,BFI IMAX H 16
2026-09-26T21:27:53Z,H,15,available,False,BFI IMAX H 15
2026-09-26T21:27:53Z,H,14,available,False,BFI IMAX H 14
2026-09-26T21:27:53Z,H,13,available,False,BFI IMAX H 13
2026-09-26T21:27:53Z,H,12,available,False,BFI IMAX H 12
2026-09-26T21:27:53Z,H,11,available,False,BFI IMAX H 11
2026-09-26T21:27:53Z,H,10,available,False,BFI IMAX H 10
2026-09-26T21:27:53Z,H,9,available,False,BFI IMAX H 9
2026-09-26T21:27:53Z,H,8,available,False,BFI IMAX H 8
2026-09-26T21:27:53Z,H,7,available,False,BFI IMAX H 7
2026-09-26T21:27:53Z,H,6,available,False,BFI IMAX H 6
2026-09-26T21:27:53Z,H,5,available,False,BFI IMAX H 5
2026-09-26T21:27:53Z,H,4,available,False,BFI IMAX H 4
2026-09-26T21:27:53Z,H,3,available,False,BFI IMAX H 3
2026-09-26T21:27:53Z,H,2,available,False,BFI IMAX H 2
2026-09-26T21:27:53Z,H,1,available,False,BFI IMAX H 1
2026-09-26T21:27:53Z,J,36,available,False,BFI IMAX J 36
2026-09-26T21:27:53Z,J,35,available,False,BFI IMAX J 35
2026-09-26T21:27:53Z,J,34,available,False,BFI IMAX J 34
2026-09-26T21:27:53Z,J,33,available,False,BFI IMAX J 33
2026-09-26T21:27:53Z,J,32,available,False,BFI IMAX J 32
2026-09-26T21:27:53Z,J,31,available,False,BFI IMAX J 31
2026-09-26T21:27:53Z,J,30,available,False,BFI IMAX J 30
2026-09-26T21:27:53Z,J,29,available,False,BFI IMAX J 29
2026-09-26T21:27:53Z,J,28,available,False,BFI IMAX J 28
2026-09-26T21:27:53Z,J,27,available,False,BFI IMAX J 27
2026-09-26T21:27:53Z,J,26,available,False,BFI IMAX J 26
2026-09-26T21:27:53Z,J,25,available,False,BFI IMAX J 25
2026-09-26T21:27:53Z,J,24,available,False,BFI IMAX J 24
2026-09-26T21:27:53Z,J,23,available,False,BFI IMAX J 23
2026-09-26T21:27:53Z,J,22,available,False,BFI IMAX J 22
2026-09-26T21:27:53Z,J,21,available,False,BFI IMAX J 21
2026-09-26T21:27:53Z,J,20,available,False,BFI IMAX J 20
2026-09-26T21:27:53Z,J,19,available,False,BFI IMAX J 19
2026-09-26T21:27:53Z,J,18,available,False,BFI IMAX J 18
2026-09-26T21:27:53Z,J,17,available,False,BFI IMAX J 17
2026-09-26T21:27:53Z,J,16,available,False,BFI IMAX J 16
2026-09-26T21:27:53Z,J,15,available,False,BFI IMAX J 15
2026-09-26T21:27:53Z,J,14,available,False,BFI IMAX J 14
2026-09-26T21:27:53Z,J,13,available,False,BFI IMAX J 13
2026-09-26T21:27:53Z,J,12,available,False,BFI IMAX J 12
2026-09-26T21:27:53Z,J,11,available,False,BFI IMAX J 11
2026-09-26T21:27:53Z,J,10,available,False,BFI IMAX J 10
2026-09-26T21:27:53Z,J,9,available,False,BFI IMAX J 9
2026-09-26T21:27:53Z,J,8,available,False,BFI IMAX J 8
2026-09-26T21:27:53Z,J,7,available,False,BFI IMAX J 7
2026-09-26T21:27:53Z,J,6,available,False,BFI IMAX J 6
2026-09-26T21:27:53Z,J,5,available,False,BFI IMAX J 5
2026-09-26T21:27:53Z,J,4,available,False,BFI IMAX J 4
2026-09-26T21:27:53Z,J,3,available,False,BFI IMAX J 3
2026-09-26T21:27:53Z,J,2,available,False,BFI IMAX J 2
2026-09-26T21:27:53Z,J,1,available,False,BFI IMAX J 1
2026-09-26T21:27:53Z,K,36,available,False,BFI IMAX K 36
2026-09-26T21:27:53Z,K,35,available,False,BFI IMAX K 35
2026-09-26T21:27:53Z,K,34,available,False,BFI IMAX K 34
2026-09-26T21:27:53Z,K,33,available,False,BFI IMAX K 33
2026-09-26T21:27:53Z,K,32,available,False,BFI IMAX K 32
2026-09-26T21:27:53Z,K,31,available,False,BFI IMAX K 31
2026-09-26T21:27:53Z,K,30,available,False,BFI IMAX K 30
2026-09-26T21:27:53Z,K,29,available,False,BFI IMAX K 29
2026-09-26T21:27:53Z,K,28,available,False,BFI IMAX K 28
2026-09-26T21:27:53Z,A,13,available,False,BFI IMAX A 13
2026-09-26T21:27:53Z,A,12,available,False,BFI IMAX A 12
2026-09-26T21:27:53Z,K,25,available,False,BFI IMAX K 25
2026-09-26T21:27:53Z,K,24,available,False,BFI IMAX K 24
2026-09-26T21:27:53Z,K,23,available,False,BFI IMAX K 23
2026-09-26T21:27:53Z,K,22,available,False,BFI IMAX K 22
2026-09-26T21:27:53Z,K,21,available,False,BFI IMAX K 21
2026-09-26T21:27:53Z,K,20,available,False,BFI IMAX K 20
2026-09-26T21:27:53Z,K,19,sold,False,BFI IMAX K 19
2026-09-26T21:27:53Z,K,18,available,False,BFI IMAX K 18
2026-09-26T21:27:53Z,K,17,available,False,BFI IMAX K 17
2026-09-26T21:27:53Z,K,16,available,False,BFI IMAX K 16
2026-09-26T21:27:53Z,K,15,available,False,BFI IMAX K 15
2026-09-26T21:27:53Z,K,14,available,False,BFI IMAX K 14
2026-09-26T21:27:53Z,K,13,available,False,BFI IMAX K 13
2026-09-26T21:27:53Z,K,12,available,False,BFI IMAX K 12
2026-09-26T21:27:53Z,K,11,available,False,BFI IMAX K 11
2026-09-26T21:27:53Z,K,10,available,False,BFI IMAX K 10
2026-09-26T21:27:53Z,K,9,available,False,BFI IMAX K 9
2026-09-26T21:27:53Z,K,8,available,False,BFI IMAX K 8
2026-09-26T21:27:53Z,K,7,available,False,BFI IMAX K 7
2026-09-26T21:27:53Z,K,6,available,False,BFI IMAX K 6
2026-09-26T21:27:53Z,K,5,available,False,BFI IMAX K 5
2026-09-26T21:27:53Z,K,4,available,False,BFI IMAX K 4
2026-09-26T21:27:53Z,K,3,available,False,BFI IMAX K 3
2026-09-26T21:27:53Z,K,2,available,False,BFI IMAX K 2
2026-09-26T21:27:53Z,K,1,available,False,BFI IMAX K 1
2026-09-26T21:27:53Z,L,33,available,False,BFI IMAX L 33
2026-09-26T21:27:53Z,L,32,available,False,BFI IMAX L 32
2026-09-26T21:27:53Z,L,31,available,False,BFI IMAX L 31
2026-09-26T21:27:53Z,L,30,available,False,BFI IMAX L 30
2026-09-26T21:27:53Z,L,29,available,False,BFI IMAX L 29
2026-09-26T21:27:53Z,L,28,available,False,BFI IMAX L 28
2026-09-26T21:27:53Z,L,27,available,False,BFI IMAX L 27
2026-09-26T21:27:53Z,L,26,available,False,BFI IMAX L 26
2026-09-26T21:27:53Z,L,8,available,False,BFI IMAX L 8
2026-09-26T21:27:53Z,L,7,available,False,BFI IMAX L 7
2026-09-26T21:27:53Z,L,6,available,False,BFI IMAX L 6
2026-09-26T21:27:53Z,L,5,available,False,BFI IMAX L 5
2026-09-26T21:27:53Z,L,4,available,False,BFI IMAX L 4
2026-09-26T21:27:53Z,L,3,available,False,BFI IMAX L 3
2026-09-26T21:27:53Z,L,2,available,False,BFI IMAX L 2
2026-09-26T21:27:53Z,L,1,available,False,BFI IMAX L 1
2026-09-26T21:27:53Z,M,34,available,False,BFI IMAX M 34
2026-09-26T21:27:53Z,M,33,available,False,BFI IMAX M 33
2026-09-26T21:27:53Z,M,32,available,False,BFI IMAX M 32
2026-09-26T21:27:53Z,M,31,available,False,BFI IMAX M 31
2026-09-26T21:27:53Z,M,30,available,False,BFI IMAX M 30
2026-09-26T21:27:53Z,M,29,available,False,BFI IMAX M 29
2026-09-26T21:27:53Z,M,28,available,False,BFI IMAX M 28
2026-09-26T21:27:53Z,M,27,sold,False,BFI IMAX M 27
2026-09-26T21:27:53Z,M,8,available,False,BFI IMAX M 8
2026-09-26T21:27:53Z,M,7,available,False,BFI IMAX M 7
2026-09-26T21:27:53Z,M,6,available,False,BFI IMAX M 6
2026-09-26T21:27:53Z,M,5,available,False,BFI IMAX M 5
2026-09-26T21:27:53Z,M,4,available,False,BFI IMAX M 4
2026-09-26T21:27:53Z,M,3,available,False,BFI IMAX M 3
2026-09-26T21:27:53Z,M,2,available,False,BFI IMAX M 2
2026-09-26T21:27:53Z,M,1,available,False,BFI IMAX M 1
2026-09-26T21:27:53Z,N,34,unavailable,False,BFI IMAX N 34
2026-09-26T21:27:53Z,N,33,unavailable,False,BFI IMAX N 33
2026-09-26T21:27:53Z,N,32,unavailable,False,BFI IMAX N 32
2026-09-26T21:27:53Z,N,31,unavailable,False,BFI IMAX N 31
2026-09-26T21:27:53Z,N,30,unavailable,False,BFI IMAX N 30
2026-09-26T21:27:53Z,N,29,unavailable,False,BFI IMAX N 29
2026-09-26T21:27:53Z,N,28,unavailable,False,BFI IMAX N 28
2026-09-26T21:27:53Z,N,27,unavailable,False,BFI IMAX N 27
2026-09-26T21:27:53Z,N,8,available,False,BFI IMAX N 8
2026-09-26T21:27:53Z,N,7,available,False,BFI IMAX N 7
2026-09-26T21:27:53Z,N,6,available,False,BFI IMAX N 6
2026-09-26T21:27:53Z,N,5,available,False,BFI IMAX N 5
2026-09-26T21:27:53Z,N,4,available,False,BFI IMAX N 4
2026-09-26T21:27:53Z,N,3,available,False,BFI IMAX N 3
2026-09-26T21:27:53Z,N,2,available,False,BFI IMAX N 2
2026-09-26T21:27:53Z,N,1,available,False,BFI IMAX N 1
2026-09-26T21:27:53Z,A,11,available,False,BFI IMAX A 11
2026-09-26T21:27:53Z,A,10,available,False,BFI IMAX A 10
2026-09-26T21:27:53Z,A,9,available,False,BFI IMAX A 9
2026-09-26T21:27:53Z,A,8,available,False,BFI IMAX A 8
2026-09-26T21:27:53Z,M,15,available,False,BFI IMAX M 15
2026-09-26T21:27:53Z,M,14,available,False,BFI IMAX M 14
2026-09-26T21:27:53Z,M,13,available,False,BFI IMAX M 13
2026-09-26T21:27:53Z,M,12,available,False,BFI IMAX M 12
2026-09-26T21:27:53Z,M,11,available,False,BFI IMAX M 11
2026-09-26T21:27:53Z,M,10,available,False,BFI IMAX M 10
2026-09-26T21:27:53Z,M,9,available,False,BFI IMAX M 9
2026-09-26T21:27:53Z,L,9,available,False,BFI IMAX L 9
2026-09-26T21:27:53Z,L,25,available,False,BFI IMAX L 25
2026-09-26T21:27:53Z,L,24,available,False,BFI IMAX L 24
2026-09-26T21:27:53Z,L,23,available,False,BFI IMAX L 23
2026-09-26T21:27:53Z,L,22,available,False,BFI IMAX L 22
2026-09-26T21:27:53Z,L,21,available,False,BFI IMAX L 21
2026-09-26T21:27:53Z,L,20,available,False,BFI IMAX L 20
2026-09-26T21:27:53Z,L,19,available,False,BFI IMAX L 19
2026-09-26T21:27:53Z,L,18,sold,False,BFI IMAX L 18
2026-09-26T21:27:53Z,L,17,sold,False,BFI IMAX L 17
2026-09-26T21:27:53Z,L,16,available,False,BFI IMAX L 16
2026-09-26T21:27:53Z,L,15,available,False,BFI IMAX L 15
2026-09-26T21:27:53Z,L,14,available,False,BFI IMAX L 14
2026-09-26T21:27:53Z,L,13,available,False,BFI IMAX L 13
2026-09-26T21:27:53Z,L,12,available,False,BFI IMAX L 12
2026-09-26T21:27:53Z,L,11,available,False,BFI IMAX L 11
2026-09-26T21:27:53Z,N,26,unavailable,False,BFI IMAX N 26
2026-09-26T21:27:53Z,N,25,unavailable,False,BFI IMAX N 25
2026-09-26T21:27:53Z,N,24,unavailable,False,BFI IMAX N 24
2026-09-26T21:27:53Z,N,23,unavailable,False,BFI IMAX N 23
2026-09-26T21:27:53Z,N,22,available,False,BFI IMAX N 22
2026-09-26T21:27:53Z,N,21,available,False,BFI IMAX N 21
2026-09-26T21:27:53Z,N,20,available,False,BFI IMAX N 20
2026-09-26T21:27:53Z,N,19,available,False,BFI IMAX N 19
2026-09-26T21:27:53Z,N,18,available,False,BFI IMAX N 18
2026-09-26T21:27:53Z,N,17,available,False,BFI IMAX N 17
2026-09-26T21:27:53Z,N,16,available,False,BFI IMAX N 16
2026-09-26T21:27:53Z,N,15,available,False,BFI IMAX N 15
2026-09-26T21:27:53Z,N,14,available,False,BFI IMAX N 14
2026-09-26T21:27:53Z,N,13,available,False,BFI IMAX N 13
2026-09-26T21:27:53Z,N,12,unavailable,False,BFI IMAX N 12
2026-09-26T21:27:53Z,N,11,unavailable,False,BFI IMAX N 11
2026-09-26T21:27:53Z,N,10,unavailable,False,BFI IMAX N 10
2026-09-26T21:27:53Z,N,9,unavailable,False,BFI IMAX N 9
2026-09-26T21:27:53Z,L,10,available,False,BFI IMAX L 10
2026-09-26T21:27:53Z,M,26,available,False,BFI IMAX M 26
2026-09-26T21:27:53Z,M,25,available,False,BFI IMAX M 25
2026-09-26T21:27:53Z,M,24,available,False,BFI IMAX M 24
2026-09-26T21:27:53Z,M,23,available,False,BFI IMAX M 23
2026-09-26T21:27:53Z,M,22,available,False,BFI IMAX M 22
2026-09-26T21:27:53Z,M,21,available,False,BFI IMAX M 21
2026-09-26T21:27:53Z,M,20,available,False,BFI IMAX M 20
2026-09-26T21:27:53Z,M,19,sold,False,BFI IMAX M 19
2026-09-26T21:27:53Z,M,18,sold,False,BFI IMAX M 18
2026-09-26T21:27:53Z,M,17,sold,False,BFI IMAX M 17
2026-09-26T21:27:53Z,M,16,available,False,BFI IMAX M 16
2026-09-26T21:27:53Z,P,27,available,True,BFI IMAX P 27
2026-09-26T21:27:53Z,P,26,unavailable,False,BFI IMAX P 26
2026-09-26T21:27:53Z,P,6,unavailable,False,BFI IMAX P 6
2026-09-26T21:27:53Z,P,5,available,True,BFI IMAX P 5
2026-09-26T21:27:53Z,P,31,unavailable,False,BFI IMAX P 31
2026-09-26T21:27:53Z,P,30,available,True,BFI IMAX P 30
2026-09-26T21:27:53Z,P,2,available,True,BFI IMAX P 2
2026-09-26T21:27:53Z,P,1,unavailable,False,BFI IMAX P 1
2026-09-26T21:27:53Z,P,21,available,False,BFI IMAX P 21
2026-09-26T21:27:53Z,P,20,available,False,BFI IMAX P 20
2026-09-26T21:27:53Z,P,19,available,False,BFI IMAX P 19
2026-09-26T21:27:53Z,P,18,available,False,BFI IMAX P 18
2026-09-26T21:27:53Z,P,17,available,False,BFI IMAX P 17
2026-09-26T21:27:53Z,P,16,available,False,BFI IMAX P 16
2026-09-26T21:27:53Z,P,15,available,False,BFI IMAX P 15
2026-09-26T21:27:53Z,P,14,available,False,BFI IMAX P 14
2026-09-26T21:27:53Z,P,13,available,False,BFI IMAX P 13
2026-09-26T21:27:53Z,P,12,available,False,BFI IMAX P 12
2026-09-26T21:27:53Z,P,11,available,False,BFI IMAX P 11
2026-09-26T21:27:53Z,P,9,available,False,BFI IMAX P 9
2026-09-26T21:27:53Z,P,8,available,False,BFI IMAX P 8
2026-09-26T21:27:53Z,P,7,available,False,BFI IMAX P 7
2026-09-26T21:27:53Z,P,10,available,False,BFI IMAX P 10
2026-09-26T21:27:53Z,P,25,available,False,BFI IMAX P 25
2026-09-26T21:27:53Z,P,24,available,False,BFI IMAX P 24
2026-09-26T21:27:53Z,P,23,available,False,BFI IMAX P 23
2026-09-26T21:27:53Z,P,22,available,False,BFI IMAX P 22
2026-09-26T21:27:53Z,Q,18,sold,False,BFI IMAX Q 18
2026-09-26T21:27:53Z,Q,17,available,False,BFI IMAX Q 17
2026-09-26T21:27:53Z,Q,16,available,False,BFI IMAX Q 16
2026-09-26T21:27:53Z,Q,15,available,False,BFI IMAX Q 15
2026-09-26T21:27:53Z,Q,14,available,False,BFI IMAX Q 14
2026-09-26T21:27:53Z,Q,13,available,False,BFI IMAX Q 13
2026-09-26T21:27:53Z,Q,12,available,False,BFI IMAX Q 12
2026-09-26T21:27:53Z,Q,11,available,False,BFI IMAX Q 11
2026-09-26T21:27:53Z,Q,10,available,False,BFI IMAX Q 10
2026-09-26T21:27:53Z,Q,9,sold,False,BFI IMAX Q 9
2026-09-26T21:27:53Z,Q,8,available,False,BFI IMAX Q 8
2026-09-26T21:27:53Z,Q,7,available,False,BFI IMAX Q 7
2026-09-26T21:27:53Z,Q,6,available,False,BFI IMAX Q 6
2026-09-26T21:27:53Z,Q,5,available,False,BFI IMAX Q 5
2026-09-26T21:27:53Z,Q,4,available,False,BFI IMAX Q 4
2026-09-26T21:27:53Z,Q,3,available,False,BFI IMAX Q 3
2026-09-26T21:27:53Z,Q,2,available,False,BFI IMAX Q 2
2026-09-26T21:27:53Z,Q,1,available,False,BFI IMAX Q 1
2026-09-27T08:31:34Z,K,27,unavailable,False,BFI IMAX K 27
2026-09-27T08:31:34Z,K,26,unavailable,False,BFI IMAX K 26
2026-09-27T08:31:34Z,P,29,available,True,BFI IMAX P 29
2026-09-27T08:31:34Z,P,28,available,True,BFI IMAX P 28
2026-09-27T08:31:34Z,P,4,available,True,BFI IMAX P 4
2026-09-27T08:31:34Z,P,3,available,True,BFI IMAX P 3
2026-09-27T08:31:34Z,A,7,available,False,BFI IMAX A 7
2026-09-27T08:31:34Z,A,6,available,False,BFI IMAX A 6
2026-09-27T08:31:34Z,A,5,available,False,BFI IMAX A 5
2026-09-27T08:31:34Z,A,4,available,False,BFI IMAX A 4
2026-09-27T08:31:34Z,A,3,available,False,BFI IMAX A 3
2026-09-27T08:31:34Z,A,2,available,False,BFI IMAX A 2
2026-09-27T08:31:34Z,A,1,available,False,BFI IMAX A 1
2026-09-27T08:31:34Z,B,36,available,False,BFI IMAX B 36
2026-09-27T08:31:34Z,B,35,available,False,BFI IMAX B 35
2026-09-27T08:31:34Z,B,34,available,False,BFI IMAX B 34
2026-09-27T08:31:34Z,B,33,available,False,BFI IMAX B 33
2026-09-27T08:31:34Z,B,32,available,False,BFI IMAX B 32
2026-09-27T08:31:34Z,B,31,available,False,BFI IMAX B 31
2026-09-27T08:31:34Z,B,30,available,False,BFI IMAX B 30
2026-09-27T08:31:34Z,B,29,available,False,BFI IMAX B 29
2026-09-27T08:31:34Z,B,28,available,False,BFI IMAX B 28
2026-09-27T08:31:34Z,B,27,available,False,BFI IMAX B 27
2026-09-27T08:31:34Z,B,26,available,False,BFI IMAX B 26
2026-09-27T08:31:34Z,B,25,available,False,BFI IMAX B 25
2026-09-27T08:31:34Z,B,24,available,False,BFI IMAX B 24
2026-09-27T08:31:34Z,B,23,available,False,BFI IMAX B 23
2026-09-27T08:31:34Z,B,22,available,False,BFI IMAX B 22
2026-09-27T08:31:34Z,B,21,available,False,BFI IMAX B 21
2026-09-27T08:31:34Z,B,20,available,False,BFI IMAX B 20
2026-09-27T08:31:34Z,B,19,available,False,BFI IMAX B 19
2026-09-27T08:31:34Z,B,18,available,False,BFI IMAX B 18
2026-09-27T08:31:34Z,B,17,available,False,BFI IMAX B 17
2026-09-27T08:31:34Z,B,16,available,False,BFI IMAX B 16
2026-09-27T08:31:34Z,B,15,available,False,BFI IMAX B 15
2026-09-27T08:31:34Z,B,14,available,False,BFI IMAX B 14
2026-09-27T08:31:34Z,B,13,available,False,BFI IMAX B 13
2026-09-27T08:31:34Z,B,12,available,False,BFI IMAX B 12
2026-09-27T08:31:34Z,B,11,available,False,BFI IMAX B 11
2026-09-27T08:31:34Z,B,10,available,False,BFI IMAX B 10
2026-09-27T08:31:34Z,B,9,available,False,BFI IMAX B 9
2026-09-27T08:31:34Z,B,8,available,False,BFI IMAX B 8
2026-09-27T08:31:34Z,B,7,available,False,BFI IMAX B 7
2026-09-27T08:31:34Z,B,6,available,False,BFI IMAX B 6
2026-09-27T08:31:34Z,B,5,available,False,BFI IMAX B 5
2026-09-27T08:31:34Z,B,4,available,False,BFI IMAX B 4
2026-09-27T08:31:34Z,B,3,available,False,BFI IMAX B 3
2026-09-27T08:31:34Z,B,2,available,False,BFI IMAX B 2
2026-09-27T08:31:34Z,B,1,available,False,BFI IMAX B 1
2026-09-27T08:31:34Z,C,36,available,False,BFI IMAX C 36
2026-09-27T08:31:34Z,C,35,available,False,BFI IMAX C 35
2026-09-27T08:31:34Z,C,34,available,False,BFI IMAX C 34
2026-09-27T08:31:34Z,C,33,available,False,BFI IMAX C 33
2026-09-27T08:31:34Z,C,32,available,False,BFI IMAX C 32
2026-09-27T08:31:34Z,C,31,available,False,BFI IMAX C 31
2026-09-27T08:31:34Z,C,30,available,False,BFI IMAX C 30
2026-09-27T08:31:34Z,C,29,available,False,BFI IMAX C 29
2026-09-27T08:31:34Z,C,28,available,False,BFI IMAX C 28
2026-09-27T08:31:34Z,C,27,available,False,BFI IMAX C 27
2026-09-27T08:31:34Z,C,26,available,False,BFI IMAX C 26
2026-09-27T08:31:34Z,C,25,sold,False,BFI IMAX C 25
2026-09-27T08:31:34Z,C,24,available,False,BFI IMAX C 24
2026-09-27T08:31:34Z,C,23,available,False,BFI IMAX C 23
2026-09-27T08:31:34Z,C,22,available,False,BFI IMAX C 22
2026-09-27T08:31:34Z,C,21,available,False,BFI IMAX C 21
2026-09-27T08:31:34Z,C,20,available,False,BFI IMAX C 20
2026-09-27T08:31:34Z,C,19,available,False,BFI IMAX C 19
2026-09-27T08:31:34Z,C,18,available,False,BFI IMAX C 18
2026-09-27T08:31:34Z,C,17,available,False,BFI IMAX C 17
2026-09-27T08:31:34Z,C,16,available,False,BFI IMAX C 16
2026-09-27T08:31:34Z,C,15,available,False,BFI IMAX C 15
2026-09-27T08:31:34Z,C,14,available,False,BFI IMAX C 14
2026-09-27T08:31:34Z,C,13,available,False,BFI IMAX C 13
2026-09-27T08:31:34Z,C,12,available,False,BFI IMAX C 12
2026-09-27T08:31:34Z,C,11,available,False,BFI IMAX C 11
2026-09-27T08:31:34Z,C,10,available,False,BFI IMAX C 10
2026-09-27T08:31:34Z,C,9,available,False,BFI IMAX C 9
2026-09-27T08:31:34Z,C,8,available,False,BFI IMAX C 8
2026-09-27T08:31:34Z,C,7,available,False,BFI IMAX C 7
2026-09-27T08:31:34Z,C,6,available,False,BFI IMAX C 6
2026-09-27T08:31:34Z,C,5,available,False,BFI IMAX C 5
2026-09-27T08:31:34Z,C,4,available,False,BFI IMAX C 4
2026-09-27T08:31:34Z,C,3,available,False,BFI IMAX C 3
2026-09-27T08:31:34Z,C,2,available,False,BFI IMAX C 2
2026-09-27T08:31:34Z,C,1,available,False,BFI IMAX C 1
2026-09-27T08:31:34Z,D,37,available,False,BFI IMAX D 37
2026-09-27T08:31:34Z,D,36,available,False,BFI IMAX D 36
2026-09-27T08:31:34Z,D,35,available,False,BFI IMAX D 35
2026-09-27T08:31:34Z,D,34,available,False,BFI IMAX D 34
2026-09-27T08:31:34Z,D,33,available,False,BFI IMAX D 33
2026-09-27T08:31:34Z,D,32,available,False,BFI IMAX D 32
2026-09-27T08:31:34Z,D,31,available,False,BFI IMAX D 31
2026-09-27T08:31:34Z,D,30,available,False,BFI IMAX D 30
2026-09-27T08:31:34Z,D,29,available,False,BFI IMAX D 29
2026-09-27T08:31:34Z,D,28,available,False,BFI IMAX D 28
2026-09-27T08:31:34Z,D,27,available,False,BFI IMAX D 27
2026-09-27T08:31:34Z,D,26,available,False,BFI IMAX D 26
2026-09-27T08:31:34Z,D,25,available,False,BFI IMAX D 25
2026-09-27T08:31:34Z,D,24,available,False,BFI IMAX D 24
2026-09-27T08:31:34Z,D,23,available,False,BFI IMAX D 23
2026-09-27T08:31:34Z,D,22,available,False,BFI IMAX D 22
2026-09-27T08:31:34Z,D,21,available,False,BFI IMAX D 21
2026-09-27T08:31:34Z,D,20,available,False,BFI IMAX D 20
2026-09-27T08:31:34Z,D,19,available,False,BFI IMAX D 19
2026-09-27T08:31:34Z,D,18,available,False,BFI IMAX D 18
2026-09-27T08:31:34Z,D,17,available,False,BFI IMAX D 17
2026-09-27T08:31:34Z,D,16,available,False,BFI IMAX D 16
2026-09-27T08:31:34Z,D,15,available,False,BFI IMAX D 15
2026-09-27T08:31:34Z,D,14,available,False,BFI IMAX D 14
2026-09-27T08:31:34Z,D,13,available,False,BFI IMAX D 13
2026-09-27T08:31:34Z,D,12,available,False,BFI IMAX D 12
2026-09-27T08:31:34Z,D,11,available,False,BFI IMAX D 11
2026-09-27T08:31:34Z,D,10,available,False,BFI IMAX D 10
2026-09-27T08:31:34Z,D,9,available,False,BFI IMAX D 9
2026-09-27T08:31:34Z,D,8,available,False,BFI IMAX D 8
2026-09-27T08:31:34Z,D,7,available,False,BFI IMAX D 7
2026-09-27T08:31:34Z,D,6,available,False,BFI IMAX D 6
2026-09-27T08:31:34Z,D,5,available,False,BFI IMAX D 5
2026-09-27T08:31:34Z,D,4,available,False,BFI IMAX D 4
2026-09-27T08:31:34Z,D,3,available,False,BFI IMAX D 3
2026-09-27T08:31:34Z,D,2,available,False,BFI IMAX D 2
2026-09-27T08:31:34Z,D,1,available,False,BFI IMAX D 1
2026-09-27T08:31:34Z,E,37,available,False,BFI IMAX E 37
2026-09-27T08:31:34Z,E,36,available,False,BFI IMAX E 36
2026-09-27T08:31:34Z,E,35,available,False,BFI IMAX E 35
2026-09-27T08:31:34Z,E,34,available,False,BFI IMAX E 34
2026-09-27T08:31:34Z,E,33,available,False,BFI IMAX E 33
2026-09-27T08:31:34Z,E,32,available,False,BFI IMAX E 32
2026-09-27T08:31:34Z,E,31,available,False,BFI IMAX E 31
2026-09-27T08:31:34Z,E,30,available,False,BFI IMAX E 30
2026-09-27T08:31:34Z,E,29,available,False,BFI IMAX E 29
2026-09-27T08:31:34Z,E,28,available,False,BFI IMAX E 28
2026-09-27T08:31:34Z,E,27,available,False,BFI IMAX E 27
2026-09-27T08:31:34Z,E,26,available,False,BFI IMAX E 26
2026-09-27T08:31:34Z,E,25,available,False,BFI IMAX E 25
2026-09-27T08:31:34Z,E,24,available,False,BFI IMAX E 24
2026-09-27T08:31:34Z,E,23,available,False,BFI IMAX E 23
2026-09-27T08:31:34Z,E,22,available,False,BFI IMAX E 22
2026-09-27T08:31:34Z,E,21,available,False,BFI IMAX E 21
2026-09-27T08:31:34Z,E,20,available,False,BFI IMAX E 20
2026-09-27T08:31:34Z,E,19,available,False,BFI IMAX E 19
2026-09-27T08:31:34Z,E,18,available,False,BFI IMAX E 18
2026-09-27T08:31:34Z,E,17,available,False,BFI IMAX E 17
2026-09-27T08:31:34Z,E,16,available,False,BFI IMAX E 16
2026-09-27T08:31:34Z,E,15,available,False,BFI IMAX E 15
2026-09-27T08:31:34Z,E,14,available,False,BFI IMAX E 14
2026-09-27T08:31:34Z,E,13,available,False,BFI IMAX E 13
2026-09-27T08:31:34Z,E,12,available,False,BFI IMAX E 12
2026-09-27T08:31:34Z,E,11,available,False,BFI IMAX E 11
2026-09-27T08:31:34Z,E,10,available,False,BFI IMAX E 10
2026-09-27T08:31:34Z,E,9,available,False,BFI IMAX E 9
2026-09-27T08:31:34Z,E,8,available,False,BFI IMAX E 8
2026-09-27T08:31:34Z,E,7,available,False,BFI IMAX E 7
2026-09-27T08:31:34Z,E,6,available,False,BFI IMAX E 6
2026-09-27T08:31:34Z,E,5,available,False,BFI IMAX E 5
2026-09-27T08:31:34Z,E,4,available,False,BFI IMAX E 4
2026-09-27T08:31:34Z,E,3,available,False,BFI IMAX E 3
2026-09-27T08:31:34Z,E,2,available,False,BFI IMAX E 2
2026-09-27T08:31:34Z,E,1,available,False,BFI IMAX E 1
2026-09-27T08:31:34Z,F,38,available,False,BFI IMAX F 38
2026-09-27T08:31:34Z,F,37,available,False,BFI IMAX F 37
2026-09-27T08:31:34Z,F,36,available,False,BFI IMAX F 36
2026-09-27T08:31:34Z,F,35,available,False,BFI IMAX F 35
2026-09-27T08:31:34Z,F,34,available,False,BFI IMAX F 34
2026-09-27T08:31:34Z,F,33,available,False,BFI IMAX F 33
2026-09-27T08:31:34Z,F,32,available,False,BFI IMAX F 32
2026-09-27T08:31:34Z,F,31,available,False,BFI IMAX F 31
2026-09-27T08:31:34Z,F,30,available,False,BFI IMAX F 30
2026-09-27T08:31:34Z,F,29,available,False,BFI IMAX F 29
2026-09-27T08:31:34Z,F,28,available,False,BFI IMAX F 28
2026-09-27T08:31:34Z,F,27,available,False,BFI IMAX F 27
2026-09-27T08:31:34Z,F,26,available,False,BFI IMAX F 26
2026-09-27T08:31:34Z,F,25,available,False,BFI IMAX F 25
2026-09-27T08:31:34Z,F,24,available,False,BFI IMAX F 24
2026-09-27T08:31:34Z,F,23,available,False,BFI IMAX F 23
2026-09-27T08:31:34Z,F,22,available,False,BFI IMAX F 22
2026-09-27T08:31:34Z,F,21,available,False,BFI IMAX F 21
2026-09-27T08:31:34Z,F,20,available,False,BFI IMAX F 20
2026-09-27T08:31:34Z,F,19,available,False,BFI IMAX F 19
2026-09-27T08:31:34Z,F,18,available,False,BFI IMAX F 18
2026-09-27T08:31:34Z,F,17,available,False,BFI IMAX F 17
2026-09-27T08:31:34Z,F,16,available,False,BFI IMAX F 16
2026-09-27T08:31:34Z,F,15,available,False,BFI IMAX F 15
2026-09-27T08:31:34Z,F,14,available,False,BFI IMAX F 14
2026-09-27T08:31:34Z,F,13,available,False,BFI IMAX F 13
2026-09-27T08:31:34Z,F,12,available,False,BFI IMAX F 12
2026-09-27T08:31:34Z,F,11,available,False,BFI IMAX F 11
2026-09-27T08:31:34Z,F,10,available,False,BFI IMAX F 10
2026-09-27T08:31:34Z,F,9,available,False,BFI IMAX F 9
2026-09-27T08:31:34Z,F,8,available,False,BFI IMAX F 8
2026-09-27T08:31:34Z,F,7,available,False,BFI IMAX F 7
2026-09-27T08:31:34Z,F,6,available,False,BFI IMAX F 6
2026-09-27T08:31:34Z,F,5,available,False,BFI IMAX F 5
2026-09-27T08:31:34Z,F,4,available,False,BFI IMAX F 4
2026-09-27T08:31:34Z,F,3,available,False,BFI IMAX F 3
2026-09-27T08:31:34Z,F,2,available,False,BFI IMAX F 2
2026-09-27T08:31:34Z,F,1,available,False,BFI IMAX F 1
2026-09-27T08:31:34Z,G,37,available,False,BFI IMAX G 37
2026-09-27T08:31:34Z,G,36,available,False,BFI IMAX G 36
2026-09-27T08:31:34Z,G,35,available,False,BFI IMAX G 35
2026-09-27T08:31:34Z,G,34,available,False,BFI IMAX G 34
2026-09-27T08:31:34Z,G,33,available,False,BFI IMAX G 33
2026-09-27T08:31:34Z,G,32,available,False,BFI IMAX G 32
2026-09-27T08:31:34Z,G,31,available,False,BFI IMAX G 31
2026-09-27T08:31:34Z,G,30,available,False,BFI IMAX G 30
2026-09-27T08:31:34Z,G,29,available,False,BFI IMAX G 29
2026-09-27T08:31:34Z,G,28,available,False,BFI IMAX G 28
2026-09-27T08:31:34Z,G,27,available,False,BFI IMAX G 27
2026-09-27T08:31:34Z,G,26,available,False,BFI IMAX G 26
2026-09-27T08:31:34Z,G,25,available,False,BFI IMAX G 25
2026-09-27T08:31:34Z,G,24,available,False,BFI IMAX G 24
2026-09-27T08:31:34Z,G,23,available,False,BFI IMAX G 23
2026-09-27T08:31:34Z,G,22,available,False,BFI IMAX G 22
2026-09-27T08:31:34Z,G,21,available,False,BFI IMAX G 21
2026-09-27T08:31:34Z,G,20,available,False,BFI IMAX G 20
2026-09-27T08:31:34Z,G,19,available,False,BFI IMAX G 19
2026-09-27T08:31:34Z,G,18,available,False,BFI IMAX G 18
2026-09-27T08:31:34Z,G,17,available,False,BFI IMAX G 17
2026-09-27T08:31:34Z,G,16,available,False,BFI IMAX G 16
2026-09-27T08:31:34Z,G,15,available,False,BFI IMAX G 15
2026-09-27T08:31:34Z,G,14,available,False,BFI IMAX G 14
2026-09-27T08:31:34Z,G,13,available,False,BFI IMAX G 13
2026-09-27T08:31:34Z,G,12,available,False,BFI IMAX G 12
2026-09-27T08:31:34Z,G,11,available,False,BFI IMAX G 11
2026-09-27T08:31:34Z,G,10,available,False,BFI IMAX G 10
2026-09-27T08:31:34Z,G,9,available,False,BFI IMAX G 9
2026-09-27T08:31:34Z,G,8,available,False,BFI IMAX G 8
2026-09-27T08:31:34Z,G,7,available,False,BFI IMAX G 7
2026-09-27T08:31:34Z,G,6,available,False,BFI IMAX G 6
2026-09-27T08:31:34Z,G,5,available,False,BFI IMAX G 5
2026-09-27T08:31:34Z,G,4,available,False,BFI IMAX G 4
2026-09-27T08:31:34Z,G,3,available,False,BFI IMAX G 3
2026-09-27T08:31:34Z,G,2,available,False,BFI IMAX G 2
2026-09-27T08:31:34Z,G,1,available,False,BFI IMAX G 1
2026-09-27T08:31:34Z,H,37,available,False,BFI IMAX H 37
2026-09-27T08:31:34Z,H,36,available,False,BFI IMAX H 36
2026-09-27T08:31:34Z,H,35,available,False,BFI IMAX H 35
2026-09-27T08:31:34Z,H,34,available,False,BFI IMAX H 34
2026-09-27T08:31:34Z,H,33,available,False,BFI IMAX H 33
2026-09-27T08:31:34Z,H,32,available,False,BFI IMAX H 32
2026-09-27T08:31:34Z,H,31,available,False,BFI IMAX H 31
2026-09-27T08:31:34Z,H,30,available,False,BFI IMAX H 30
2026-09-27T08:31:34Z,H,29,available,False,BFI IMAX H 29
2026-09-27T08:31:34Z,H,28,available,False,BFI IMAX H 28
2026-09-27T08:31:34Z,H,27,available,False,BFI IMAX H 27
2026-09-27T08:31:34Z,H,26,available,False,BFI IMAX H 26
2026-09-27T08:31:34Z,H,25,available,False,BFI IMAX H 25
2026-09-27T08:31:34Z,H,24,available,False,BFI IMAX H 24
2026-09-27T08:31:34Z,H,23,available,False,BFI IMAX H 23
2026-09-27T08:31:34Z,H,22,available,False,BFI IMAX H 22
2026-09-27T08:31:34Z,H,21,available,False,BFI IMAX H 21
2026-09-27T08:31:34Z,H,20,available,False,BFI IMAX H 20
2026-09-27T08:31:34Z,H,19,available,False,BFI IMAX H 19
2026-09-27T08:31:34Z,H,18,available,False,BFI IMAX H 18
2026-09-27T08:31:34Z,H,17,available,False,BFI IMAX H 17
2026-09-27T08:31:34Z,H,16,available,False,BFI IMAX H 16
2026-09-27T08:31:34Z,H,15,available,False,BFI IMAX H 15
2026-09-27T08:31:34Z,H,14,available,False,BFI IMAX H 14
2026-09-27T08:31:34Z,H,13,available,False,BFI IMAX H 13
2026-09-27T08:31:34Z,H,12,available,False,BFI IMAX H 12
2026-09-27T08:31:34Z,H,11,available,False,BFI IMAX H 11
2026-09-27T08:31:34Z,H,10,available,False,BFI IMAX H 10
2026-09-27T08:31:34Z,H,9,available,False,BFI IMAX H 9
2026-09-27T08:31:34Z,H,8,available,False,BFI IMAX H 8
2026-09-27T08:31:34Z,H,7,available,False,BFI IMAX H 7
2026-09-27T08:31:34Z,H,6,available,False,BFI IMAX H 6
2026-09-27T08:31:34Z,H,5,available,False,BFI IMAX H 5
2026-09-27T08:31:34Z,H,4,available,False,BFI IMAX H 4
2026-09-27T08:31:34Z,H,3,available,False,BFI IMAX H 3
2026-09-27T08:31:34Z,H,2,available,False,BFI IMAX H 2
2026-09-27T08:31:34Z,H,1,available,False,BFI IMAX H 1
2026-09-27T08:31:34Z,J,36,available,False,BFI IMAX J 36
2026-09-27T08:31:34Z,J,35,available,False,BFI IMAX J 35
2026-09-27T08:31:34Z,J,34,available,False,BFI IMAX J 34
2026-09-27T08:31:34Z,J,33,available,False,BFI IMAX J 33
2026-09-27T08:31:34Z,J,32,available,False,BFI IMAX J 32
2026-09-27T08:31:34Z,J,31,available,False,BFI IMAX J 31
2026-09-27T08:31:34Z,J,30,available,False,BFI IMAX J 30
2026-09-27T08:31:34Z,J,29,available,False,BFI IMAX J 29
2026-09-27T08:31:34Z,J,28,available,False,BFI IMAX J 28
2026-09-27T08:31:34Z,J,27,available,False,BFI IMAX J 27
2026-09-27T08:31:34Z,J,26,available,False,BFI IMAX J 26
2026-09-27T08:31:34Z,J,25,available,False,BFI IMAX J 25
2026-09-27T08:31:34Z,J,24,available,False,BFI IMAX J 24
2026-09-27T08:31:34Z,J,23,available,False,BFI IMAX J 23
2026-09-27T08:31:34Z,J,22,available,False,BFI IMAX J 22
2026-09-27T08:31:34Z,J,21,available,False,BFI IMAX J 21
2026-09-27T08:31:34Z,J,20,available,False,BFI IMAX J 20
2026-09-27T08:31:34Z,J,19,available,False,BFI IMAX J 19
2026-09-27T08:31:34Z,J,18,available,False,BFI IMAX J 18
2026-09-27T08:31:34Z,J,17,available,False,BFI IMAX J 17
2026-09-27T08:31:34Z,J,16,available,False,BFI IMAX J 16
2026-09-27T08:31:34Z,J,15,available,False,BFI IMAX J 15
2026-09-27T08:31:34Z,J,14,available,False,BFI IMAX J 14
2026-09-27T08:31:34Z,J,13,available,False,BFI IMAX J 13
2026-09-27T08:31:34Z,J,12,available,False,BFI IMAX J 12
2026-09-27T08:31:34Z,J,11,available,False,BFI IMAX J 11
2026-09-27T08:31:34Z,J,10,available,False,BFI IMAX J 10
2026-09-27T08:31:34Z,J,9,available,False,BFI IMAX J 9
2026-09-27T08:31:34Z,J,8,available,False,BFI IMAX J 8
2026-09-27T08:31:34Z,J,7,available,False,BFI IMAX J 7
2026-09-27T08:31:34Z,J,6,available,False,BFI IMAX J 6
2026-09-27T08:31:34Z,J,5,available,False,BFI IMAX J 5
2026-09-27T08:31:34Z,J,4,available,False,BFI IMAX J 4
2026-09-27T08:31:34Z,J,3,available,False,BFI IMAX J 3
2026-09-27T08:31:34Z,J,2,available,False,BFI IMAX J 2
2026-09-27T08:31:34Z,J,1,available,False,BFI IMAX J 1
2026-09-27T08:31:34Z,K,36,available,False,BFI IMAX K 36
2026-09-27T08:31:34Z,K,35,available,False,BFI IMAX K 35
2026-09-27T08:31:34Z,K,34,available,False,BFI IMAX K 34
2026-09-27T08:31:34Z,K,33,available,False,BFI IMAX K 33
2026-09-27T08:31:34Z,K,32,available,False,BFI IMAX K 32
2026-09-27T08:31:34Z,K,31,available,False,BFI IMAX K 31
2026-09-27T08:31:34Z,K,30,available,False,BFI IMAX K 30
2026-09-27T08:31:34Z,K,29,available,False,BFI IMAX K 29
2026-09-27T08:31:34Z,K,28,available,False,BFI IMAX K 28
2026-09-27T08:31:34Z,A,13,available,False,BFI IMAX A 13
2026-09-27T08:31:34Z,A,12,available,False,BFI IMAX A 12
2026-09-27T08:31:34Z,K,25,available,False,BFI IMAX K 25
2026-09-27T08:31:34Z,K,24,available,False,BFI IMAX K 24
2026-09-27T08:31:34Z,K,23,available,False,BFI IMAX K 23
2026-09-27T08:31:34Z,K,22,available,False,BFI IMAX K 22
2026-09-27T08:31:34Z,K,21,available,False,BFI IMAX K 21
2026-09-27T08:31:34Z,K,20,available,False,BFI IMAX K 20
2026-09-27T08:31:34Z,K,19,sold,False,BFI IMAX K 19
2026-09-27T08:31:34Z,K,18,available,False,BFI IMAX K 18
2026-09-27T08:31:34Z,K,17,available,False,BFI IMAX K 17
2026-09-27T08:31:34Z,K,16,available,False,BFI IMAX K 16
2026-09-27T08:31:34Z,K,15,available,False,BFI IMAX K 15
2026-09-27T08:31:34Z,K,14,available,False,BFI IMAX K 14
2026-09-27T08:31:34Z,K,13,available,False,BFI IMAX K 13
2026-09-27T08:31:34Z,K,12,available,False,BFI IMAX K 12
2026-09-27T08:31:34Z,K,11,available,False,BFI IMAX K 11
2026-09-27T08:31:34Z,K,10,available,False,BFI IMAX K 10
2026-09-27T08:31:34Z,K,9,available,False,BFI IMAX K 9
2026-09-27T08:31:34Z,K,8,available,False,BFI IMAX K 8
2026-09-27T08:31:34Z,K,7,available,False,BFI IMAX K 7
2026-09-27T08:31:34Z,K,6,available,False,BFI IMAX K 6
2026-09-27T08:31:34Z,K,5,available,False,BFI IMAX K 5
2026-09-27T08:31:34Z,K,4,available,False,BFI IMAX K 4
2026-09-27T08:31:34Z,K,3,available,False,BFI IMAX K 3
2026-09-27T08:31:34Z,K,2,available,False,BFI IMAX K 2
2026-09-27T08:31:34Z,K,1,available,False,BFI IMAX K 1
2026-09-27T08:31:34Z,L,33,available,False,BFI IMAX L 33
2026-09-27T08:31:34Z,L,32,available,False,BFI IMAX L 32
2026-09-27T08:31:34Z,L,31,available,False,BFI IMAX L 31
2026-09-27T08:31:34Z,L,30,available,False,BFI IMAX L 30
2026-09-27T08:31:34Z,L,29,available,False,BFI IMAX L 29
2026-09-27T08:31:34Z,L,28,available,False,BFI IMAX L 28
2026-09-27T08:31:34Z,L,27,available,False,BFI IMAX L 27
2026-09-27T08:31:34Z,L,26,available,False,BFI IMAX L 26
2026-09-27T08:31:34Z,L,8,available,False,BFI IMAX L 8
2026-09-27T08:31:34Z,L,7,available,False,BFI IMAX L 7
2026-09-27T08:31:34Z,L,6,available,False,BFI IMAX L 6
2026-09-27T08:31:34Z,L,5,available,False,BFI IMAX L 5
2026-09-27T08:31:34Z,L,4,available,False,BFI IMAX L 4
2026-09-27T08:31:34Z,L,3,available,False,BFI IMAX L 3
2026-09-27T08:31:34Z,L,2,available,False,BFI IMAX L 2
2026-09-27T08:31:34Z,L,1,available,False,BFI IMAX L 1
2026-09-27T08:31:34Z,M,34,available,False,BFI IMAX M 34
2026-09-27T08:31:34Z,M,33,available,False,BFI IMAX M 33
2026-09-27T08:31:34Z,M,32,available,False,BFI IMAX M 32
2026-09-27T08:31:34Z,M,31,available,False,BFI IMAX M 31
2026-09-27T08:31:34Z,M,30,available,False,BFI IMAX M 30
2026-09-27T08:31:34Z,M,29,available,False,BFI IMAX M 29
2026-09-27T08:31:34Z,M,28,available,False,BFI IMAX M 28
2026-09-27T08:31:34Z,M,27,sold,False,BFI IMAX M 27
2026-09-27T08:31:34Z,M,8,available,False,BFI IMAX M 8
2026-09-27T08:31:34Z,M,7,available,False,BFI IMAX M 7
2026-09-27T08:31:34Z,M,6,available,False,BFI IMAX M 6
2026-09-27T08:31:34Z,M,5,available,False,BFI IMAX M 5
2026-09-27T08:31:34Z,M,4,available,False,BFI IMAX M 4
2026-09-27T08:31:34Z,M,3,available,False,BFI IMAX M 3
2026-09-27T08:31:34Z,M,2,available,False,BFI IMAX M 2
2026-09-27T08:31:34Z,M,1,available,False,BFI IMAX M 1
2026-09-27T08:31:34Z,N,34,unavailable,False,BFI IMAX N 34
2026-09-27T08:31:34Z,N,33,unavailable,False,BFI IMAX N 33
2026-09-27T08:31:34Z,N,32,unavailable,False,BFI IMAX N 32
2026-09-27T08:31:34Z,N,31,unavailable,False,BFI IMAX N 31
2026-09-27T08:31:34Z,N,30,unavailable,False,BFI IMAX N 30
2026-09-27T08:31:34Z,N,29,unavailable,False,BFI IMAX N 29
2026-09-27T08:31:34Z,N,28,unavailable,False,BFI IMAX N 28
2026-09-27T08:31:34Z,N,27,unavailable,False,BFI IMAX N 27
2026-09-27T08:31:34Z,N,8,available,False,BFI IMAX N 8
2026-09-27T08:31:34Z,N,7,available,False,BFI IMAX N 7
2026-09-27T08:31:34Z,N,6,available,False,BFI IMAX N 6
2026-09-27T08:31:34Z,N,5,available,False,BFI IMAX N 5
2026-09-27T08:31:34Z,N,4,available,False,BFI IMAX N 4
2026-09-27T08:31:34Z,N,3,available,False,BFI IMAX N 3
2026-09-27T08:31:34Z,N,2,available,False,BFI IMAX N 2
2026-09-27T08:31:34Z,N,1,available,False,BFI IMAX N 1
2026-09-27T08:31:34Z,A,11,available,False,BFI IMAX A 11
2026-09-27T08:31:34Z,A,10,available,False,BFI IMAX A 10
2026-09-27T08:31:34Z,A,9,available,False,BFI IMAX A 9
2026-09-27T08:31:34Z,A,8,available,False,BFI IMAX A 8
2026-09-27T08:31:34Z,M,15,available,False,BFI IMAX M 15
2026-09-27T08:31:34Z,M,14,available,False,BFI IMAX M 14
2026-09-27T08:31:34Z,M,13,available,False,BFI IMAX M 13
2026-09-27T08:31:34Z,M,12,available,False,BFI IMAX M 12
2026-09-27T08:31:34Z,M,11,available,False,BFI IMAX M 11
2026-09-27T08:31:34Z,M,10,available,False,BFI IMAX M 10
2026-09-27T08:31:34Z,M,9,available,False,BFI IMAX M 9
2026-09-27T08:31:34Z,L,9,available,False,BFI IMAX L 9
2026-09-27T08:31:34Z,L,25,available,False,BFI IMAX L 25
2026-09-27T08:31:34Z,L,24,available,False,BFI IMAX L 24
2026-09-27T08:31:34Z,L,23,available,False,BFI IMAX L 23
2026-09-27T08:31:34Z,L,22,available,False,BFI IMAX L 22
2026-09-27T08:31:34Z,L,21,available,False,BFI IMAX L 21
2026-09-27T08:31:34Z,L,20,available,False,BFI IMAX L 20
2026-09-27T08:31:34Z,L,19,available,False,BFI IMAX L 19
2026-09-27T08:31:34Z,L,18,sold,False,BFI IMAX L 18
2026-09-27T08:31:34Z,L,17,sold,False,BFI IMAX L 17
2026-09-27T08:31:34Z,L,16,available,False,BFI IMAX L 16
2026-09-27T08:31:34Z,L,15,available,False,BFI IMAX L 15
2026-09-27T08:31:34Z,L,14,available,False,BFI IMAX L 14
2026-09-27T08:31:34Z,L,13,available,False,BFI IMAX L 13
2026-09-27T08:31:34Z,L,12,available,False,BFI IMAX L 12
2026-09-27T08:31:34Z,L,11,available,False,BFI IMAX L 11
2026-09-27T08:31:34Z,N,26,unavailable,False,BFI IMAX N 26
2026-09-27T08:31:34Z,N,25,unavailable,False,BFI IMAX N 25
2026-09-27T08:31:34Z,N,24,unavailable,False,BFI IMAX N 24
2026-09-27T08:31:34Z,N,23,unavailable,False,BFI IMAX N 23
2026-09-27T08:31:34Z,N,22,available,False,BFI IMAX N 22
2026-09-27T08:31:34Z,N,21,available,False,BFI IMAX N 21
2026-09-27T08:31:34Z,N,20,available,False,BFI IMAX N 20
2026-09-27T08:31:34Z,N,19,available,False,BFI IMAX N 19
2026-09-27T08:31:34Z,N,18,available,False,BFI IMAX N 18
2026-09-27T08:31:34Z,N,17,available,False,BFI IMAX N 17
2026-09-27T08:31:34Z,N,16,available,False,BFI IMAX N 16
2026-09-27T08:31:34Z,N,15,available,False,BFI IMAX N 15
2026-09-27T08:31:34Z,N,14,available,False,BFI IMAX N 14
2026-09-27T08:31:34Z,N,13,available,False,BFI IMAX N 13
2026-09-27T08:31:34Z,N,12,unavailable,False,BFI IMAX N 12
2026-09-27T08:31:34Z,N,11,unavailable,False,BFI IMAX N 11
2026-09-27T08:31:34Z,N,10,unavailable,False,BFI IMAX N 10
2026-09-27T08:31:34Z,N,9,unavailable,False,BFI IMAX N 9
2026-09-27T08:31:34Z,L,10,available,False,BFI IMAX L 10
2026-09-27T08:31:34Z,M,26,available,False,BFI IMAX M 26
2026-09-27T08:31:34Z,M,25,available,False,BFI IMAX M 25
2026-09-27T08:31:34Z,M,24,available,False,BFI IMAX M 24
2026-09-27T08:31:34Z,M,23,available,False,BFI IMAX M 23
2026-09-27T08:31:34Z,M,22,available,False,BFI IMAX M 22
2026-09-27T08:31:34Z,M,21,available,False,BFI IMAX M 21
2026-09-27T08:31:34Z,M,20,available,False,BFI IMAX M 20
2026-09-27T08:31:34Z,M,19,sold,False,BFI IMAX M 19
2026-09-27T08:31:34Z,M,18,sold,False,BFI IMAX M 18
2026-09-27T08:31:34Z,M,17,sold,False,BFI IMAX M 17
2026-09-27T08:31:34Z,M,16,available,False,BFI IMAX M 16
2026-09-27T08:31:34Z,P,27,available,True,BFI IMAX P 27
2026-09-27T08:31:34Z,P,26,unavailable,False,BFI IMAX P 26
2026-09-27T08:31:34Z,P,6,unavailable,False,BFI IMAX P 6
2026-09-27T08:31:34Z,P,5,available,True,BFI IMAX P 5
2026-09-27T08:31:34Z,P,31,unavailable,False,BFI IMAX P 31
2026-09-27T08:31:34Z,P,30,available,True,BFI IMAX P 30
2026-09-27T08:31:34Z,P,2,available,True,BFI IMAX P 2
2026-09-27T08:31:34Z,P,1,unavailable,False,BFI IMAX P 1
2026-09-27T08:31:34Z,P,21,available,False,BFI IMAX P 21
2026-09-27T08:31:34Z,P,20,available,False,BFI IMAX P 20
2026-09-27T08:31:34Z,P,19,available,False,BFI IMAX P 19
2026-09-27T08:31:34Z,P,18,available,False,BFI IMAX P 18
2026-09-27T08:31:34Z,P,17,available,False,BFI IMAX P 17
2026-09-27T08:31:34Z,P,16,available,False,BFI IMAX P 16
2026-09-27T08:31:34Z,P,15,available,False,BFI IMAX P 15
2026-09-27T08:31:34Z,P,14,available,False,BFI IMAX P 14
2026-09-27T08:31:34Z,P,13,available,False,BFI IMAX P 13
2026-09-27T08:31:34Z,P,12,available,False,BFI IMAX P 12
2026-09-27T08:31:34Z,P,11,available,False,BFI IMAX P 11
2026-09-27T08:31:34Z,P,9,available,False,BFI IMAX P 9
2026-09-27T08:31:34Z,P,8,available,False,BFI IMAX P 8
2026-09-27T08:31:34Z,P,7,available,False,BFI IMAX P 7
2026-09-27T08:31:34Z,P,10,available,False,BFI IMAX P 10
2026-09-27T08:31:34Z,P,25,available,False,BFI IMAX P 25
2026-09-27T08:31:34Z,P,24,available,False,BFI IMAX P 24
2026-09-27T08:31:34Z,P,23,available,False,BFI IMAX P 23
2026-09-27T08:31:34Z,P,22,available,False,BFI IMAX P 22
2026-09-27T08:31:34Z,Q,18,sold,False,BFI IMAX Q 18
2026-09-27T08:31:34Z,Q,17,available,False,BFI IMAX Q 17
2026-09-27T08:31:34Z,Q,16,available,False,BFI IMAX Q 16
2026-09-27T08:31:34Z,Q,15,available,False,BFI IMAX Q 15
2026-09-27T08:31:34Z,Q,14,available,False,BFI IMAX Q 14
2026-09-27T08:31:34Z,Q,13,available,False,BFI IMAX Q 13
2026-09-27T08:31:34Z,Q,12,available,False,BFI IMAX Q 12
2026-09-27T08:31:34Z,Q,11,available,False,BFI IMAX Q 11
2026-09-27T08:31:34Z,Q,10,available,False,BFI IMAX Q 10
2026-09-27T08:31:34Z,Q,9,sold,False,BFI IMAX Q 9
2026-09-27T08:31:34Z,Q,8,available,False,BFI IMAX Q 8
2026-09-27T08:31:34Z,Q,7,available,False,BFI IMAX Q 7
2026-09-27T08:31:34Z,Q,6,available,False,BFI IMAX Q 6
2026-09-27T08:31:34Z,Q,5,available,False,BFI IMAX Q 5
2026-09-27T08:31:34Z,Q,4,available,False,BFI IMAX Q 4
2026-09-27T08:31:34Z,Q,3,available,False,BFI IMAX Q 3
2026-09-27T08:31:34Z,Q,2,available,False,BFI IMAX Q 2
2026-09-27T08:31:34Z,Q,1,available,False,BFI IMAX Q 1
2026-09-27T18:41:39Z,K,27,unavailable,False,BFI IMAX K 27
2026-09-27T18:41:39Z,K,26,unavailable,False,BFI IMAX K 26
2026-09-27T18:41:39Z,P,29,available,True,BFI IMAX P 29
2026-09-27T18:41:39Z,P,28,available,True,BFI IMAX P 28
2026-09-27T18:41:39Z,P,4,available,True,BFI IMAX P 4
2026-09-27T18:41:39Z,P,3,available,True,BFI IMAX P 3
2026-09-27T18:41:39Z,A,7,available,False,BFI IMAX A 7
2026-09-27T18:41:39Z,A,6,available,False,BFI IMAX A 6
2026-09-27T18:41:39Z,A,5,available,False,BFI IMAX A 5
2026-09-27T18:41:39Z,A,4,available,False,BFI IMAX A 4
2026-09-27T18:41:39Z,A,3,available,False,BFI IMAX A 3
2026-09-27T18:41:39Z,A,2,available,False,BFI IMAX A 2
2026-09-27T18:41:39Z,A,1,available,False,BFI IMAX A 1
2026-09-27T18:41:39Z,B,36,available,False,BFI IMAX B 36
2026-09-27T18:41:39Z,B,35,available,False,BFI IMAX B 35
2026-09-27T18:41:39Z,B,34,available,False,BFI IMAX B 34
2026-09-27T18:41:39Z,B,33,available,False,BFI IMAX B 33
2026-09-27T18:41:39Z,B,32,available,False,BFI IMAX B 32
2026-09-27T18:41:39Z,B,31,available,False,BFI IMAX B 31
2026-09-27T18:41:39Z,B,30,available,False,BFI IMAX B 30
2026-09-27T18:41:39Z,B,29,available,False,BFI IMAX B 29
2026-09-27T18:41:39Z,B,28,available,False,BFI IMAX B 28
2026-09-27T18:41:39Z,B,27,available,False,BFI IMAX B 27
2026-09-27T18:41:39Z,B,26,available,False,BFI IMAX B 26
2026-09-27T18:41:39Z,B,25,available,False,BFI IMAX B 25
2026-09-27T18:41:39Z,B,24,available,False,BFI IMAX B 24
2026-09-27T18:41:39Z,B,23,available,False,BFI IMAX B 23
2026-09-27T18:41:39Z,B,22,available,False,BFI IMAX B 22
2026-09-27T18:41:39Z,B,21,available,False,BFI IMAX B 21
2026-09-27T18:41:39Z,B,20,available,False,BFI IMAX B 20
2026-09-27T18:41:39Z,B,19,available,False,BFI IMAX B 19
2026-09-27T18:41:39Z,B,18,available,False,BFI IMAX B 18
2026-09-27T18:41:39Z,B,17,available,False,BFI IMAX B 17
2026-09-27T18:41:39Z,B,16,available,False,BFI IMAX B 16
2026-09-27T18:41:39Z,B,15,available,False,BFI IMAX B 15
2026-09-27T18:41:39Z,B,14,available,False,BFI IMAX B 14
2026-09-27T18:41:39Z,B,13,available,False,BFI IMAX B 13
2026-09-27T18:41:39Z,B,12,available,False,BFI IMAX B 12
2026-09-27T18:41:39Z,B,11,available,False,BFI IMAX B 11
2026-09-27T18:41:39Z,B,10,available,False,BFI IMAX B 10
2026-09-27T18:41:39Z,B,9,available,False,BFI IMAX B 9
2026-09-27T18:41:39Z,B,8,available,False,BFI IMAX B 8
2026-09-27T18:41:39Z,B,7,available,False,BFI IMAX B 7
2026-09-27T18:41:39Z,B,6,available,False,BFI IMAX B 6
2026-09-27T18:41:39Z,B,5,available,False,BFI IMAX B 5
2026-09-27T18:41:39Z,B,4,available,False,BFI IMAX B 4
2026-09-27T18:41:39Z,B,3,available,False,BFI IMAX B 3
2026-09-27T18:41:39Z,B,2,available,False,BFI IMAX B 2
2026-09-27T18:41:39Z,B,1,available,False,BFI IMAX B 1
2026-09-27T18:41:39Z,C,36,available,False,BFI IMAX C 36
2026-09-27T18:41:39Z,C,35,available,False,BFI IMAX C 35
2026-09-27T18:41:39Z,C,34,available,False,BFI IMAX C 34
2026-09-27T18:41:39Z,C,33,available,False,BFI IMAX C 33
2026-09-27T18:41:39Z,C,32,available,False,BFI IMAX C 32
2026-09-27T18:41:39Z,C,31,available,False,BFI IMAX C 31
2026-09-27T18:41:39Z,C,30,available,False,BFI IMAX C 30
2026-09-27T18:41:39Z,C,29,available,False,BFI IMAX C 29
2026-09-27T18:41:39Z,C,28,available,False,BFI IMAX C 28
2026-09-27T18:41:39Z,C,27,available,False,BFI IMAX C 27
2026-09-27T18:41:39Z,C,26,available,False,BFI IMAX C 26
2026-09-27T18:41:39Z,C,25,sold,False,BFI IMAX C 25
2026-09-27T18:41:39Z,C,24,available,False,BFI IMAX C 24
2026-09-27T18:41:39Z,C,23,available,False,BFI IMAX C 23
2026-09-27T18:41:39Z,C,22,available,False,BFI IMAX C 22
2026-09-27T18:41:39Z,C,21,available,False,BFI IMAX C 21
2026-09-27T18:41:39Z,C,20,available,False,BFI IMAX C 20
2026-09-27T18:41:39Z,C,19,available,False,BFI IMAX C 19
2026-09-27T18:41:39Z,C,18,available,False,BFI IMAX C 18
2026-09-27T18:41:39Z,C,17,available,False,BFI IMAX C 17
2026-09-27T18:41:39Z,C,16,available,False,BFI IMAX C 16
2026-09-27T18:41:39Z,C,15,available,False,BFI IMAX C 15
2026-09-27T18:41:39Z,C,14,available,False,BFI IMAX C 14
2026-09-27T18:41:39Z,C,13,available,False,BFI IMAX C 13
2026-09-27T18:41:39Z,C,12,available,False,BFI IMAX C 12
2026-09-27T18:41:39Z,C,11,available,False,BFI IMAX C 11
2026-09-27T18:41:39Z,C,10,available,False,BFI IMAX C 10
2026-09-27T18:41:39Z,C,9,available,False,BFI IMAX C 9
2026-09-27T18:41:39Z,C,8,available,False,BFI IMAX C 8
2026-09-27T18:41:39Z,C,7,available,False,BFI IMAX C 7
2026-09-27T18:41:39Z,C,6,available,False,BFI IMAX C 6
2026-09-27T18:41:39Z,C,5,available,False,BFI IMAX C 5
2026-09-27T18:41:39Z,C,4,available,False,BFI IMAX C 4
2026-09-27T18:41:39Z,C,3,available,False,BFI IMAX C 3
2026-09-27T18:41:39Z,C,2,available,False,BFI IMAX C 2
2026-09-27T18:41:39Z,C,1,available,False,BFI IMAX C 1
2026-09-27T18:41:39Z,D,37,available,False,BFI IMAX D 37
2026-09-27T18:41:39Z,D,36,available,False,BFI IMAX D 36
2026-09-27T18:41:39Z,D,35,available,False,BFI IMAX D 35
2026-09-27T18:41:39Z,D,34,available,False,BFI IMAX D 34
2026-09-27T18:41:39Z,D,33,available,False,BFI IMAX D 33
2026-09-27T18:41:39Z,D,32,available,False,BFI IMAX D 32
2026-09-27T18:41:39Z,D,31,available,False,BFI IMAX D 31
2026-09-27T18:41:39Z,D,30,available,False,BFI IMAX D 30
2026-09-27T18:41:39Z,D,29,available,False,BFI IMAX D 29
2026-09-27T18:41:39Z,D,28,available,False,BFI IMAX D 28
2026-09-27T18:41:39Z,D,27,available,False,BFI IMAX D 27
2026-09-27T18:41:39Z,D,26,available,False,BFI IMAX D 26
2026-09-27T18:41:39Z,D,25,available,False,BFI IMAX D 25
2026-09-27T18:41:39Z,D,24,available,False,BFI IMAX D 24
2026-09-27T18:41:39Z,D,23,available,False,BFI IMAX D 23
2026-09-27T18:41:39Z,D,22,available,False,BFI IMAX D 22
2026-09-27T18:41:39Z,D,21,available,False,BFI IMAX D 21
2026-09-27T18:41:39Z,D,20,available,False,BFI IMAX D 20
2026-09-27T18:41:39Z,D,19,available,False,BFI IMAX D 19
2026-09-27T18:41:39Z,D,18,available,False,BFI IMAX D 18
2026-09-27T18:41:39Z,D,17,available,False,BFI IMAX D 17
2026-09-27T18:41:39Z,D,16,available,False,BFI IMAX D 16
2026-09-27T18:41:39Z,D,15,available,False,BFI IMAX D 15
2026-09-27T18:41:39Z,D,14,available,False,BFI IMAX D 14
2026-09-27T18:41:39Z,D,13,available,False,BFI IMAX D 13
2026-09-27T18:41:39Z,D,12,available,False,BFI IMAX D 12
2026-09-27T18:41:39Z,D,11,available,False,BFI IMAX D 11
2026-09-27T18:41:39Z,D,10,available,False,BFI IMAX D 10
2026-09-27T18:41:39Z,D,9,available,False,BFI IMAX D 9
2026-09-27T18:41:39Z,D,8,available,False,BFI IMAX D 8
2026-09-27T18:41:39Z,D,7,available,False,BFI IMAX D 7
2026-09-27T18:41:39Z,D,6,available,False,BFI IMAX D 6
2026-09-27T18:41:39Z,D,5,available,False,BFI IMAX D 5
2026-09-27T18:41:39Z,D,4,available,False,BFI IMAX D 4
2026-09-27T18:41:39Z,D,3,available,False,BFI IMAX D 3
2026-09-27T18:41:39Z,D,2,available,False,BFI IMAX D 2
2026-09-27T18:41:39Z,D,1,available,False,BFI IMAX D 1
2026-09-27T18:41:39Z,E,37,available,False,BFI IMAX E 37
2026-09-27T18:41:39Z,E,36,available,False,BFI IMAX E 36
2026-09-27T18:41:39Z,E,35,available,False,BFI IMAX E 35
2026-09-27T18:41:39Z,E,34,available,False,BFI IMAX E 34
2026-09-27T18:41:39Z,E,33,available,False,BFI IMAX E 33
2026-09-27T18:41:39Z,E,32,available,False,BFI IMAX E 32
2026-09-27T18:41:39Z,E,31,available,False,BFI IMAX E 31
2026-09-27T18:41:39Z,E,30,available,False,BFI IMAX E 30
2026-09-27T18:41:39Z,E,29,available,False,BFI IMAX E 29
2026-09-27T18:41:39Z,E,28,available,False,BFI IMAX E 28
2026-09-27T18:41:39Z,E,27,available,False,BFI IMAX E 27
2026-09-27T18:41:39Z,E,26,available,False,BFI IMAX E 26
2026-09-27T18:41:39Z,E,25,available,False,BFI IMAX E 25
2026-09-27T18:41:39Z,E,24,available,False,BFI IMAX E 24
2026-09-27T18:41:39Z,E,23,available,False,BFI IMAX E 23
2026-09-27T18:41:39Z,E,22,available,False,BFI IMAX E 22
2026-09-27T18:41:39Z,E,21,available,False,BFI IMAX E 21
2026-09-27T18:41:39Z,E,20,available,False,BFI IMAX E 20
2026-09-27T18:41:39Z,E,19,available,False,BFI IMAX E 19
2026-09-27T18:41:39Z,E,18,available,False,BFI IMAX E 18
2026-09-27T18:41:39Z,E,17,available,False,BFI IMAX E 17
2026-09-27T18:41:39Z,E,16,available,False,BFI IMAX E 16
2026-09-27T18:41:39Z,E,15,available,False,BFI IMAX E 15
2026-09-27T18:41:39Z,E,14,available,False,BFI IMAX E 14
2026-09-27T18:41:39Z,E,13,available,False,BFI IMAX E 13
2026-09-27T18:41:39Z,E,12,available,False,BFI IMAX E 12
2026-09-27T18:41:39Z,E,11,available,False,BFI IMAX E 11
2026-09-27T18:41:39Z,E,10,available,False,BFI IMAX E 10
2026-09-27T18:41:39Z,E,9,available,False,BFI IMAX E 9
2026-09-27T18:41:39Z,E,8,available,False,BFI IMAX E 8
2026-09-27T18:41:39Z,E,7,available,False,BFI IMAX E 7
2026-09-27T18:41:39Z,E,6,available,False,BFI IMAX E 6
2026-09-27T18:41:39Z,E,5,available,False,BFI IMAX E 5
2026-09-27T18:41:39Z,E,4,available,False,BFI IMAX E 4
2026-09-27T18:41:39Z,E,3,available,False,BFI IMAX E 3
2026-09-27T18:41:39Z,E,2,available,False,BFI IMAX E 2
2026-09-27T18:41:39Z,E,1,available,False,BFI IMAX E 1
2026-09-27T18:41:39Z,F,38,available,False,BFI IMAX F 38
2026-09-27T18:41:39Z,F,37,available,False,BFI IMAX F 37
2026-09-27T18:41:39Z,F,36,available,False,BFI IMAX F 36
2026-09-27T18:41:39Z,F,35,available,False,BFI IMAX F 35
2026-09-27T18:41:39Z,F,34,available,False,BFI IMAX F 34
2026-09-27T18:41:39Z,F,33,available,False,BFI IMAX F 33
2026-09-27T18:41:39Z,F,32,available,False,BFI IMAX F 32
2026-09-27T18:41:39Z,F,31,available,False,BFI IMAX F 31
2026-09-27T18:41:39Z,F,30,available,False,BFI IMAX F 30
2026-09-27T18:41:39Z,F,29,available,False,BFI IMAX F 29
2026-09-27T18:41:39Z,F,28,available,False,BFI IMAX F 28
2026-09-27T18:41:39Z,F,27,available,False,BFI IMAX F 27
2026-09-27T18:41:39Z,F,26,available,False,BFI IMAX F 26
2026-09-27T18:41:39Z,F,25,available,False,BFI IMAX F 25
2026-09-27T18:41:39Z,F,24,available,False,BFI IMAX F 24
2026-09-27T18:41:39Z,F,23,available,False,BFI IMAX F 23
2026-09-27T18:41:39Z,F,22,available,False,BFI IMAX F 22
2026-09-27T18:41:39Z,F,21,available,False,BFI IMAX F 21
2026-09-27T18:41:39Z,F,20,available,False,BFI IMAX F 20
2026-09-27T18:41:39Z,F,19,available,False,BFI IMAX F 19
2026-09-27T18:41:39Z,F,18,available,False,BFI IMAX F 18
2026-09-27T18:41:39Z,F,17,available,False,BFI IMAX F 17
2026-09-27T18:41:39Z,F,16,available,False,BFI IMAX F 16
2026-09-27T18:41:39Z,F,15,available,False,BFI IMAX F 15
2026-09-27T18:41:39Z,F,14,available,False,BFI IMAX F 14
2026-09-27T18:41:39Z,F,13,available,False,BFI IMAX F 13
2026-09-27T18:41:39Z,F,12,available,False,BFI IMAX F 12
2026-09-27T18:41:39Z,F,11,available,False,BFI IMAX F 11
2026-09-27T18:41:39Z,F,10,available,False,BFI IMAX F 10
2026-09-27T18:41:39Z,F,9,available,False,BFI IMAX F 9
2026-09-27T18:41:39Z,F,8,available,False,BFI IMAX F 8
2026-09-27T18:41:39Z,F,7,available,False,BFI IMAX F 7
2026-09-27T18:41:39Z,F,6,available,False,BFI IMAX F 6
2026-09-27T18:41:39Z,F,5,available,False,BFI IMAX F 5
2026-09-27T18:41:39Z,F,4,available,False,BFI IMAX F 4
2026-09-27T18:41:39Z,F,3,available,False,BFI IMAX F 3
2026-09-27T18:41:39Z,F,2,available,False,BFI IMAX F 2
2026-09-27T18:41:39Z,F,1,available,False,BFI IMAX F 1
2026-09-27T18:41:39Z,G,37,available,False,BFI IMAX G 37
2026-09-27T18:41:39Z,G,36,available,False,BFI IMAX G 36
2026-09-27T18:41:39Z,G,35,available,False,BFI IMAX G 35
2026-09-27T18:41:39Z,G,34,available,False,BFI IMAX G 34
2026-09-27T18:41:39Z,G,33,available,False,BFI IMAX G 33
2026-09-27T18:41:39Z,G,32,available,False,BFI IMAX G 32
2026-09-27T18:41:39Z,G,31,available,False,BFI IMAX G 31
2026-09-27T18:41:39Z,G,30,available,False,BFI IMAX G 30
2026-09-27T18:41:39Z,G,29,available,False,BFI IMAX G 29
2026-09-27T18:41:39Z,G,28,available,False,BFI IMAX G 28
2026-09-27T18:41:39Z,G,27,available,False,BFI IMAX G 27
2026-09-27T18:41:39Z,G,26,available,False,BFI IMAX G 26
2026-09-27T18:41:39Z,G,25,available,False,BFI IMAX G 25
2026-09-27T18:41:39Z,G,24,available,False,BFI IMAX G 24
2026-09-27T18:41:39Z,G,23,available,False,BFI IMAX G 23
2026-09-27T18:41:39Z,G,22,available,False,BFI IMAX G 22
2026-09-27T18:41:39Z,G,21,available,False,BFI IMAX G 21
2026-09-27T18:41:39Z,G,20,available,False,BFI IMAX G 20
2026-09-27T18:41:39Z,G,19,available,False,BFI IMAX G 19
2026-09-27T18:41:39Z,G,18,available,False,BFI IMAX G 18
2026-09-27T18:41:39Z,G,17,available,False,BFI IMAX G 17
2026-09-27T18:41:39Z,G,16,available,False,BFI IMAX G 16
2026-09-27T18:41:39Z,G,15,available,False,BFI IMAX G 15
2026-09-27T18:41:39Z,G,14,available,False,BFI IMAX G 14
2026-09-27T18:41:39Z,G,13,available,False,BFI IMAX G 13
2026-09-27T18:41:39Z,G,12,available,False,BFI IMAX G 12
2026-09-27T18:41:39Z,G,11,available,False,BFI IMAX G 11
2026-09-27T18:41:39Z,G,10,available,False,BFI IMAX G 10
2026-09-27T18:41:39Z,G,9,available,False,BFI IMAX G 9
2026-09-27T18:41:39Z,G,8,available,False,BFI IMAX G 8
2026-09-27T18:41:39Z,G,7,available,False,BFI IMAX G 7
2026-09-27T18:41:39Z,G,6,available,False,BFI IMAX G 6
2026-09-27T18:41:39Z,G,5,available,False,BFI IMAX G 5
2026-09-27T18:41:39Z,G,4,available,False,BFI IMAX G 4
2026-09-27T18:41:39Z,G,3,available,False,BFI IMAX G 3
2026-09-27T18:41:39Z,G,2,available,False,BFI IMAX G 2
2026-09-27T18:41:39Z,G,1,available,False,BFI IMAX G 1
2026-09-27T18:41:39Z,H,37,available,False,BFI IMAX H 37
2026-09-27T18:41:39Z,H,36,available,False,BFI IMAX H 36
2026-09-27T18:41:39Z,H,35,available,False,BFI IMAX H 35
2026-09-27T18:41:39Z,H,34,available,False,BFI IMAX H 34
2026-09-27T18:41:39Z,H,33,available,False,BFI IMAX H 33
2026-09-27T18:41:39Z,H,32,available,False,BFI IMAX H 32
2026-09-27T18:41:39Z,H,31,available,False,BFI IMAX H 31
2026-09-27T18:41:39Z,H,30,available,False,BFI IMAX H 30
2026-09-27T18:41:39Z,H,29,available,False,BFI IMAX H 29
2026-09-27T18:41:39Z,H,28,available,False,BFI IMAX H 28
2026-09-27T18:41:39Z,H,27,available,False,BFI IMAX H 27
2026-09-27T18:41:39Z,H,26,available,False,BFI IMAX H 26
2026-09-27T18:41:39Z,H,25,available,False,BFI IMAX H 25
2026-09-27T18:41:39Z,H,24,available,False,BFI IMAX H 24
2026-09-27T18:41:39Z,H,23,available,False,BFI IMAX H 23
2026-09-27T18:41:39Z,H,22,available,False,BFI IMAX H 22
2026-09-27T18:41:39Z,H,21,available,False,BFI IMAX H 21
2026-09-27T18:41:39Z,H,20,available,False,BFI IMAX H 20
2026-09-27T18:41:39Z,H,19,available,False,BFI IMAX H 19
2026-09-27T18:41:39Z,H,18,available,False,BFI IMAX H 18
2026-09-27T18:41:39Z,H,17,available,False,BFI IMAX H 17
2026-09-27T18:41:39Z,H,16,available,False,BFI IMAX H 16
2026-09-27T18:41:39Z,H,15,available,False,BFI IMAX H 15
2026-09-27T18:41:39Z,H,14,available,False,BFI IMAX H 14
2026-09-27T18:41:39Z,H,13,available,False,BFI IMAX H 13
2026-09-27T18:41:39Z,H,12,available,False,BFI IMAX H 12
2026-09-27T18:41:39Z,H,11,available,False,BFI IMAX H 11
2026-09-27T18:41:39Z,H,10,available,False,BFI IMAX H 10
2026-09-27T18:41:39Z,H,9,available,False,BFI IMAX H 9
2026-09-27T18:41:39Z,H,8,available,False,BFI IMAX H 8
2026-09-27T18:41:39Z,H,7,available,False,BFI IMAX H 7
2026-09-27T18:41:39Z,H,6,available,False,BFI IMAX H 6
2026-09-27T18:41:39Z,H,5,available,False,BFI IMAX H 5
2026-09-27T18:41:39Z,H,4,available,False,BFI IMAX H 4
2026-09-27T18:41:39Z,H,3,available,False,BFI IMAX H 3
2026-09-27T18:41:39Z,H,2,available,False,BFI IMAX H 2
2026-09-27T18:41:39Z,H,1,available,False,BFI IMAX H 1
2026-09-27T18:41:39Z,J,36,available,False,BFI IMAX J 36
2026-09-27T18:41:39Z,J,35,available,False,BFI IMAX J 35
2026-09-27T18:41:39Z,J,34,available,False,BFI IMAX J 34
2026-09-27T18:41:39Z,J,33,available,False,BFI IMAX J 33
2026-09-27T18:41:39Z,J,32,available,False,BFI IMAX J 32
2026-09-27T18:41:39Z,J,31,available,False,BFI IMAX J 31
2026-09-27T18:41:39Z,J,30,available,False,BFI IMAX J 30
2026-09-27T18:41:39Z,J,29,available,False,BFI IMAX J 29
2026-09-27T18:41:39Z,J,28,available,False,BFI IMAX J 28
2026-09-27T18:41:39Z,J,27,available,False,BFI IMAX J 27
2026-09-27T18:41:39Z,J,26,available,False,BFI IMAX J 26
2026-09-27T18:41:39Z,J,25,available,False,BFI IMAX J 25
2026-09-27T18:41:39Z,J,24,available,False,BFI IMAX J 24
2026-09-27T18:41:39Z,J,23,available,False,BFI IMAX J 23
2026-09-27T18:41:39Z,J,22,available,False,BFI IMAX J 22
2026-09-27T18:41:39Z,J,21,available,False,BFI IMAX J 21
2026-09-27T18:41:39Z,J,20,available,False,BFI IMAX J 20
2026-09-27T18:41:39Z,J,19,available,False,BFI IMAX J 19
2026-09-27T18:41:39Z,J,18,available,False,BFI IMAX J 18
2026-09-27T18:41:39Z,J,17,available,False,BFI IMAX J 17
2026-09-27T18:41:39Z,J,16,available,False,BFI IMAX J 16
2026-09-27T18:41:39Z,J,15,available,False,BFI IMAX J 15
2026-09-27T18:41:39Z,J,14,available,False,BFI IMAX J 14
2026-09-27T18:41:39Z,J,13,available,False,BFI IMAX J 13
2026-09-27T18:41:39Z,J,12,available,False,BFI IMAX J 12
2026-09-27T18:41:39Z,J,11,available,False,BFI IMAX J 11
2026-09-27T18:41:39Z,J,10,available,False,BFI IMAX J 10
2026-09-27T18:41:39Z,J,9,available,False,BFI IMAX J 9
2026-09-27T18:41:39Z,J,8,available,False,BFI IMAX J 8
2026-09-27T18:41:39Z,J,7,available,False,BFI IMAX J 7
2026-09-27T18:41:39Z,J,6,available,False,BFI IMAX J 6
2026-09-27T18:41:39Z,J,5,available,False,BFI IMAX J 5
2026-09-27T18:41:39Z,J,4,available,False,BFI IMAX J 4
2026-09-27T18:41:39Z,J,3,available,False,BFI IMAX J 3
2026-09-27T18:41:39Z,J,2,available,False,BFI IMAX J 2
2026-09-27T18:41:39Z,J,1,available,False,BFI IMAX J 1
2026-09-27T18:41:39Z,K,36,available,False,BFI IMAX K 36
2026-09-27T18:41:39Z,K,35,available,False,BFI IMAX K 35
2026-09-27T18:41:39Z,K,34,available,False,BFI IMAX K 34
2026-09-27T18:41:39Z,K,33,available,False,BFI IMAX K 33
2026-09-27T18:41:39Z,K,32,available,False,BFI IMAX K 32
2026-09-27T18:41:39Z,K,31,available,False,BFI IMAX K 31
2026-09-27T18:41:39Z,K,30,available,False,BFI IMAX K 30
2026-09-27T18:41:39Z,K,29,available,False,BFI IMAX K 29
2026-09-27T18:41:39Z,K,28,available,False,BFI IMAX K 28
2026-09-27T18:41:39Z,A,13,available,False,BFI IMAX A 13
2026-09-27T18:41:39Z,A,12,available,False,BFI IMAX A 12
2026-09-27T18:41:39Z,K,25,available,False,BFI IMAX K 25
2026-09-27T18:41:39Z,K,24,available,False,BFI IMAX K 24
2026-09-27T18:41:39Z,K,23,available,False,BFI IMAX K 23
2026-09-27T18:41:39Z,K,22,available,False,BFI IMAX K 22
2026-09-27T18:41:39Z,K,21,available,False,BFI IMAX K 21
2026-09-27T18:41:39Z,K,20,available,False,BFI IMAX K 20
2026-09-27T18:41:39Z,K,19,sold,False,BFI IMAX K 19
2026-09-27T18:41:39Z,K,18,available,False,BFI IMAX K 18
2026-09-27T18:41:39Z,K,17,available,False,BFI IMAX K 17
2026-09-27T18:41:39Z,K,16,available,False,BFI IMAX K 16
2026-09-27T18:41:39Z,K,15,available,False,BFI IMAX K 15
2026-09-27T18:41:39Z,K,14,available,False,BFI IMAX K 14
2026-09-27T18:41:39Z,K,13,available,False,BFI IMAX K 13
2026-09-27T18:41:39Z,K,12,available,False,BFI IMAX K 12
2026-09-27T18:41:39Z,K,11,available,False,BFI IMAX K 11
2026-09-27T18:41:39Z,K,10,available,False,BFI IMAX K 10
2026-09-27T18:41:39Z,K,9,available,False,BFI IMAX K 9
2026-09-27T18:41:39Z,K,8,available,False,BFI IMAX K 8
2026-09-27T18:41:39Z,K,7,available,False,BFI IMAX K 7
2026-09-27T18:41:39Z,K,6,available,False,BFI IMAX K 6
2026-09-27T18:41:39Z,K,5,available,False,BFI IMAX K 5
2026-09-27T18:41:39Z,K,4,available,False,BFI IMAX K 4
2026-09-27T18:41:39Z,K,3,available,False,BFI IMAX K 3
2026-09-27T18:41:39Z,K,2,available,False,BFI IMAX K 2
2026-09-27T18:41:39Z,K,1,available,False,BFI IMAX K 1
2026-09-27T18:41:39Z,L,33,available,False,BFI IMAX L 33
2026-09-27T18:41:39Z,L,32,available,False,BFI IMAX L 32
2026-09-27T18:41:39Z,L,31,available,False,BFI IMAX L 31
2026-09-27T18:41:39Z,L,30,available,False,BFI IMAX L 30
2026-09-27T18:41:39Z,L,29,available,False,BFI IMAX L 29
2026-09-27T18:41:39Z,L,28,available,False,BFI IMAX L 28
2026-09-27T18:41:39Z,L,27,available,False,BFI IMAX L 27
2026-09-27T18:41:39Z,L,26,available,False,BFI IMAX L 26
2026-09-27T18:41:39Z,L,8,available,False,BFI IMAX L 8
2026-09-27T18:41:39Z,L,7,available,False,BFI IMAX L 7
2026-09-27T18:41:39Z,L,6,available,False,BFI IMAX L 6
2026-09-27T18:41:39Z,L,5,available,False,BFI IMAX L 5
2026-09-27T18:41:39Z,L,4,available,False,BFI IMAX L 4
2026-09-27T18:41:39Z,L,3,available,False,BFI IMAX L 3
2026-09-27T18:41:39Z,L,2,available,False,BFI IMAX L 2
2026-09-27T18:41:39Z,L,1,available,False,BFI IMAX L 1
2026-09-27T18:41:39Z,M,34,available,False,BFI IMAX M 34
2026-09-27T18:41:39Z,M,33,available,False,BFI IMAX M 33
2026-09-27T18:41:39Z,M,32,available,False,BFI IMAX M 32
2026-09-27T18:41:39Z,M,31,available,False,BFI IMAX M 31
2026-09-27T18:41:39Z,M,30,available,False,BFI IMAX M 30
2026-09-27T18:41:39Z,M,29,available,False,BFI IMAX M 29
2026-09-27T18:41:39Z,M,28,available,False,BFI IMAX M 28
2026-09-27T18:41:39Z,M,27,sold,False,BFI IMAX M 27
2026-09-27T18:41:39Z,M,8,available,False,BFI IMAX M 8
2026-09-27T18:41:39Z,M,7,available,False,BFI IMAX M 7
2026-09-27T18:41:39Z,M,6,available,False,BFI IMAX M 6
2026-09-27T18:41:39Z,M,5,available,False,BFI IMAX M 5
2026-09-27T18:41:39Z,M,4,available,False,BFI IMAX M 4
2026-09-27T18:41:39Z,M,3,available,False,BFI IMAX M 3
2026-09-27T18:41:39Z,M,2,available,False,BFI IMAX M 2
2026-09-27T18:41:39Z,M,1,available,False,BFI IMAX M 1
2026-09-27T18:41:39Z,N,34,unavailable,False,BFI IMAX N 34
2026-09-27T18:41:39Z,N,33,unavailable,False,BFI IMAX N 33
2026-09-27T18:41:39Z,N,32,unavailable,False,BFI IMAX N 32
2026-09-27T18:41:39Z,N,31,unavailable,False,BFI IMAX N 31
2026-09-27T18:41:39Z,N,30,unavailable,False,BFI IMAX N 30
2026-09-27T18:41:39Z,N,29,unavailable,False,BFI IMAX N 29
2026-09-27T18:41:39Z,N,28,unavailable,False,BFI IMAX N 28
2026-09-27T18:41:39Z,N,27,unavailable,False,BFI IMAX N 27
2026-09-27T18:41:39Z,N,8,available,False,BFI IMAX N 8
2026-09-27T18:41:39Z,N,7,available,False,BFI IMAX N 7
2026-09-27T18:41:39Z,N,6,available,False,BFI IMAX N 6
2026-09-27T18:41:39Z,N,5,available,False,BFI IMAX N 5
2026-09-27T18:41:39Z,N,4,available,False,BFI IMAX N 4
2026-09-27T18:41:39Z,N,3,available,False,BFI IMAX N 3
2026-09-27T18:41:39Z,N,2,available,False,BFI IMAX N 2
2026-09-27T18:41:39Z,N,1,available,False,BFI IMAX N 1
2026-09-27T18:41:39Z,A,11,available,False,BFI IMAX A 11
2026-09-27T18:41:39Z,A,10,available,False,BFI IMAX A 10
2026-09-27T18:41:39Z,A,9,available,False,BFI IMAX A 9
2026-09-27T18:41:39Z,A,8,available,False,BFI IMAX A 8
2026-09-27T18:41:39Z,M,15,available,False,BFI IMAX M 15
2026-09-27T18:41:39Z,M,14,available,False,BFI IMAX M 14
2026-09-27T18:41:39Z,M,13,available,False,BFI IMAX M 13
2026-09-27T18:41:39Z,M,12,available,False,BFI IMAX M 12
2026-09-27T18:41:39Z,M,11,available,False,BFI IMAX M 11
2026-09-27T18:41:39Z,M,10,available,False,BFI IMAX M 10
2026-09-27T18:41:39Z,M,9,available,False,BFI IMAX M 9
2026-09-27T18:41:39Z,L,9,available,False,BFI IMAX L 9
2026-09-27T18:41:39Z,L,25,available,False,BFI IMAX L 25
2026-09-27T18:41:39Z,L,24,available,False,BFI IMAX L 24
2026-09-27T18:41:39Z,L,23,available,False,BFI IMAX L 23
2026-09-27T18:41:39Z,L,22,available,False,BFI IMAX L 22
2026-09-27T18:41:39Z,L,21,available,False,BFI IMAX L 21
2026-09-27T18:41:39Z,L,20,available,False,BFI IMAX L 20
2026-09-27T18:41:39Z,L,19,available,False,BFI IMAX L 19
2026-09-27T18:41:39Z,L,18,sold,False,BFI IMAX L 18
2026-09-27T18:41:39Z,L,17,sold,False,BFI IMAX L 17
2026-09-27T18:41:39Z,L,16,available,False,BFI IMAX L 16
2026-09-27T18:41:39Z,L,15,available,False,BFI IMAX L 15
2026-09-27T18:41:39Z,L,14,available,False,BFI IMAX L 14
2026-09-27T18:41:39Z,L,13,available,False,BFI IMAX L 13
2026-09-27T18:41:39Z,L,12,available,False,BFI IMAX L 12
2026-09-27T18:41:39Z,L,11,available,False,BFI IMAX L 11
2026-09-27T18:41:39Z,N,26,unavailable,False,BFI IMAX N 26
2026-09-27T18:41:39Z,N,25,unavailable,False,BFI IMAX N 25
2026-09-27T18:41:39Z,N,24,unavailable,False,BFI IMAX N 24
2026-09-27T18:41:39Z,N,23,unavailable,False,BFI IMAX N 23
2026-09-27T18:41:39Z,N,22,available,False,BFI IMAX N 22
2026-09-27T18:41:39Z,N,21,available,False,BFI IMAX N 21
2026-09-27T18:41:39Z,N,20,available,False,BFI IMAX N 20
2026-09-27T18:41:39Z,N,19,available,False,BFI IMAX N 19
2026-09-27T18:41:39Z,N,18,available,False,BFI IMAX N 18
2026-09-27T18:41:39Z,N,17,available,False,BFI IMAX N 17
2026-09-27T18:41:39Z,N,16,available,False,BFI IMAX N 16
2026-09-27T18:41:39Z,N,15,available,False,BFI IMAX N 15
2026-09-27T18:41:39Z,N,14,available,False,BFI IMAX N 14
2026-09-27T18:41:39Z,N,13,available,False,BFI IMAX N 13
2026-09-27T18:41:39Z,N,12,unavailable,False,BFI IMAX N 12
2026-09-27T18:41:39Z,N,11,unavailable,False,BFI IMAX N 11
2026-09-27T18:41:39Z,N,10,unavailable,False,BFI IMAX N 10
2026-09-27T18:41:39Z,N,9,unavailable,False,BFI IMAX N 9
2026-09-27T18:41:39Z,L,10,available,False,BFI IMAX L 10
2026-09-27T18:41:39Z,M,26,available,False,BFI IMAX M 26
2026-09-27T18:41:39Z,M,25,available,False,BFI IMAX M 25
2026-09-27T18:41:39Z,M,24,available,False,BFI IMAX M 24
2026-09-27T18:41:39Z,M,23,available,False,BFI IMAX M 23
2026-09-27T18:41:39Z,M,22,available,False,BFI IMAX M 22
2026-09-27T18:41:39Z,M,21,available,False,BFI IMAX M 21
2026-09-27T18:41:39Z,M,20,available,False,BFI IMAX M 20
2026-09-27T18:41:39Z,M,19,sold,False,BFI IMAX M 19
2026-09-27T18:41:39Z,M,18,sold,False,BFI IMAX M 18
2026-09-27T18:41:39Z,M,17,sold,False,BFI IMAX M 17
2026-09-27T18:41:39Z,M,16,available,False,BFI IMAX M 16
2026-09-27T18:41:39Z,P,27,available,True,BFI IMAX P 27
2026-09-27T18:41:39Z,P,26,unavailable,False,BFI IMAX P 26
2026-09-27T18:41:39Z,P,6,unavailable,False,BFI IMAX P 6
2026-09-27T18:41:39Z,P,5,available,True,BFI IMAX P 5
2026-09-27T18:41:39Z,P,31,unavailable,False,BFI IMAX P 31
2026-09-27T18:41:39Z,P,30,available,True,BFI IMAX P 30
2026-09-27T18:41:39Z,P,2,available,True,BFI IMAX P 2
2026-09-27T18:41:39Z,P,1,unavailable,False,BFI IMAX P 1
2026-09-27T18:41:39Z,P,21,available,False,BFI IMAX P 21
2026-09-27T18:41:39Z,P,20,available,False,BFI IMAX P 20
2026-09-27T18:41:39Z,P,19,available,False,BFI IMAX P 19
2026-09-27T18:41:39Z,P,18,available,False,BFI IMAX P 18
2026-09-27T18:41:39Z,P,17,available,False,BFI IMAX P 17
2026-09-27T18:41:39Z,P,16,available,False,BFI IMAX P 16
2026-09-27T18:41:39Z,P,15,available,False,BFI IMAX P 15
2026-09-27T18:41:39Z,P,14,available,False,BFI IMAX P 14
2026-09-27T18:41:39Z,P,13,available,False,BFI IMAX P 13
2026-09-27T18:41:39Z,P,12,available,False,BFI IMAX P 12
2026-09-27T18:41:39Z,P,11,available,False,BFI IMAX P 11
2026-09-27T18:41:39Z,P,9,available,False,BFI IMAX P 9
2026-09-27T18:41:39Z,P,8,available,False,BFI IMAX P 8
2026-09-27T18:41:39Z,P,7,available,False,BFI IMAX P 7
2026-09-27T18:41:39Z,P,10,available,False,BFI IMAX P 10
2026-09-27T18:41:39Z,P,25,available,False,BFI IMAX P 25
2026-09-27T18:41:39Z,P,24,available,False,BFI IMAX P 24
2026-09-27T18:41:39Z,P,23,available,False,BFI IMAX P 23
2026-09-27T18:41:39Z,P,22,available,False,BFI IMAX P 22
2026-09-27T18:41:39Z,Q,18,sold,False,BFI IMAX Q 18
2026-09-27T18:41:39Z,Q,17,available,False,BFI IMAX Q 17
2026-09-27T18:41:39Z,Q,16,available,False,BFI IMAX Q 16
2026-09-27T18:41:39Z,Q,15,available,False,BFI IMAX Q 15
2026-09-27T18:41:39Z,Q,14,available,False,BFI IMAX Q 14
2026-09-27T18:41:39Z,Q,13,available,False,BFI IMAX Q 13
2026-09-27T18:41:39Z,Q,12,available,False,BFI IMAX Q 12
2026-09-27T18:41:39Z,Q,11,available,False,BFI IMAX Q 11
2026-09-27T18:41:39Z,Q,10,available,False,BFI IMAX Q 10
2026-09-27T18:41:39Z,Q,9,sold,False,BFI IMAX Q 9
2026-09-27T18:41:39Z,Q,8,available,False,BFI IMAX Q 8
2026-09-27T18:41:39Z,Q,7,available,False,BFI IMAX Q 7
2026-09-27T18:41:39Z,Q,6,available,False,BFI IMAX Q 6
2026-09-27T18:41:39Z,Q,5,available,False,BFI IMAX Q 5
2026-09-27T18:41:39Z,Q,4,available,False,BFI IMAX Q 4
2026-09-27T18:41:39Z,Q,3,available,False,BFI IMAX Q 3
2026-09-27T18:41:39Z,Q,2,available,False,BFI IMAX Q 2
2026-09-27T18:41:39Z,Q,1,available,False,BFI IMAX Q 1
2026-09-27T21:50:35Z,K,27,unavailable,False,BFI IMAX K 27
2026-09-27T21:50:35Z,K,26,unavailable,False,BFI IMAX K 26
2026-09-27T21:50:35Z,P,29,available,True,BFI IMAX P 29
2026-09-27T21:50:35Z,P,28,available,True,BFI IMAX P 28
2026-09-27T21:50:35Z,P,4,available,True,BFI IMAX P 4
2026-09-27T21:50:35Z,P,3,available,True,BFI IMAX P 3
2026-09-27T21:50:35Z,A,7,available,False,BFI IMAX A 7
2026-09-27T21:50:35Z,A,6,available,False,BFI IMAX A 6
2026-09-27T21:50:35Z,A,5,available,False,BFI IMAX A 5
2026-09-27T21:50:35Z,A,4,available,False,BFI IMAX A 4
2026-09-27T21:50:35Z,A,3,available,False,BFI IMAX A 3
2026-09-27T21:50:35Z,A,2,available,False,BFI IMAX A 2
2026-09-27T21:50:35Z,A,1,available,False,BFI IMAX A 1
2026-09-27T21:50:35Z,B,36,available,False,BFI IMAX B 36
2026-09-27T21:50:35Z,B,35,available,False,BFI IMAX B 35
2026-09-27T21:50:35Z,B,34,available,False,BFI IMAX B 34
2026-09-27T21:50:35Z,B,33,available,False,BFI IMAX B 33
2026-09-27T21:50:35Z,B,32,available,False,BFI IMAX B 32
2026-09-27T21:50:35Z,B,31,available,False,BFI IMAX B 31
2026-09-27T21:50:35Z,B,30,available,False,BFI IMAX B 30
2026-09-27T21:50:35Z,B,29,available,False,BFI IMAX B 29
2026-09-27T21:50:35Z,B,28,available,False,BFI IMAX B 28
2026-09-27T21:50:35Z,B,27,available,False,BFI IMAX B 27
2026-09-27T21:50:35Z,B,26,available,False,BFI IMAX B 26
2026-09-27T21:50:35Z,B,25,available,False,BFI IMAX B 25
2026-09-27T21:50:35Z,B,24,available,False,BFI IMAX B 24
2026-09-27T21:50:35Z,B,23,available,False,BFI IMAX B 23
2026-09-27T21:50:35Z,B,22,available,False,BFI IMAX B 22
2026-09-27T21:50:35Z,B,21,available,False,BFI IMAX B 21
2026-09-27T21:50:35Z,B,20,available,False,BFI IMAX B 20
2026-09-27T21:50:35Z,B,19,available,False,BFI IMAX B 19
2026-09-27T21:50:35Z,B,18,available,False,BFI IMAX B 18
2026-09-27T21:50:35Z,B,17,available,False,BFI IMAX B 17
2026-09-27T21:50:35Z,B,16,available,False,BFI IMAX B 16
2026-09-27T21:50:35Z,B,15,available,False,BFI IMAX B 15
2026-09-27T21:50:35Z,B,14,available,False,BFI IMAX B 14
2026-09-27T21:50:35Z,B,13,available,False,BFI IMAX B 13
2026-09-27T21:50:35Z,B,12,available,False,BFI IMAX B 12
2026-09-27T21:50:35Z,B,11,available,False,BFI IMAX B 11
2026-09-27T21:50:35Z,B,10,available,False,BFI IMAX B 10
2026-09-27T21:50:35Z,B,9,available,False,BFI IMAX B 9
2026-09-27T21:50:35Z,B,8,available,False,BFI IMAX B 8
2026-09-27T21:50:35Z,B,7,available,False,BFI IMAX B 7
2026-09-27T21:50:35Z,B,6,available,False,BFI IMAX B 6
2026-09-27T21:50:35Z,B,5,available,False,BFI IMAX B 5
2026-09-27T21:50:35Z,B,4,available,False,BFI IMAX B 4
2026-09-27T21:50:35Z,B,3,available,False,BFI IMAX B 3
2026-09-27T21:50:35Z,B,2,available,False,BFI IMAX B 2
2026-09-27T21:50:35Z,B,1,available,False,BFI IMAX B 1
2026-09-27T21:50:35Z,C,36,available,False,BFI IMAX C 36
2026-09-27T21:50:35Z,C,35,available,False,BFI IMAX C 35
2026-09-27T21:50:35Z,C,34,available,False,BFI IMAX C 34
2026-09-27T21:50:35Z,C,33,available,False,BFI IMAX C 33
2026-09-27T21:50:35Z,C,32,available,False,BFI IMAX C 32
2026-09-27T21:50:35Z,C,31,available,False,BFI IMAX C 31
2026-09-27T21:50:35Z,C,30,available,False,BFI IMAX C 30
2026-09-27T21:50:35Z,C,29,available,False,BFI IMAX C 29
2026-09-27T21:50:35Z,C,28,available,False,BFI IMAX C 28
2026-09-27T21:50:35Z,C,27,available,False,BFI IMAX C 27
2026-09-27T21:50:35Z,C,26,available,False,BFI IMAX C 26
2026-09-27T21:50:35Z,C,25,sold,False,BFI IMAX C 25
2026-09-27T21:50:35Z,C,24,available,False,BFI IMAX C 24
2026-09-27T21:50:35Z,C,23,available,False,BFI IMAX C 23
2026-09-27T21:50:35Z,C,22,available,False,BFI IMAX C 22
2026-09-27T21:50:35Z,C,21,available,False,BFI IMAX C 21
2026-09-27T21:50:35Z,C,20,available,False,BFI IMAX C 20
2026-09-27T21:50:35Z,C,19,available,False,BFI IMAX C 19
2026-09-27T21:50:35Z,C,18,available,False,BFI IMAX C 18
2026-09-27T21:50:35Z,C,17,available,False,BFI IMAX C 17
2026-09-27T21:50:35Z,C,16,available,False,BFI IMAX C 16
2026-09-27T21:50:35Z,C,15,available,False,BFI IMAX C 15
2026-09-27T21:50:35Z,C,14,available,False,BFI IMAX C 14
2026-09-27T21:50:35Z,C,13,available,False,BFI IMAX C 13
2026-09-27T21:50:35Z,C,12,available,False,BFI IMAX C 12
2026-09-27T21:50:35Z,C,11,available,False,BFI IMAX C 11
2026-09-27T21:50:35Z,C,10,available,False,BFI IMAX C 10
2026-09-27T21:50:35Z,C,9,available,False,BFI IMAX C 9
2026-09-27T21:50:35Z,C,8,available,False,BFI IMAX C 8
2026-09-27T21:50:35Z,C,7,available,False,BFI IMAX C 7
2026-09-27T21:50:35Z,C,6,available,False,BFI IMAX C 6
2026-09-27T21:50:35Z,C,5,available,False,BFI IMAX C 5
2026-09-27T21:50:35Z,C,4,available,False,BFI IMAX C 4
2026-09-27T21:50:35Z,C,3,available,False,BFI IMAX C 3
2026-09-27T21:50:35Z,C,2,available,False,BFI IMAX C 2
2026-09-27T21:50:35Z,C,1,available,False,BFI IMAX C 1
2026-09-27T21:50:35Z,D,37,available,False,BFI IMAX D 37
2026-09-27T21:50:35Z,D,36,available,False,BFI IMAX D 36
2026-09-27T21:50:35Z,D,35,available,False,BFI IMAX D 35
2026-09-27T21:50:35Z,D,34,available,False,BFI IMAX D 34
2026-09-27T21:50:35Z,D,33,available,False,BFI IMAX D 33
2026-09-27T21:50:35Z,D,32,available,False,BFI IMAX D 32
2026-09-27T21:50:35Z,D,31,available,False,BFI IMAX D 31
2026-09-27T21:50:35Z,D,30,available,False,BFI IMAX D 30
2026-09-27T21:50:35Z,D,29,available,False,BFI IMAX D 29
2026-09-27T21:50:35Z,D,28,available,False,BFI IMAX D 28
2026-09-27T21:50:35Z,D,27,available,False,BFI IMAX D 27
2026-09-27T21:50:35Z,D,26,available,False,BFI IMAX D 26
2026-09-27T21:50:35Z,D,25,available,False,BFI IMAX D 25
2026-09-27T21:50:35Z,D,24,available,False,BFI IMAX D 24
2026-09-27T21:50:35Z,D,23,available,False,BFI IMAX D 23
2026-09-27T21:50:35Z,D,22,available,False,BFI IMAX D 22
2026-09-27T21:50:35Z,D,21,available,False,BFI IMAX D 21
2026-09-27T21:50:35Z,D,20,available,False,BFI IMAX D 20
2026-09-27T21:50:35Z,D,19,available,False,BFI IMAX D 19
2026-09-27T21:50:35Z,D,18,available,False,BFI IMAX D 18
2026-09-27T21:50:35Z,D,17,available,False,BFI IMAX D 17
2026-09-27T21:50:35Z,D,16,available,False,BFI IMAX D 16
2026-09-27T21:50:35Z,D,15,available,False,BFI IMAX D 15
2026-09-27T21:50:35Z,D,14,available,False,BFI IMAX D 14
2026-09-27T21:50:35Z,D,13,available,False,BFI IMAX D 13
2026-09-27T21:50:35Z,D,12,available,False,BFI IMAX D 12
2026-09-27T21:50:35Z,D,11,available,False,BFI IMAX D 11
2026-09-27T21:50:35Z,D,10,available,False,BFI IMAX D 10
2026-09-27T21:50:35Z,D,9,available,False,BFI IMAX D 9
2026-09-27T21:50:35Z,D,8,available,False,BFI IMAX D 8
2026-09-27T21:50:35Z,D,7,available,False,BFI IMAX D 7
2026-09-27T21:50:35Z,D,6,available,False,BFI IMAX D 6
2026-09-27T21:50:35Z,D,5,available,False,BFI IMAX D 5
2026-09-27T21:50:35Z,D,4,available,False,BFI IMAX D 4
2026-09-27T21:50:35Z,D,3,available,False,BFI IMAX D 3
2026-09-27T21:50:35Z,D,2,available,False,BFI IMAX D 2
2026-09-27T21:50:35Z,D,1,available,False,BFI IMAX D 1
2026-09-27T21:50:35Z,E,37,available,False,BFI IMAX E 37
2026-09-27T21:50:35Z,E,36,available,False,BFI IMAX E 36
2026-09-27T21:50:35Z,E,35,available,False,BFI IMAX E 35
2026-09-27T21:50:35Z,E,34,available,False,BFI IMAX E 34
2026-09-27T21:50:35Z,E,33,available,False,BFI IMAX E 33
2026-09-27T21:50:35Z,E,32,available,False,BFI IMAX E 32
2026-09-27T21:50:35Z,E,31,available,False,BFI IMAX E 31
2026-09-27T21:50:35Z,E,30,available,False,BFI IMAX E 30
2026-09-27T21:50:35Z,E,29,available,False,BFI IMAX E 29
2026-09-27T21:50:35Z,E,28,available,False,BFI IMAX E 28
2026-09-27T21:50:35Z,E,27,available,False,BFI IMAX E 27
2026-09-27T21:50:35Z,E,26,available,False,BFI IMAX E 26
2026-09-27T21:50:35Z,E,25,available,False,BFI IMAX E 25
2026-09-27T21:50:35Z,E,24,available,False,BFI IMAX E 24
2026-09-27T21:50:35Z,E,23,available,False,BFI IMAX E 23
2026-09-27T21:50:35Z,E,22,available,False,BFI IMAX E 22
2026-09-27T21:50:35Z,E,21,available,False,BFI IMAX E 21
2026-09-27T21:50:35Z,E,20,available,False,BFI IMAX E 20
2026-09-27T21:50:35Z,E,19,available,False,BFI IMAX E 19
2026-09-27T21:50:35Z,E,18,available,False,BFI IMAX E 18
2026-09-27T21:50:35Z,E,17,available,False,BFI IMAX E 17
2026-09-27T21:50:35Z,E,16,available,False,BFI IMAX E 16
2026-09-27T21:50:35Z,E,15,available,False,BFI IMAX E 15
2026-09-27T21:50:35Z,E,14,available,False,BFI IMAX E 14
2026-09-27T21:50:35Z,E,13,available,False,BFI IMAX E 13
2026-09-27T21:50:35Z,E,12,available,False,BFI IMAX E 12
2026-09-27T21:50:35Z,E,11,available,False,BFI IMAX E 11
2026-09-27T21:50:35Z,E,10,available,False,BFI IMAX E 10
2026-09-27T21:50:35Z,E,9,available,False,BFI IMAX E 9
2026-09-27T21:50:35Z,E,8,available,False,BFI IMAX E 8
2026-09-27T21:50:35Z,E,7,available,False,BFI IMAX E 7
2026-09-27T21:50:35Z,E,6,available,False,BFI IMAX E 6
2026-09-27T21:50:35Z,E,5,available,False,BFI IMAX E 5
2026-09-27T21:50:35Z,E,4,available,False,BFI IMAX E 4
2026-09-27T21:50:35Z,E,3,available,False,BFI IMAX E 3
2026-09-27T21:50:35Z,E,2,available,False,BFI IMAX E 2
2026-09-27T21:50:35Z,E,1,available,False,BFI IMAX E 1
2026-09-27T21:50:35Z,F,38,available,False,BFI IMAX F 38
2026-09-27T21:50:35Z,F,37,available,False,BFI IMAX F 37
2026-09-27T21:50:35Z,F,36,available,False,BFI IMAX F 36
2026-09-27T21:50:35Z,F,35,available,False,BFI IMAX F 35
2026-09-27T21:50:35Z,F,34,available,False,BFI IMAX F 34
2026-09-27T21:50:35Z,F,33,available,False,BFI IMAX F 33
2026-09-27T21:50:35Z,F,32,available,False,BFI IMAX F 32
2026-09-27T21:50:35Z,F,31,available,False,BFI IMAX F 31
2026-09-27T21:50:35Z,F,30,available,False,BFI IMAX F 30
2026-09-27T21:50:35Z,F,29,available,False,BFI IMAX F 29
2026-09-27T21:50:35Z,F,28,available,False,BFI IMAX F 28
2026-09-27T21:50:35Z,F,27,available,False,BFI IMAX F 27
2026-09-27T21:50:35Z,F,26,available,False,BFI IMAX F 26
2026-09-27T21:50:35Z,F,25,available,False,BFI IMAX F 25
2026-09-27T21:50:35Z,F,24,available,False,BFI IMAX F 24
2026-09-27T21:50:35Z,F,23,available,False,BFI IMAX F 23
2026-09-27T21:50:35Z,F,22,available,False,BFI IMAX F 22
2026-09-27T21:50:35Z,F,21,available,False,BFI IMAX F 21
2026-09-27T21:50:35Z,F,20,available,False,BFI IMAX F 20
2026-09-27T21:50:35Z,F,19,available,False,BFI IMAX F 19
2026-09-27T21:50:35Z,F,18,available,False,BFI IMAX F 18
2026-09-27T21:50:35Z,F,17,available,False,BFI IMAX F 17
2026-09-27T21:50:35Z,F,16,available,False,BFI IMAX F 16
2026-09-27T21:50:35Z,F,15,available,False,BFI IMAX F 15
2026-09-27T21:50:35Z,F,14,available,False,BFI IMAX F 14
2026-09-27T21:50:35Z,F,13,available,False,BFI IMAX F 13
2026-09-27T21:50:35Z,F,12,available,False,BFI IMAX F 12
2026-09-27T21:50:35Z,F,11,available,False,BFI IMAX F 11
2026-09-27T21:50:35Z,F,10,available,False,BFI IMAX F 10
2026-09-27T21:50:35Z,F,9,available,False,BFI IMAX F 9
2026-09-27T21:50:35Z,F,8,available,False,BFI IMAX F 8
2026-09-27T21:50:35Z,F,7,available,False,BFI IMAX F 7
2026-09-27T21:50:35Z,F,6,available,False,BFI IMAX F 6
2026-09-27T21:50:35Z,F,5,available,False,BFI IMAX F 5
2026-09-27T21:50:35Z,F,4,available,False,BFI IMAX F 4
2026-09-27T21:50:35Z,F,3,available,False,BFI IMAX F 3
2026-09-27T21:50:35Z,F,2,available,False,BFI IMAX F 2
2026-09-27T21:50:35Z,F,1,available,False,BFI IMAX F 1
2026-09-27T21:50:35Z,G,37,available,False,BFI IMAX G 37
2026-09-27T21:50:35Z,G,36,available,False,BFI IMAX G 36
2026-09-27T21:50:35Z,G,35,available,False,BFI IMAX G 35
2026-09-27T21:50:35Z,G,34,available,False,BFI IMAX G 34
2026-09-27T21:50:35Z,G,33,available,False,BFI IMAX G 33
2026-09-27T21:50:35Z,G,32,available,False,BFI IMAX G 32
2026-09-27T21:50:35Z,G,31,available,False,BFI IMAX G 31
2026-09-27T21:50:35Z,G,30,available,False,BFI IMAX G 30
2026-09-27T21:50:35Z,G,29,available,False,BFI IMAX G 29
2026-09-27T21:50:35Z,G,28,available,False,BFI IMAX G 28
2026-09-27T21:50:35Z,G,27,available,False,BFI IMAX G 27
2026-09-27T21:50:35Z,G,26,available,False,BFI IMAX G 26
2026-09-27T21:50:35Z,G,25,available,False,BFI IMAX G 25
2026-09-27T21:50:35Z,G,24,available,False,BFI IMAX G 24
2026-09-27T21:50:35Z,G,23,available,False,BFI IMAX G 23
2026-09-27T21:50:35Z,G,22,available,False,BFI IMAX G 22
2026-09-27T21:50:35Z,G,21,available,False,BFI IMAX G 21
2026-09-27T21:50:35Z,G,20,available,False,BFI IMAX G 20
2026-09-27T21:50:35Z,G,19,available,False,BFI IMAX G 19
2026-09-27T21:50:35Z,G,18,available,False,BFI IMAX G 18
2026-09-27T21:50:35Z,G,17,available,False,BFI IMAX G 17
2026-09-27T21:50:35Z,G,16,available,False,BFI IMAX G 16
2026-09-27T21:50:35Z,G,15,available,False,BFI IMAX G 15
2026-09-27T21:50:35Z,G,14,available,False,BFI IMAX G 14
2026-09-27T21:50:35Z,G,13,available,False,BFI IMAX G 13
2026-09-27T21:50:35Z,G,12,available,False,BFI IMAX G 12
2026-09-27T21:50:35Z,G,11,available,False,BFI IMAX G 11
2026-09-27T21:50:35Z,G,10,available,False,BFI IMAX G 10
2026-09-27T21:50:35Z,G,9,available,False,BFI IMAX G 9
2026-09-27T21:50:35Z,G,8,available,False,BFI IMAX G 8
2026-09-27T21:50:35Z,G,7,available,False,BFI IMAX G 7
2026-09-27T21:50:35Z,G,6,available,False,BFI IMAX G 6
2026-09-27T21:50:35Z,G,5,available,False,BFI IMAX G 5
2026-09-27T21:50:35Z,G,4,available,False,BFI IMAX G 4
2026-09-27T21:50:35Z,G,3,available,False,BFI IMAX G 3
2026-09-27T21:50:35Z,G,2,available,False,BFI IMAX G 2
2026-09-27T21:50:35Z,G,1,available,False,BFI IMAX G 1
2026-09-27T21:50:35Z,H,37,available,False,BFI IMAX H 37
2026-09-27T21:50:35Z,H,36,available,False,BFI IMAX H 36
2026-09-27T21:50:35Z,H,35,available,False,BFI IMAX H 35
2026-09-27T21:50:35Z,H,34,available,False,BFI IMAX H 34
2026-09-27T21:50:35Z,H,33,available,False,BFI IMAX H 33
2026-09-27T21:50:35Z,H,32,available,False,BFI IMAX H 32
2026-09-27T21:50:35Z,H,31,available,False,BFI IMAX H 31
2026-09-27T21:50:35Z,H,30,available,False,BFI IMAX H 30
2026-09-27T21:50:35Z,H,29,available,False,BFI IMAX H 29
2026-09-27T21:50:35Z,H,28,available,False,BFI IMAX H 28
2026-09-27T21:50:35Z,H,27,available,False,BFI IMAX H 27
2026-09-27T21:50:35Z,H,26,available,False,BFI IMAX H 26
2026-09-27T21:50:35Z,H,25,available,False,BFI IMAX H 25
2026-09-27T21:50:35Z,H,24,available,False,BFI IMAX H 24
2026-09-27T21:50:35Z,H,23,available,False,BFI IMAX H 23
2026-09-27T21:50:35Z,H,22,available,False,BFI IMAX H 22
2026-09-27T21:50:35Z,H,21,available,False,BFI IMAX H 21
2026-09-27T21:50:35Z,H,20,available,False,BFI IMAX H 20
2026-09-27T21:50:35Z,H,19,available,False,BFI IMAX H 19
2026-09-27T21:50:35Z,H,18,available,False,BFI IMAX H 18
2026-09-27T21:50:35Z,H,17,available,False,BFI IMAX H 17
2026-09-27T21:50:35Z,H,16,available,False,BFI IMAX H 16
2026-09-27T21:50:35Z,H,15,available,False,BFI IMAX H 15
2026-09-27T21:50:35Z,H,14,available,False,BFI IMAX H 14
2026-09-27T21:50:35Z,H,13,available,False,BFI IMAX H 13
2026-09-27T21:50:35Z,H,12,available,False,BFI IMAX H 12
2026-09-27T21:50:35Z,H,11,available,False,BFI IMAX H 11
2026-09-27T21:50:35Z,H,10,available,False,BFI IMAX H 10
2026-09-27T21:50:35Z,H,9,available,False,BFI IMAX H 9
2026-09-27T21:50:35Z,H,8,available,False,BFI IMAX H 8
2026-09-27T21:50:35Z,H,7,available,False,BFI IMAX H 7
2026-09-27T21:50:35Z,H,6,available,False,BFI IMAX H 6
2026-09-27T21:50:35Z,H,5,available,False,BFI IMAX H 5
2026-09-27T21:50:35Z,H,4,available,False,BFI IMAX H 4
2026-09-27T21:50:35Z,H,3,available,False,BFI IMAX H 3
2026-09-27T21:50:35Z,H,2,available,False,BFI IMAX H 2
2026-09-27T21:50:35Z,H,1,available,False,BFI IMAX H 1
2026-09-27T21:50:35Z,J,36,available,False,BFI IMAX J 36
2026-09-27T21:50:35Z,J,35,available,False,BFI IMAX J 35
2026-09-27T21:50:35Z,J,34,available,False,BFI IMAX J 34
2026-09-27T21:50:35Z,J,33,available,False,BFI IMAX J 33
2026-09-27T21:50:35Z,J,32,available,False,BFI IMAX J 32
2026-09-27T21:50:35Z,J,31,available,False,BFI IMAX J 31
2026-09-27T21:50:35Z,J,30,available,False,BFI IMAX J 30
2026-09-27T21:50:35Z,J,29,available,False,BFI IMAX J 29
2026-09-27T21:50:35Z,J,28,available,False,BFI IMAX J 28
2026-09-27T21:50:35Z,J,27,available,False,BFI IMAX J 27
2026-09-27T21:50:35Z,J,26,available,False,BFI IMAX J 26
2026-09-27T21:50:35Z,J,25,available,False,BFI IMAX J 25
2026-09-27T21:50:35Z,J,24,available,False,BFI IMAX J 24
2026-09-27T21:50:35Z,J,23,available,False,BFI IMAX J 23
2026-09-27T21:50:35Z,J,22,available,False,BFI IMAX J 22
2026-09-27T21:50:35Z,J,21,available,False,BFI IMAX J 21
2026-09-27T21:50:35Z,J,20,available,False,BFI IMAX J 20
2026-09-27T21:50:35Z,J,19,available,False,BFI IMAX J 19
2026-09-27T21:50:35Z,J,18,available,False,BFI IMAX J 18
2026-09-27T21:50:35Z,J,17,available,False,BFI IMAX J 17
2026-09-27T21:50:35Z,J,16,available,False,BFI IMAX J 16
2026-09-27T21:50:35Z,J,15,available,False,BFI IMAX J 15
2026-09-27T21:50:35Z,J,14,available,False,BFI IMAX J 14
2026-09-27T21:50:35Z,J,13,available,False,BFI IMAX J 13
2026-09-27T21:50:35Z,J,12,available,False,BFI IMAX J 12
2026-09-27T21:50:35Z,J,11,available,False,BFI IMAX J 11
2026-09-27T21:50:35Z,J,10,available,False,BFI IMAX J 10
2026-09-27T21:50:35Z,J,9,available,False,BFI IMAX J 9
2026-09-27T21:50:35Z,J,8,available,False,BFI IMAX J 8
2026-09-27T21:50:35Z,J,7,available,False,BFI IMAX J 7
2026-09-27T21:50:35Z,J,6,available,False,BFI IMAX J 6
2026-09-27T21:50:35Z,J,5,available,False,BFI IMAX J 5
2026-09-27T21:50:35Z,J,4,available,False,BFI IMAX J 4
2026-09-27T21:50:35Z,J,3,available,False,BFI IMAX J 3
2026-09-27T21:50:35Z,J,2,available,False,BFI IMAX J 2
2026-09-27T21:50:35Z,J,1,available,False,BFI IMAX J 1
2026-09-27T21:50:35Z,K,36,available,False,BFI IMAX K 36
2026-09-27T21:50:35Z,K,35,available,False,BFI IMAX K 35
2026-09-27T21:50:35Z,K,34,available,False,BFI IMAX K 34
2026-09-27T21:50:35Z,K,33,available,False,BFI IMAX K 33
2026-09-27T21:50:35Z,K,32,available,False,BFI IMAX K 32
2026-09-27T21:50:35Z,K,31,available,False,BFI IMAX K 31
2026-09-27T21:50:35Z,K,30,available,False,BFI IMAX K 30
2026-09-27T21:50:35Z,K,29,available,False,BFI IMAX K 29
2026-09-27T21:50:35Z,K,28,available,False,BFI IMAX K 28
2026-09-27T21:50:35Z,A,13,available,False,BFI IMAX A 13
2026-09-27T21:50:35Z,A,12,available,False,BFI IMAX A 12
2026-09-27T21:50:35Z,K,25,available,False,BFI IMAX K 25
2026-09-27T21:50:35Z,K,24,available,False,BFI IMAX K 24
2026-09-27T21:50:35Z,K,23,available,False,BFI IMAX K 23
2026-09-27T21:50:35Z,K,22,available,False,BFI IMAX K 22
2026-09-27T21:50:35Z,K,21,available,False,BFI IMAX K 21
2026-09-27T21:50:35Z,K,20,available,False,BFI IMAX K 20
2026-09-27T21:50:35Z,K,19,sold,False,BFI IMAX K 19
2026-09-27T21:50:35Z,K,18,available,False,BFI IMAX K 18
2026-09-27T21:50:35Z,K,17,available,False,BFI IMAX K 17
2026-09-27T21:50:35Z,K,16,available,False,BFI IMAX K 16
2026-09-27T21:50:35Z,K,15,available,False,BFI IMAX K 15
2026-09-27T21:50:35Z,K,14,available,False,BFI IMAX K 14
2026-09-27T21:50:35Z,K,13,available,False,BFI IMAX K 13
2026-09-27T21:50:35Z,K,12,available,False,BFI IMAX K 12
2026-09-27T21:50:35Z,K,11,available,False,BFI IMAX K 11
2026-09-27T21:50:35Z,K,10,available,False,BFI IMAX K 10
2026-09-27T21:50:35Z,K,9,available,False,BFI IMAX K 9
2026-09-27T21:50:35Z,K,8,available,False,BFI IMAX K 8
2026-09-27T21:50:35Z,K,7,available,False,BFI IMAX K 7
2026-09-27T21:50:35Z,K,6,available,False,BFI IMAX K 6
2026-09-27T21:50:35Z,K,5,available,False,BFI IMAX K 5
2026-09-27T21:50:35Z,K,4,available,False,BFI IMAX K 4
2026-09-27T21:50:35Z,K,3,available,False,BFI IMAX K 3
2026-09-27T21:50:35Z,K,2,available,False,BFI IMAX K 2
2026-09-27T21:50:35Z,K,1,available,False,BFI IMAX K 1
2026-09-27T21:50:35Z,L,33,available,False,BFI IMAX L 33
2026-09-27T21:50:35Z,L,32,available,False,BFI IMAX L 32
2026-09-27T21:50:35Z,L,31,available,False,BFI IMAX L 31
2026-09-27T21:50:35Z,L,30,available,False,BFI IMAX L 30
2026-09-27T21:50:35Z,L,29,available,False,BFI IMAX L 29
2026-09-27T21:50:35Z,L,28,available,False,BFI IMAX L 28
2026-09-27T21:50:35Z,L,27,available,False,BFI IMAX L 27
2026-09-27T21:50:35Z,L,26,available,False,BFI IMAX L 26
2026-09-27T21:50:35Z,L,8,available,False,BFI IMAX L 8
2026-09-27T21:50:35Z,L,7,available,False,BFI IMAX L 7
2026-09-27T21:50:35Z,L,6,available,False,BFI IMAX L 6
2026-09-27T21:50:35Z,L,5,available,False,BFI IMAX L 5
2026-09-27T21:50:35Z,L,4,available,False,BFI IMAX L 4
2026-09-27T21:50:35Z,L,3,available,False,BFI IMAX L 3
2026-09-27T21:50:35Z,L,2,available,False,BFI IMAX L 2
2026-09-27T21:50:35Z,L,1,available,False,BFI IMAX L 1
2026-09-27T21:50:35Z,M,34,available,False,BFI IMAX M 34
2026-09-27T21:50:35Z,M,33,available,False,BFI IMAX M 33
2026-09-27T21:50:35Z,M,32,available,False,BFI IMAX M 32
2026-09-27T21:50:35Z,M,31,available,False,BFI IMAX M 31
2026-09-27T21:50:35Z,M,30,available,False,BFI IMAX M 30
2026-09-27T21:50:35Z,M,29,available,False,BFI IMAX M 29
2026-09-27T21:50:35Z,M,28,available,False,BFI IMAX M 28
2026-09-27T21:50:35Z,M,27,sold,False,BFI IMAX M 27
2026-09-27T21:50:35Z,M,8,available,False,BFI IMAX M 8
2026-09-27T21:50:35Z,M,7,available,False,BFI IMAX M 7
2026-09-27T21:50:35Z,M,6,available,False,BFI IMAX M 6
2026-09-27T21:50:35Z,M,5,available,False,BFI IMAX M 5
2026-09-27T21:50:35Z,M,4,available,False,BFI IMAX M 4
2026-09-27T21:50:35Z,M,3,available,False,BFI IMAX M 3
2026-09-27T21:50:35Z,M,2,available,False,BFI IMAX M 2
2026-09-27T21:50:35Z,M,1,available,False,BFI IMAX M 1
2026-09-27T21:50:35Z,N,34,unavailable,False,BFI IMAX N 34
2026-09-27T21:50:35Z,N,33,unavailable,False,BFI IMAX N 33
2026-09-27T21:50:35Z,N,32,unavailable,False,BFI IMAX N 32
2026-09-27T21:50:35Z,N,31,unavailable,False,BFI IMAX N 31
2026-09-27T21:50:35Z,N,30,unavailable,False,BFI IMAX N 30
2026-09-27T21:50:35Z,N,29,unavailable,False,BFI IMAX N 29
2026-09-27T21:50:35Z,N,28,unavailable,False,BFI IMAX N 28
2026-09-27T21:50:35Z,N,27,unavailable,False,BFI IMAX N 27
2026-09-27T21:50:35Z,N,8,available,False,BFI IMAX N 8
2026-09-27T21:50:35Z,N,7,available,False,BFI IMAX N 7
2026-09-27T21:50:35Z,N,6,available,False,BFI IMAX N 6
2026-09-27T21:50:35Z,N,5,available,False,BFI IMAX N 5
2026-09-27T21:50:35Z,N,4,available,False,BFI IMAX N 4
2026-09-27T21:50:35Z,N,3,available,False,BFI IMAX N 3
2026-09-27T21:50:35Z,N,2,available,False,BFI IMAX N 2
2026-09-27T21:50:35Z,N,1,available,False,BFI IMAX N 1
2026-09-27T21:50:35Z,A,11,available,False,BFI IMAX A 11
2026-09-27T21:50:35Z,A,10,available,False,BFI IMAX A 10
2026-09-27T21:50:35Z,A,9,available,False,BFI IMAX A 9
2026-09-27T21:50:35Z,A,8,available,False,BFI IMAX A 8
2026-09-27T21:50:35Z,M,15,available,False,BFI IMAX M 15
2026-09-27T21:50:35Z,M,14,available,False,BFI IMAX M 14
2026-09-27T21:50:35Z,M,13,available,False,BFI IMAX M 13
2026-09-27T21:50:35Z,M,12,available,False,BFI IMAX M 12
2026-09-27T21:50:35Z,M,11,available,False,BFI IMAX M 11
2026-09-27T21:50:35Z,M,10,available,False,BFI IMAX M 10
2026-09-27T21:50:35Z,M,9,available,False,BFI IMAX M 9
2026-09-27T21:50:35Z,L,9,available,False,BFI IMAX L 9
2026-09-27T21:50:35Z,L,25,available,False,BFI IMAX L 25
2026-09-27T21:50:35Z,L,24,available,False,BFI IMAX L 24
2026-09-27T21:50:35Z,L,23,available,False,BFI IMAX L 23
2026-09-27T21:50:35Z,L,22,available,False,BFI IMAX L 22
2026-09-27T21:50:35Z,L,21,available,False,BFI IMAX L 21
2026-09-27T21:50:35Z,L,20,available,False,BFI IMAX L 20
2026-09-27T21:50:35Z,L,19,available,False,BFI IMAX L 19
2026-09-27T21:50:35Z,L,18,sold,False,BFI IMAX L 18
2026-09-27T21:50:35Z,L,17,sold,False,BFI IMAX L 17
2026-09-27T21:50:35Z,L,16,available,False,BFI IMAX L 16
2026-09-27T21:50:35Z,L,15,available,False,BFI IMAX L 15
2026-09-27T21:50:35Z,L,14,available,False,BFI IMAX L 14
2026-09-27T21:50:35Z,L,13,available,False,BFI IMAX L 13
2026-09-27T21:50:35Z,L,12,available,False,BFI IMAX L 12
2026-09-27T21:50:35Z,L,11,available,False,BFI IMAX L 11
2026-09-27T21:50:35Z,N,26,unavailable,False,BFI IMAX N 26
2026-09-27T21:50:35Z,N,25,unavailable,False,BFI IMAX N 25
2026-09-27T21:50:35Z,N,24,unavailable,False,BFI IMAX N 24
2026-09-27T21:50:35Z,N,23,unavailable,False,BFI IMAX N 23
2026-09-27T21:50:35Z,N,22,available,False,BFI IMAX N 22
2026-09-27T21:50:35Z,N,21,available,False,BFI IMAX N 21
2026-09-27T21:50:35Z,N,20,available,False,BFI IMAX N 20
2026-09-27T21:50:35Z,N,19,available,False,BFI IMAX N 19
2026-09-27T21:50:35Z,N,18,available,False,BFI IMAX N 18
2026-09-27T21:50:35Z,N,17,available,False,BFI IMAX N 17
2026-09-27T21:50:35Z,N,16,available,False,BFI IMAX N 16
2026-09-27T21:50:35Z,N,15,available,False,BFI IMAX N 15
2026-09-27T21:50:35Z,N,14,available,False,BFI IMAX N 14
2026-09-27T21:50:35Z,N,13,available,False,BFI IMAX N 13
2026-09-27T21:50:35Z,N,12,unavailable,False,BFI IMAX N 12
2026-09-27T21:50:35Z,N,11,unavailable,False,BFI IMAX N 11
2026-09-27T21:50:35Z,N,10,unavailable,False,BFI IMAX N 10
2026-09-27T21:50:35Z,N,9,unavailable,False,BFI IMAX N 9
2026-09-27T21:50:35Z,L,10,available,False,BFI IMAX L 10
2026-09-27T21:50:35Z,M,26,available,False,BFI IMAX M 26
2026-09-27T21:50:35Z,M,25,available,False,BFI IMAX M 25
2026-09-27T21:50:35Z,M,24,available,False,BFI IMAX M 24
2026-09-27T21:50:35Z,M,23,available,False,BFI IMAX M 23
2026-09-27T21:50:35Z,M,22,available,False,BFI IMAX M 22
2026-09-27T21:50:35Z,M,21,available,False,BFI IMAX M 21
2026-09-27T21:50:35Z,M,20,available,False,BFI IMAX M 20
2026-09-27T21:50:35Z,M,19,sold,False,BFI IMAX M 19
2026-09-27T21:50:35Z,M,18,sold,False,BFI IMAX M 18
2026-09-27T21:50:35Z,M,17,sold,False,BFI IMAX M 17
2026-09-27T21:50:35Z,M,16,available,False,BFI IMAX M 16
2026-09-27T21:50:35Z,P,27,available,True,BFI IMAX P 27
2026-09-27T21:50:35Z,P,26,unavailable,False,BFI IMAX P 26
2026-09-27T21:50:35Z,P,6,unavailable,False,BFI IMAX P 6
2026-09-27T21:50:35Z,P,5,available,True,BFI IMAX P 5
2026-09-27T21:50:35Z,P,31,unavailable,False,BFI IMAX P 31
2026-09-27T21:50:35Z,P,30,available,True,BFI IMAX P 30
2026-09-27T21:50:35Z,P,2,available,True,BFI IMAX P 2
2026-09-27T21:50:35Z,P,1,unavailable,False,BFI IMAX P 1
2026-09-27T21:50:35Z,P,21,available,False,BFI IMAX P 21
2026-09-27T21:50:35Z,P,20,available,False,BFI IMAX P 20
2026-09-27T21:50:35Z,P,19,available,False,BFI IMAX P 19
2026-09-27T21:50:35Z,P,18,available,False,BFI IMAX P 18
2026-09-27T21:50:35Z,P,17,available,False,BFI IMAX P 17
2026-09-27T21:50:35Z,P,16,available,False,BFI IMAX P 16
2026-09-27T21:50:35Z,P,15,available,False,BFI IMAX P 15
2026-09-27T21:50:35Z,P,14,available,False,BFI IMAX P 14
2026-09-27T21:50:35Z,P,13,available,False,BFI IMAX P 13
2026-09-27T21:50:35Z,P,12,available,False,BFI IMAX P 12
2026-09-27T21:50:35Z,P,11,available,False,BFI IMAX P 11
2026-09-27T21:50:35Z,P,9,available,False,BFI IMAX P 9
2026-09-27T21:50:35Z,P,8,available,False,BFI IMAX P 8
2026-09-27T21:50:35Z,P,7,available,False,BFI IMAX P 7
2026-09-27T21:50:35Z,P,10,available,False,BFI IMAX P 10
2026-09-27T21:50:35Z,P,25,available,False,BFI IMAX P 25
2026-09-27T21:50:35Z,P,24,available,False,BFI IMAX P 24
2026-09-27T21:50:35Z,P,23,available,False,BFI IMAX P 23
2026-09-27T21:50:35Z,P,22,available,False,BFI IMAX P 22
2026-09-27T21:50:35Z,Q,18,sold,False,BFI IMAX Q 18
2026-09-27T21:50:35Z,Q,17,available,False,BFI IMAX Q 17
2026-09-27T21:50:35Z,Q,16,available,False,BFI IMAX Q 16
2026-09-27T21:50:35Z,Q,15,available,False,BFI IMAX Q 15
2026-09-27T21:50:35Z,Q,14,available,False,BFI IMAX Q 14
2026-09-27T21:50:35Z,Q,13,available,False,BFI IMAX Q 13
2026-09-27T21:50:35Z,Q,12,available,False,BFI IMAX Q 12
2026-09-27T21:50:35Z,Q,11,available,False,BFI IMAX Q 11
2026-09-27T21:50:35Z,Q,10,available,False,BFI IMAX Q 10
2026-09-27T21:50:35Z,Q,9,sold,False,BFI IMAX Q 9
2026-09-27T21:50:35Z,Q,8,sold,False,BFI IMAX Q 8
2026-09-27T21:50:35Z,Q,7,sold,False,BFI IMAX Q 7
2026-09-27T21:50:35Z,Q,6,available,False,BFI IMAX Q 6
2026-09-27T21:50:35Z,Q,5,available,False,BFI IMAX Q 5
2026-09-27T21:50:35Z,Q,4,available,False,BFI IMAX Q 4
2026-09-27T21:50:35Z,Q,3,available,False,BFI IMAX Q 3
2026-09-27T21:50:35Z,Q,2,available,False,BFI IMAX Q 2
2026-09-27T21:50:35Z,Q,1,available,False,BFI IMAX Q 1
2026-09-29T11:07:09Z,K,27,unavailable,False,BFI IMAX K 27
2026-09-29T11:07:09Z,K,26,unavailable,False,BFI IMAX K 26
2026-09-29T11:07:09Z,P,29,available,True,BFI IMAX P 29
2026-09-29T11:07:09Z,P,28,available,True,BFI IMAX P 28
2026-09-29T11:07:09Z,P,4,available,True,BFI IMAX P 4
2026-09-29T11:07:09Z,P,3,available,True,BFI IMAX P 3
2026-09-29T11:07:09Z,A,7,available,False,BFI IMAX A 7
2026-09-29T11:07:09Z,A,6,available,False,BFI IMAX A 6
2026-09-29T11:07:09Z,A,5,available,False,BFI IMAX A 5
2026-09-29T11:07:09Z,A,4,available,False,BFI IMAX A 4
2026-09-29T11:07:09Z,A,3,available,False,BFI IMAX A 3
2026-09-29T11:07:09Z,A,2,available,False,BFI IMAX A 2
2026-09-29T11:07:09Z,A,1,available,False,BFI IMAX A 1
2026-09-29T11:07:09Z,B,36,available,False,BFI IMAX B 36
2026-09-29T11:07:09Z,B,35,available,False,BFI IMAX B 35
2026-09-29T11:07:09Z,B,34,available,False,BFI IMAX B 34
2026-09-29T11:07:09Z,B,33,available,False,BFI IMAX B 33
2026-09-29T11:07:09Z,B,32,available,False,BFI IMAX B 32
2026-09-29T11:07:09Z,B,31,available,False,BFI IMAX B 31
2026-09-29T11:07:09Z,B,30,available,False,BFI IMAX B 30
2026-09-29T11:07:09Z,B,29,available,False,BFI IMAX B 29
2026-09-29T11:07:09Z,B,28,available,False,BFI IMAX B 28
2026-09-29T11:07:09Z,B,27,available,False,BFI IMAX B 27
2026-09-29T11:07:09Z,B,26,available,False,BFI IMAX B 26
2026-09-29T11:07:09Z,B,25,available,False,BFI IMAX B 25
2026-09-29T11:07:09Z,B,24,available,False,BFI IMAX B 24
2026-09-29T11:07:09Z,B,23,available,False,BFI IMAX B 23
2026-09-29T11:07:09Z,B,22,available,False,BFI IMAX B 22
2026-09-29T11:07:09Z,B,21,available,False,BFI IMAX B 21
2026-09-29T11:07:09Z,B,20,available,False,BFI IMAX B 20
2026-09-29T11:07:09Z,B,19,available,False,BFI IMAX B 19
2026-09-29T11:07:09Z,B,18,available,False,BFI IMAX B 18
2026-09-29T11:07:09Z,B,17,available,False,BFI IMAX B 17
2026-09-29T11:07:09Z,B,16,available,False,BFI IMAX B 16
2026-09-29T11:07:09Z,B,15,available,False,BFI IMAX B 15
2026-09-29T11:07:09Z,B,14,available,False,BFI IMAX B 14
2026-09-29T11:07:09Z,B,13,available,False,BFI IMAX B 13
2026-09-29T11:07:09Z,B,12,available,False,BFI IMAX B 12
2026-09-29T11:07:09Z,B,11,available,False,BFI IMAX B 11
2026-09-29T11:07:09Z,B,10,available,False,BFI IMAX B 10
2026-09-29T11:07:09Z,B,9,available,False,BFI IMAX B 9
2026-09-29T11:07:09Z,B,8,available,False,BFI IMAX B 8
2026-09-29T11:07:09Z,B,7,available,False,BFI IMAX B 7
2026-09-29T11:07:09Z,B,6,available,False,BFI IMAX B 6
2026-09-29T11:07:09Z,B,5,available,False,BFI IMAX B 5
2026-09-29T11:07:09Z,B,4,available,False,BFI IMAX B 4
2026-09-29T11:07:09Z,B,3,available,False,BFI IMAX B 3
2026-09-29T11:07:09Z,B,2,available,False,BFI IMAX B 2
2026-09-29T11:07:09Z,B,1,available,False,BFI IMAX B 1
2026-09-29T11:07:09Z,C,36,available,False,BFI IMAX C 36
2026-09-29T11:07:09Z,C,35,available,False,BFI IMAX C 35
2026-09-29T11:07:09Z,C,34,available,False,BFI IMAX C 34
2026-09-29T11:07:09Z,C,33,available,False,BFI IMAX C 33
2026-09-29T11:07:09Z,C,32,available,False,BFI IMAX C 32
2026-09-29T11:07:09Z,C,31,available,False,BFI IMAX C 31
2026-09-29T11:07:09Z,C,30,available,False,BFI IMAX C 30
2026-09-29T11:07:09Z,C,29,available,False,BFI IMAX C 29
2026-09-29T11:07:09Z,C,28,available,False,BFI IMAX C 28
2026-09-29T11:07:09Z,C,27,available,False,BFI IMAX C 27
2026-09-29T11:07:09Z,C,26,available,False,BFI IMAX C 26
2026-09-29T11:07:09Z,C,25,sold,False,BFI IMAX C 25
2026-09-29T11:07:09Z,C,24,available,False,BFI IMAX C 24
2026-09-29T11:07:09Z,C,23,available,False,BFI IMAX C 23
2026-09-29T11:07:09Z,C,22,available,False,BFI IMAX C 22
2026-09-29T11:07:09Z,C,21,available,False,BFI IMAX C 21
2026-09-29T11:07:09Z,C,20,available,False,BFI IMAX C 20
2026-09-29T11:07:09Z,C,19,available,False,BFI IMAX C 19
2026-09-29T11:07:09Z,C,18,available,False,BFI IMAX C 18
2026-09-29T11:07:09Z,C,17,available,False,BFI IMAX C 17
2026-09-29T11:07:09Z,C,16,available,False,BFI IMAX C 16
2026-09-29T11:07:09Z,C,15,available,False,BFI IMAX C 15
2026-09-29T11:07:09Z,C,14,available,False,BFI IMAX C 14
2026-09-29T11:07:09Z,C,13,available,False,BFI IMAX C 13
2026-09-29T11:07:09Z,C,12,available,False,BFI IMAX C 12
2026-09-29T11:07:09Z,C,11,available,False,BFI IMAX C 11
2026-09-29T11:07:09Z,C,10,available,False,BFI IMAX C 10
2026-09-29T11:07:09Z,C,9,available,False,BFI IMAX C 9
2026-09-29T11:07:09Z,C,8,available,False,BFI IMAX C 8
2026-09-29T11:07:09Z,C,7,available,False,BFI IMAX C 7
2026-09-29T11:07:09Z,C,6,available,False,BFI IMAX C 6
2026-09-29T11:07:09Z,C,5,available,False,BFI IMAX C 5
2026-09-29T11:07:09Z,C,4,available,False,BFI IMAX C 4
2026-09-29T11:07:09Z,C,3,available,False,BFI IMAX C 3
2026-09-29T11:07:09Z,C,2,available,False,BFI IMAX C 2
2026-09-29T11:07:09Z,C,1,available,False,BFI IMAX C 1
2026-09-29T11:07:09Z,D,37,available,False,BFI IMAX D 37
2026-09-29T11:07:09Z,D,36,available,False,BFI IMAX D 36
2026-09-29T11:07:09Z,D,35,available,False,BFI IMAX D 35
2026-09-29T11:07:09Z,D,34,available,False,BFI IMAX D 34
2026-09-29T11:07:09Z,D,33,available,False,BFI IMAX D 33
2026-09-29T11:07:09Z,D,32,available,False,BFI IMAX D 32
2026-09-29T11:07:09Z,D,31,available,False,BFI IMAX D 31
2026-09-29T11:07:09Z,D,30,available,False,BFI IMAX D 30
2026-09-29T11:07:09Z,D,29,available,False,BFI IMAX D 29
2026-09-29T11:07:09Z,D,28,available,False,BFI IMAX D 28
2026-09-29T11:07:09Z,D,27,available,False,BFI IMAX D 27
2026-09-29T11:07:09Z,D,26,available,False,BFI IMAX D 26
2026-09-29T11:07:09Z,D,25,available,False,BFI IMAX D 25
2026-09-29T11:07:09Z,D,24,available,False,BFI IMAX D 24
2026-09-29T11:07:09Z,D,23,available,False,BFI IMAX D 23
2026-09-29T11:07:09Z,D,22,available,False,BFI IMAX D 22
2026-09-29T11:07:09Z,D,21,available,False,BFI IMAX D 21
2026-09-29T11:07:09Z,D,20,available,False,BFI IMAX D 20
2026-09-29T11:07:09Z,D,19,available,False,BFI IMAX D 19
2026-09-29T11:07:09Z,D,18,available,False,BFI IMAX D 18
2026-09-29T11:07:09Z,D,17,available,False,BFI IMAX D 17
2026-09-29T11:07:09Z,D,16,available,False,BFI IMAX D 16
2026-09-29T11:07:09Z,D,15,available,False,BFI IMAX D 15
2026-09-29T11:07:09Z,D,14,available,False,BFI IMAX D 14
2026-09-29T11:07:09Z,D,13,available,False,BFI IMAX D 13
2026-09-29T11:07:09Z,D,12,available,False,BFI IMAX D 12
2026-09-29T11:07:09Z,D,11,available,False,BFI IMAX D 11
2026-09-29T11:07:09Z,D,10,available,False,BFI IMAX D 10
2026-09-29T11:07:09Z,D,9,available,False,BFI IMAX D 9
2026-09-29T11:07:09Z,D,8,available,False,BFI IMAX D 8
2026-09-29T11:07:09Z,D,7,available,False,BFI IMAX D 7
2026-09-29T11:07:09Z,D,6,available,False,BFI IMAX D 6
2026-09-29T11:07:09Z,D,5,available,False,BFI IMAX D 5
2026-09-29T11:07:09Z,D,4,available,False,BFI IMAX D 4
2026-09-29T11:07:09Z,D,3,available,False,BFI IMAX D 3
2026-09-29T11:07:09Z,D,2,available,False,BFI IMAX D 2
2026-09-29T11:07:09Z,D,1,available,False,BFI IMAX D 1
2026-09-29T11:07:09Z,E,37,available,False,BFI IMAX E 37
2026-09-29T11:07:09Z,E,36,available,False,BFI IMAX E 36
2026-09-29T11:07:09Z,E,35,available,False,BFI IMAX E 35
2026-09-29T11:07:09Z,E,34,available,False,BFI IMAX E 34
2026-09-29T11:07:09Z,E,33,available,False,BFI IMAX E 33
2026-09-29T11:07:09Z,E,32,available,False,BFI IMAX E 32
2026-09-29T11:07:09Z,E,31,available,False,BFI IMAX E 31
2026-09-29T11:07:09Z,E,30,available,False,BFI IMAX E 30
2026-09-29T11:07:09Z,E,29,available,False,BFI IMAX E 29
2026-09-29T11:07:09Z,E,28,available,False,BFI IMAX E 28
2026-09-29T11:07:09Z,E,27,available,False,BFI IMAX E 27
2026-09-29T11:07:09Z,E,26,available,False,BFI IMAX E 26
2026-09-29T11:07:09Z,E,25,available,False,BFI IMAX E 25
2026-09-29T11:07:09Z,E,24,available,False,BFI IMAX E 24
2026-09-29T11:07:09Z,E,23,available,False,BFI IMAX E 23
2026-09-29T11:07:09Z,E,22,available,False,BFI IMAX E 22
2026-09-29T11:07:09Z,E,21,available,False,BFI IMAX E 21
2026-09-29T11:07:09Z,E,20,available,False,BFI IMAX E 20
2026-09-29T11:07:09Z,E,19,available,False,BFI IMAX E 19
2026-09-29T11:07:09Z,E,18,available,False,BFI IMAX E 18
2026-09-29T11:07:09Z,E,17,available,False,BFI IMAX E 17
2026-09-29T11:07:09Z,E,16,available,False,BFI IMAX E 16
2026-09-29T11:07:09Z,E,15,available,False,BFI IMAX E 15
2026-09-29T11:07:09Z,E,14,available,False,BFI IMAX E 14
2026-09-29T11:07:09Z,E,13,available,False,BFI IMAX E 13
2026-09-29T11:07:09Z,E,12,available,False,BFI IMAX E 12
2026-09-29T11:07:09Z,E,11,available,False,BFI IMAX E 11
2026-09-29T11:07:09Z,E,10,available,False,BFI IMAX E 10
2026-09-29T11:07:09Z,E,9,available,False,BFI IMAX E 9
2026-09-29T11:07:09Z,E,8,available,False,BFI IMAX E 8
2026-09-29T11:07:09Z,E,7,available,False,BFI IMAX E 7
2026-09-29T11:07:09Z,E,6,available,False,BFI IMAX E 6
2026-09-29T11:07:09Z,E,5,available,False,BFI IMAX E 5
2026-09-29T11:07:09Z,E,4,available,False,BFI IMAX E 4
2026-09-29T11:07:09Z,E,3,available,False,BFI IMAX E 3
2026-09-29T11:07:09Z,E,2,available,False,BFI IMAX E 2
2026-09-29T11:07:09Z,E,1,available,False,BFI IMAX E 1
2026-09-29T11:07:09Z,F,38,available,False,BFI IMAX F 38
2026-09-29T11:07:09Z,F,37,available,False,BFI IMAX F 37
2026-09-29T11:07:09Z,F,36,available,False,BFI IMAX F 36
2026-09-29T11:07:09Z,F,35,available,False,BFI IMAX F 35
2026-09-29T11:07:09Z,F,34,available,False,BFI IMAX F 34
2026-09-29T11:07:09Z,F,33,available,False,BFI IMAX F 33
2026-09-29T11:07:09Z,F,32,available,False,BFI IMAX F 32
2026-09-29T11:07:09Z,F,31,available,False,BFI IMAX F 31
2026-09-29T11:07:09Z,F,30,available,False,BFI IMAX F 30
2026-09-29T11:07:09Z,F,29,available,False,BFI IMAX F 29
2026-09-29T11:07:09Z,F,28,available,False,BFI IMAX F 28
2026-09-29T11:07:09Z,F,27,available,False,BFI IMAX F 27
2026-09-29T11:07:09Z,F,26,available,False,BFI IMAX F 26
2026-09-29T11:07:09Z,F,25,available,False,BFI IMAX F 25
2026-09-29T11:07:09Z,F,24,available,False,BFI IMAX F 24
2026-09-29T11:07:09Z,F,23,available,False,BFI IMAX F 23
2026-09-29T11:07:09Z,F,22,available,False,BFI IMAX F 22
2026-09-29T11:07:09Z,F,21,available,False,BFI IMAX F 21
2026-09-29T11:07:09Z,F,20,available,False,BFI IMAX F 20
2026-09-29T11:07:09Z,F,19,available,False,BFI IMAX F 19
2026-09-29T11:07:09Z,F,18,available,False,BFI IMAX F 18
2026-09-29T11:07:09Z,F,17,available,False,BFI IMAX F 17
2026-09-29T11:07:09Z,F,16,available,False,BFI IMAX F 16
2026-09-29T11:07:09Z,F,15,available,False,BFI IMAX F 15
2026-09-29T11:07:09Z,F,14,available,False,BFI IMAX F 14
2026-09-29T11:07:09Z,F,13,available,False,BFI IMAX F 13
2026-09-29T11:07:09Z,F,12,available,False,BFI IMAX F 12
2026-09-29T11:07:09Z,F,11,available,False,BFI IMAX F 11
2026-09-29T11:07:09Z,F,10,available,False,BFI IMAX F 10
2026-09-29T11:07:09Z,F,9,available,False,BFI IMAX F 9
2026-09-29T11:07:09Z,F,8,available,False,BFI IMAX F 8
2026-09-29T11:07:09Z,F,7,available,False,BFI IMAX F 7
2026-09-29T11:07:09Z,F,6,available,False,BFI IMAX F 6
2026-09-29T11:07:09Z,F,5,available,False,BFI IMAX F 5
2026-09-29T11:07:09Z,F,4,available,False,BFI IMAX F 4
2026-09-29T11:07:09Z,F,3,available,False,BFI IMAX F 3
2026-09-29T11:07:09Z,F,2,available,False,BFI IMAX F 2
2026-09-29T11:07:09Z,F,1,available,False,BFI IMAX F 1
2026-09-29T11:07:09Z,G,37,available,False,BFI IMAX G 37
2026-09-29T11:07:09Z,G,36,available,False,BFI IMAX G 36
2026-09-29T11:07:09Z,G,35,available,False,BFI IMAX G 35
2026-09-29T11:07:09Z,G,34,available,False,BFI IMAX G 34
2026-09-29T11:07:09Z,G,33,available,False,BFI IMAX G 33
2026-09-29T11:07:09Z,G,32,available,False,BFI IMAX G 32
2026-09-29T11:07:09Z,G,31,available,False,BFI IMAX G 31
2026-09-29T11:07:09Z,G,30,available,False,BFI IMAX G 30
2026-09-29T11:07:09Z,G,29,available,False,BFI IMAX G 29
2026-09-29T11:07:09Z,G,28,available,False,BFI IMAX G 28
2026-09-29T11:07:09Z,G,27,available,False,BFI IMAX G 27
2026-09-29T11:07:09Z,G,26,available,False,BFI IMAX G 26
2026-09-29T11:07:09Z,G,25,available,False,BFI IMAX G 25
2026-09-29T11:07:09Z,G,24,available,False,BFI IMAX G 24
2026-09-29T11:07:09Z,G,23,available,False,BFI IMAX G 23
2026-09-29T11:07:09Z,G,22,available,False,BFI IMAX G 22
2026-09-29T11:07:09Z,G,21,available,False,BFI IMAX G 21
2026-09-29T11:07:09Z,G,20,available,False,BFI IMAX G 20
2026-09-29T11:07:09Z,G,19,available,False,BFI IMAX G 19
2026-09-29T11:07:09Z,G,18,available,False,BFI IMAX G 18
2026-09-29T11:07:09Z,G,17,available,False,BFI IMAX G 17
2026-09-29T11:07:09Z,G,16,available,False,BFI IMAX G 16
2026-09-29T11:07:09Z,G,15,available,False,BFI IMAX G 15
2026-09-29T11:07:09Z,G,14,available,False,BFI IMAX G 14
2026-09-29T11:07:09Z,G,13,available,False,BFI IMAX G 13
2026-09-29T11:07:09Z,G,12,available,False,BFI IMAX G 12
2026-09-29T11:07:09Z,G,11,available,False,BFI IMAX G 11
2026-09-29T11:07:09Z,G,10,available,False,BFI IMAX G 10
2026-09-29T11:07:09Z,G,9,available,False,BFI IMAX G 9
2026-09-29T11:07:09Z,G,8,available,False,BFI IMAX G 8
2026-09-29T11:07:09Z,G,7,available,False,BFI IMAX G 7
2026-09-29T11:07:09Z,G,6,available,False,BFI IMAX G 6
2026-09-29T11:07:09Z,G,5,available,False,BFI IMAX G 5
2026-09-29T11:07:09Z,G,4,available,False,BFI IMAX G 4
2026-09-29T11:07:09Z,G,3,available,False,BFI IMAX G 3
2026-09-29T11:07:09Z,G,2,available,False,BFI IMAX G 2
2026-09-29T11:07:09Z,G,1,available,False,BFI IMAX G 1
2026-09-29T11:07:09Z,H,37,available,False,BFI IMAX H 37
2026-09-29T11:07:09Z,H,36,available,False,BFI IMAX H 36
2026-09-29T11:07:09Z,H,35,available,False,BFI IMAX H 35
2026-09-29T11:07:09Z,H,34,available,False,BFI IMAX H 34
2026-09-29T11:07:09Z,H,33,available,False,BFI IMAX H 33
2026-09-29T11:07:09Z,H,32,available,False,BFI IMAX H 32
2026-09-29T11:07:09Z,H,31,available,False,BFI IMAX H 31
2026-09-29T11:07:09Z,H,30,available,False,BFI IMAX H 30
2026-09-29T11:07:09Z,H,29,available,False,BFI IMAX H 29
2026-09-29T11:07:09Z,H,28,available,False,BFI IMAX H 28
2026-09-29T11:07:09Z,H,27,available,False,BFI IMAX H 27
2026-09-29T11:07:09Z,H,26,available,False,BFI IMAX H 26
2026-09-29T11:07:09Z,H,25,available,False,BFI IMAX H 25
2026-09-29T11:07:09Z,H,24,available,False,BFI IMAX H 24
2026-09-29T11:07:09Z,H,23,available,False,BFI IMAX H 23
2026-09-29T11:07:09Z,H,22,available,False,BFI IMAX H 22
2026-09-29T11:07:09Z,H,21,available,False,BFI IMAX H 21
2026-09-29T11:07:09Z,H,20,available,False,BFI IMAX H 20
2026-09-29T11:07:09Z,H,19,available,False,BFI IMAX H 19
2026-09-29T11:07:09Z,H,18,available,False,BFI IMAX H 18
2026-09-29T11:07:09Z,H,17,available,False,BFI IMAX H 17
2026-09-29T11:07:09Z,H,16,available,False,BFI IMAX H 16
2026-09-29T11:07:09Z,H,15,available,False,BFI IMAX H 15
2026-09-29T11:07:09Z,H,14,available,False,BFI IMAX H 14
2026-09-29T11:07:09Z,H,13,available,False,BFI IMAX H 13
2026-09-29T11:07:09Z,H,12,available,False,BFI IMAX H 12
2026-09-29T11:07:09Z,H,11,available,False,BFI IMAX H 11
2026-09-29T11:07:09Z,H,10,available,False,BFI IMAX H 10
2026-09-29T11:07:09Z,H,9,available,False,BFI IMAX H 9
2026-09-29T11:07:09Z,H,8,available,False,BFI IMAX H 8
2026-09-29T11:07:09Z,H,7,available,False,BFI IMAX H 7
2026-09-29T11:07:09Z,H,6,available,False,BFI IMAX H 6
2026-09-29T11:07:09Z,H,5,available,False,BFI IMAX H 5
2026-09-29T11:07:09Z,H,4,available,False,BFI IMAX H 4
2026-09-29T11:07:09Z,H,3,available,False,BFI IMAX H 3
2026-09-29T11:07:09Z,H,2,available,False,BFI IMAX H 2
2026-09-29T11:07:09Z,H,1,available,False,BFI IMAX H 1
2026-09-29T11:07:09Z,J,36,available,False,BFI IMAX J 36
2026-09-29T11:07:09Z,J,35,available,False,BFI IMAX J 35
2026-09-29T11:07:09Z,J,34,available,False,BFI IMAX J 34
2026-09-29T11:07:09Z,J,33,available,False,BFI IMAX J 33
2026-09-29T11:07:09Z,J,32,available,False,BFI IMAX J 32
2026-09-29T11:07:09Z,J,31,available,False,BFI IMAX J 31
2026-09-29T11:07:09Z,J,30,available,False,BFI IMAX J 30
2026-09-29T11:07:09Z,J,29,available,False,BFI IMAX J 29
2026-09-29T11:07:09Z,J,28,available,False,BFI IMAX J 28
2026-09-29T11:07:09Z,J,27,available,False,BFI IMAX J 27
2026-09-29T11:07:09Z,J,26,available,False,BFI IMAX J 26
2026-09-29T11:07:09Z,J,25,available,False,BFI IMAX J 25
2026-09-29T11:07:09Z,J,24,available,False,BFI IMAX J 24
2026-09-29T11:07:09Z,J,23,available,False,BFI IMAX J 23
2026-09-29T11:07:09Z,J,22,available,False,BFI IMAX J 22
2026-09-29T11:07:09Z,J,21,available,False,BFI IMAX J 21
2026-09-29T11:07:09Z,J,20,available,False,BFI IMAX J 20
2026-09-29T11:07:09Z,J,19,available,False,BFI IMAX J 19
2026-09-29T11:07:09Z,J,18,available,False,BFI IMAX J 18
2026-09-29T11:07:09Z,J,17,available,False,BFI IMAX J 17
2026-09-29T11:07:09Z,J,16,available,False,BFI IMAX J 16
2026-09-29T11:07:09Z,J,15,available,False,BFI IMAX J 15
2026-09-29T11:07:09Z,J,14,available,False,BFI IMAX J 14
2026-09-29T11:07:09Z,J,13,available,False,BFI IMAX J 13
2026-09-29T11:07:09Z,J,12,available,False,BFI IMAX J 12
2026-09-29T11:07:09Z,J,11,available,False,BFI IMAX J 11
2026-09-29T11:07:09Z,J,10,available,False,BFI IMAX J 10
2026-09-29T11:07:09Z,J,9,available,False,BFI IMAX J 9
2026-09-29T11:07:09Z,J,8,available,False,BFI IMAX J 8
2026-09-29T11:07:09Z,J,7,available,False,BFI IMAX J 7
2026-09-29T11:07:09Z,J,6,available,False,BFI IMAX J 6
2026-09-29T11:07:09Z,J,5,available,False,BFI IMAX J 5
2026-09-29T11:07:09Z,J,4,available,False,BFI IMAX J 4
2026-09-29T11:07:09Z,J,3,available,False,BFI IMAX J 3
2026-09-29T11:07:09Z,J,2,available,False,BFI IMAX J 2
2026-09-29T11:07:09Z,J,1,available,False,BFI IMAX J 1
2026-09-29T11:07:09Z,K,36,available,False,BFI IMAX K 36
2026-09-29T11:07:09Z,K,35,available,False,BFI IMAX K 35
2026-09-29T11:07:09Z,K,34,available,False,BFI IMAX K 34
2026-09-29T11:07:09Z,K,33,available,False,BFI IMAX K 33
2026-09-29T11:07:09Z,K,32,available,False,BFI IMAX K 32
2026-09-29T11:07:09Z,K,31,available,False,BFI IMAX K 31
2026-09-29T11:07:09Z,K,30,available,False,BFI IMAX K 30
2026-09-29T11:07:09Z,K,29,available,False,BFI IMAX K 29
2026-09-29T11:07:09Z,K,28,available,False,BFI IMAX K 28
2026-09-29T11:07:09Z,A,13,available,False,BFI IMAX A 13
2026-09-29T11:07:09Z,A,12,available,False,BFI IMAX A 12
2026-09-29T11:07:09Z,K,25,available,False,BFI IMAX K 25
2026-09-29T11:07:09Z,K,24,available,False,BFI IMAX K 24
2026-09-29T11:07:09Z,K,23,available,False,BFI IMAX K 23
2026-09-29T11:07:09Z,K,22,available,False,BFI IMAX K 22
2026-09-29T11:07:09Z,K,21,available,False,BFI IMAX K 21
2026-09-29T11:07:09Z,K,20,available,False,BFI IMAX K 20
2026-09-29T11:07:09Z,K,19,sold,False,BFI IMAX K 19
2026-09-29T11:07:09Z,K,18,available,False,BFI IMAX K 18
2026-09-29T11:07:09Z,K,17,available,False,BFI IMAX K 17
2026-09-29T11:07:09Z,K,16,available,False,BFI IMAX K 16
2026-09-29T11:07:09Z,K,15,available,False,BFI IMAX K 15
2026-09-29T11:07:09Z,K,14,available,False,BFI IMAX K 14
2026-09-29T11:07:09Z,K,13,available,False,BFI IMAX K 13
2026-09-29T11:07:09Z,K,12,available,False,BFI IMAX K 12
2026-09-29T11:07:09Z,K,11,available,False,BFI IMAX K 11
2026-09-29T11:07:09Z,K,10,available,False,BFI IMAX K 10
2026-09-29T11:07:09Z,K,9,available,False,BFI IMAX K 9
2026-09-29T11:07:09Z,K,8,available,False,BFI IMAX K 8
2026-09-29T11:07:09Z,K,7,available,False,BFI IMAX K 7
2026-09-29T11:07:09Z,K,6,available,False,BFI IMAX K 6
2026-09-29T11:07:09Z,K,5,available,False,BFI IMAX K 5
2026-09-29T11:07:09Z,K,4,available,False,BFI IMAX K 4
2026-09-29T11:07:09Z,K,3,available,False,BFI IMAX K 3
2026-09-29T11:07:09Z,K,2,available,False,BFI IMAX K 2
2026-09-29T11:07:09Z,K,1,available,False,BFI IMAX K 1
2026-09-29T11:07:09Z,L,33,available,False,BFI IMAX L 33
2026-09-29T11:07:09Z,L,32,available,False,BFI IMAX L 32
2026-09-29T11:07:09Z,L,31,available,False,BFI IMAX L 31
2026-09-29T11:07:09Z,L,30,available,False,BFI IMAX L 30
2026-09-29T11:07:09Z,L,29,available,False,BFI IMAX L 29
2026-09-29T11:07:09Z,L,28,available,False,BFI IMAX L 28
2026-09-29T11:07:09Z,L,27,available,False,BFI IMAX L 27
2026-09-29T11:07:09Z,L,26,available,False,BFI IMAX L 26
2026-09-29T11:07:09Z,L,8,available,False,BFI IMAX L 8
2026-09-29T11:07:09Z,L,7,available,False,BFI IMAX L 7
2026-09-29T11:07:09Z,L,6,available,False,BFI IMAX L 6
2026-09-29T11:07:09Z,L,5,available,False,BFI IMAX L 5
2026-09-29T11:07:09Z,L,4,available,False,BFI IMAX L 4
2026-09-29T11:07:09Z,L,3,available,False,BFI IMAX L 3
2026-09-29T11:07:09Z,L,2,available,False,BFI IMAX L 2
2026-09-29T11:07:09Z,L,1,available,False,BFI IMAX L 1
2026-09-29T11:07:09Z,M,34,available,False,BFI IMAX M 34
2026-09-29T11:07:09Z,M,33,available,False,BFI IMAX M 33
2026-09-29T11:07:09Z,M,32,available,False,BFI IMAX M 32
2026-09-29T11:07:09Z,M,31,available,False,BFI IMAX M 31
2026-09-29T11:07:09Z,M,30,available,False,BFI IMAX M 30
2026-09-29T11:07:09Z,M,29,available,False,BFI IMAX M 29
2026-09-29T11:07:09Z,M,28,available,False,BFI IMAX M 28
2026-09-29T11:07:09Z,M,27,sold,False,BFI IMAX M 27
2026-09-29T11:07:09Z,M,8,available,False,BFI IMAX M 8
2026-09-29T11:07:09Z,M,7,available,False,BFI IMAX M 7
2026-09-29T11:07:09Z,M,6,available,False,BFI IMAX M 6
2026-09-29T11:07:09Z,M,5,available,False,BFI IMAX M 5
2026-09-29T11:07:09Z,M,4,available,False,BFI IMAX M 4
2026-09-29T11:07:09Z,M,3,available,False,BFI IMAX M 3
2026-09-29T11:07:09Z,M,2,available,False,BFI IMAX M 2
2026-09-29T11:07:09Z,M,1,available,False,BFI IMAX M 1
2026-09-29T11:07:09Z,N,34,unavailable,False,BFI IMAX N 34
2026-09-29T11:07:09Z,N,33,unavailable,False,BFI IMAX N 33
2026-09-29T11:07:09Z,N,32,unavailable,False,BFI IMAX N 32
2026-09-29T11:07:09Z,N,31,unavailable,False,BFI IMAX N 31
2026-09-29T11:07:09Z,N,30,unavailable,False,BFI IMAX N 30
2026-09-29T11:07:09Z,N,29,unavailable,False,BFI IMAX N 29
2026-09-29T11:07:09Z,N,28,unavailable,False,BFI IMAX N 28
2026-09-29T11:07:09Z,N,27,unavailable,False,BFI IMAX N 27
2026-09-29T11:07:09Z,N,8,available,False,BFI IMAX N 8
2026-09-29T11:07:09Z,N,7,available,False,BFI IMAX N 7
2026-09-29T11:07:09Z,N,6,available,False,BFI IMAX N 6
2026-09-29T11:07:09Z,N,5,available,False,BFI IMAX N 5
2026-09-29T11:07:09Z,N,4,available,False,BFI IMAX N 4
2026-09-29T11:07:09Z,N,3,available,False,BFI IMAX N 3
2026-09-29T11:07:09Z,N,2,available,False,BFI IMAX N 2
2026-09-29T11:07:09Z,N,1,available,False,BFI IMAX N 1
2026-09-29T11:07:09Z,A,11,available,False,BFI IMAX A 11
2026-09-29T11:07:09Z,A,10,available,False,BFI IMAX A 10
2026-09-29T11:07:09Z,A,9,available,False,BFI IMAX A 9
2026-09-29T11:07:09Z,A,8,available,False,BFI IMAX A 8
2026-09-29T11:07:09Z,M,15,available,False,BFI IMAX M 15
2026-09-29T11:07:09Z,M,14,available,False,BFI IMAX M 14
2026-09-29T11:07:09Z,M,13,available,False,BFI IMAX M 13
2026-09-29T11:07:09Z,M,12,available,False,BFI IMAX M 12
2026-09-29T11:07:09Z,M,11,available,False,BFI IMAX M 11
2026-09-29T11:07:09Z,M,10,available,False,BFI IMAX M 10
2026-09-29T11:07:09Z,M,9,available,False,BFI IMAX M 9
2026-09-29T11:07:09Z,L,9,available,False,BFI IMAX L 9
2026-09-29T11:07:09Z,L,25,available,False,BFI IMAX L 25
2026-09-29T11:07:09Z,L,24,available,False,BFI IMAX L 24
2026-09-29T11:07:09Z,L,23,available,False,BFI IMAX L 23
2026-09-29T11:07:09Z,L,22,available,False,BFI IMAX L 22
2026-09-29T11:07:09Z,L,21,available,False,BFI IMAX L 21
2026-09-29T11:07:09Z,L,20,available,False,BFI IMAX L 20
2026-09-29T11:07:09Z,L,19,available,False,BFI IMAX L 19
2026-09-29T11:07:09Z,L,18,sold,False,BFI IMAX L 18
2026-09-29T11:07:09Z,L,17,sold,False,BFI IMAX L 17
2026-09-29T11:07:09Z,L,16,available,False,BFI IMAX L 16
2026-09-29T11:07:09Z,L,15,available,False,BFI IMAX L 15
2026-09-29T11:07:09Z,L,14,available,False,BFI IMAX L 14
2026-09-29T11:07:09Z,L,13,available,False,BFI IMAX L 13
2026-09-29T11:07:09Z,L,12,available,False,BFI IMAX L 12
2026-09-29T11:07:09Z,L,11,available,False,BFI IMAX L 11
2026-09-29T11:07:09Z,N,26,unavailable,False,BFI IMAX N 26
2026-09-29T11:07:09Z,N,25,unavailable,False,BFI IMAX N 25
2026-09-29T11:07:09Z,N,24,unavailable,False,BFI IMAX N 24
2026-09-29T11:07:09Z,N,23,unavailable,False,BFI IMAX N 23
2026-09-29T11:07:09Z,N,22,available,False,BFI IMAX N 22
2026-09-29T11:07:09Z,N,21,available,False,BFI IMAX N 21
2026-09-29T11:07:09Z,N,20,available,False,BFI IMAX N 20
2026-09-29T11:07:09Z,N,19,available,False,BFI IMAX N 19
2026-09-29T11:07:09Z,N,18,available,False,BFI IMAX N 18
2026-09-29T11:07:09Z,N,17,available,False,BFI IMAX N 17
2026-09-29T11:07:09Z,N,16,available,False,BFI IMAX N 16
2026-09-29T11:07:09Z,N,15,available,False,BFI IMAX N 15
2026-09-29T11:07:09Z,N,14,available,False,BFI IMAX N 14
2026-09-29T11:07:09Z,N,13,available,False,BFI IMAX N 13
2026-09-29T11:07:09Z,N,12,unavailable,False,BFI IMAX N 12
2026-09-29T11:07:09Z,N,11,unavailable,False,BFI IMAX N 11
2026-09-29T11:07:09Z,N,10,unavailable,False,BFI IMAX N 10
2026-09-29T11:07:09Z,N,9,unavailable,False,BFI IMAX N 9
2026-09-29T11:07:09Z,L,10,available,False,BFI IMAX L 10
2026-09-29T11:07:09Z,M,26,available,False,BFI IMAX M 26
2026-09-29T11:07:09Z,M,25,available,False,BFI IMAX M 25
2026-09-29T11:07:09Z,M,24,available,False,BFI IMAX M 24
2026-09-29T11:07:09Z,M,23,available,False,BFI IMAX M 23
2026-09-29T11:07:09Z,M,22,available,False,BFI IMAX M 22
2026-09-29T11:07:09Z,M,21,available,False,BFI IMAX M 21
2026-09-29T11:07:09Z,M,20,available,False,BFI IMAX M 20
2026-09-29T11:07:09Z,M,19,sold,False,BFI IMAX M 19
2026-09-29T11:07:09Z,M,18,sold,False,BFI IMAX M 18
2026-09-29T11:07:09Z,M,17,sold,False,BFI IMAX M 17
2026-09-29T11:07:09Z,M,16,available,False,BFI IMAX M 16
2026-09-29T11:07:09Z,P,27,available,True,BFI IMAX P 27
2026-09-29T11:07:09Z,P,26,unavailable,False,BFI IMAX P 26
2026-09-29T11:07:09Z,P,6,unavailable,False,BFI IMAX P 6
2026-09-29T11:07:09Z,P,5,available,True,BFI IMAX P 5
2026-09-29T11:07:09Z,P,31,unavailable,False,BFI IMAX P 31
2026-09-29T11:07:09Z,P,30,available,True,BFI IMAX P 30
2026-09-29T11:07:09Z,P,2,available,True,BFI IMAX P 2
2026-09-29T11:07:09Z,P,1,unavailable,False,BFI IMAX P 1
2026-09-29T11:07:09Z,P,21,available,False,BFI IMAX P 21
2026-09-29T11:07:09Z,P,20,available,False,BFI IMAX P 20
2026-09-29T11:07:09Z,P,19,available,False,BFI IMAX P 19
2026-09-29T11:07:09Z,P,18,available,False,BFI IMAX P 18
2026-09-29T11:07:09Z,P,17,available,False,BFI IMAX P 17
2026-09-29T11:07:09Z,P,16,available,False,BFI IMAX P 16
2026-09-29T11:07:09Z,P,15,available,False,BFI IMAX P 15
2026-09-29T11:07:09Z,P,14,available,False,BFI IMAX P 14
2026-09-29T11:07:09Z,P,13,available,False,BFI IMAX P 13
2026-09-29T11:07:09Z,P,12,available,False,BFI IMAX P 12
2026-09-29T11:07:09Z,P,11,available,False,BFI IMAX P 11
2026-09-29T11:07:09Z,P,9,available,False,BFI IMAX P 9
2026-09-29T11:07:09Z,P,8,available,False,BFI IMAX P 8
2026-09-29T11:07:09Z,P,7,available,False,BFI IMAX P 7
2026-09-29T11:07:09Z,P,10,available,False,BFI IMAX P 10
2026-09-29T11:07:09Z,P,25,available,False,BFI IMAX P 25
2026-09-29T11:07:09Z,P,24,available,False,BFI IMAX P 24
2026-09-29T11:07:09Z,P,23,available,False,BFI IMAX P 23
2026-09-29T11:07:09Z,P,22,available,False,BFI IMAX P 22
2026-09-29T11:07:09Z,Q,18,sold,False,BFI IMAX Q 18
2026-09-29T11:07:09Z,Q,17,available,False,BFI IMAX Q 17
2026-09-29T11:07:09Z,Q,16,available,False,BFI IMAX Q 16
2026-09-29T11:07:09Z,Q,15,available,False,BFI IMAX Q 15
2026-09-29T11:07:09Z,Q,14,available,False,BFI IMAX Q 14
2026-09-29T11:07:09Z,Q,13,available,False,BFI IMAX Q 13
2026-09-29T11:07:09Z,Q,12,available,False,BFI IMAX Q 12
2026-09-29T11:07:09Z,Q,11,available,False,BFI IMAX Q 11
2026-09-29T11:07:09Z,Q,10,available,False,BFI IMAX Q 10
2026-09-29T11:07:09Z,Q,9,sold,False,BFI IMAX Q 9
2026-09-29T11:07:09Z,Q,8,sold,False,BFI IMAX Q 8
2026-09-29T11:07:09Z,Q,7,sold,False,BFI IMAX Q 7
2026-09-29T11:07:09Z,Q,6,available,False,BFI IMAX Q 6
2026-09-29T11:07:09Z,Q,5,available,False,BFI IMAX Q 5
2026-09-29T11:07:09Z,Q,4,available,False,BFI IMAX Q 4
2026-09-29T11:07:09Z,Q,3,available,False,BFI IMAX Q 3
2026-09-29T11:07:09Z,Q,2,available,False,BFI IMAX Q 2
2026-09-29T11:07:09Z,Q,1,available,False,BFI IMAX Q 1
2026-09-30T13:00:01Z,K,27,unavailable,False,BFI IMAX K 27
2026-09-30T13:00:01Z,K,26,unavailable,False,BFI IMAX K 26
2026-09-30T13:00:01Z,P,29,available,True,BFI IMAX P 29
2026-09-30T13:00:01Z,P,28,available,True,BFI IMAX P 28
2026-09-30T13:00:01Z,P,4,available,True,BFI IMAX P 4
2026-09-30T13:00:01Z,P,3,available,True,BFI IMAX P 3
2026-09-30T13:00:01Z,A,7,available,False,BFI IMAX A 7
2026-09-30T13:00:01Z,A,6,available,False,BFI IMAX A 6
2026-09-30T13:00:01Z,A,5,available,False,BFI IMAX A 5
2026-09-30T13:00:01Z,A,4,available,False,BFI IMAX A 4
2026-09-30T13:00:01Z,A,3,available,False,BFI IMAX A 3
2026-09-30T13:00:01Z,A,2,available,False,BFI IMAX A 2
2026-09-30T13:00:01Z,A,1,available,False,BFI IMAX A 1
2026-09-30T13:00:01Z,B,36,available,False,BFI IMAX B 36
2026-09-30T13:00:01Z,B,35,available,False,BFI IMAX B 35
2026-09-30T13:00:01Z,B,34,available,False,BFI IMAX B 34
2026-09-30T13:00:01Z,B,33,available,False,BFI IMAX B 33
2026-09-30T13:00:01Z,B,32,available,False,BFI IMAX B 32
2026-09-30T13:00:01Z,B,31,available,False,BFI IMAX B 31
2026-09-30T13:00:01Z,B,30,available,False,BFI IMAX B 30
2026-09-30T13:00:01Z,B,29,available,False,BFI IMAX B 29
2026-09-30T13:00:01Z,B,28,available,False,BFI IMAX B 28
2026-09-30T13:00:01Z,B,27,available,False,BFI IMAX B 27
2026-09-30T13:00:01Z,B,26,available,False,BFI IMAX B 26
2026-09-30T13:00:01Z,B,25,available,False,BFI IMAX B 25
2026-09-30T13:00:01Z,B,24,available,False,BFI IMAX B 24
2026-09-30T13:00:01Z,B,23,available,False,BFI IMAX B 23
2026-09-30T13:00:01Z,B,22,available,False,BFI IMAX B 22
2026-09-30T13:00:01Z,B,21,available,False,BFI IMAX B 21
2026-09-30T13:00:01Z,B,20,available,False,BFI IMAX B 20
2026-09-30T13:00:01Z,B,19,available,False,BFI IMAX B 19
2026-09-30T13:00:01Z,B,18,available,False,BFI IMAX B 18
2026-09-30T13:00:01Z,B,17,available,False,BFI IMAX B 17
2026-09-30T13:00:01Z,B,16,available,False,BFI IMAX B 16
2026-09-30T13:00:01Z,B,15,available,False,BFI IMAX B 15
2026-09-30T13:00:01Z,B,14,available,False,BFI IMAX B 14
2026-09-30T13:00:01Z,B,13,available,False,BFI IMAX B 13
2026-09-30T13:00:01Z,B,12,available,False,BFI IMAX B 12
2026-09-30T13:00:01Z,B,11,available,False,BFI IMAX B 11
2026-09-30T13:00:01Z,B,10,available,False,BFI IMAX B 10
2026-09-30T13:00:01Z,B,9,available,False,BFI IMAX B 9
2026-09-30T13:00:01Z,B,8,available,False,BFI IMAX B 8
2026-09-30T13:00:01Z,B,7,available,False,BFI IMAX B 7
2026-09-30T13:00:01Z,B,6,available,False,BFI IMAX B 6
2026-09-30T13:00:01Z,B,5,available,False,BFI IMAX B 5
2026-09-30T13:00:01Z,B,4,available,False,BFI IMAX B 4
2026-09-30T13:00:01Z,B,3,available,False,BFI IMAX B 3
2026-09-30T13:00:01Z,B,2,available,False,BFI IMAX B 2
2026-09-30T13:00:01Z,B,1,available,False,BFI IMAX B 1
2026-09-30T13:00:01Z,C,36,available,False,BFI IMAX C 36
2026-09-30T13:00:01Z,C,35,available,False,BFI IMAX C 35
2026-09-30T13:00:01Z,C,34,available,False,BFI IMAX C 34
2026-09-30T13:00:01Z,C,33,available,False,BFI IMAX C 33
2026-09-30T13:00:01Z,C,32,available,False,BFI IMAX C 32
2026-09-30T13:00:01Z,C,31,available,False,BFI IMAX C 31
2026-09-30T13:00:01Z,C,30,available,False,BFI IMAX C 30
2026-09-30T13:00:01Z,C,29,available,False,BFI IMAX C 29
2026-09-30T13:00:01Z,C,28,available,False,BFI IMAX C 28
2026-09-30T13:00:01Z,C,27,available,False,BFI IMAX C 27
2026-09-30T13:00:01Z,C,26,available,False,BFI IMAX C 26
2026-09-30T13:00:01Z,C,25,sold,False,BFI IMAX C 25
2026-09-30T13:00:01Z,C,24,available,False,BFI IMAX C 24
2026-09-30T13:00:01Z,C,23,available,False,BFI IMAX C 23
2026-09-30T13:00:01Z,C,22,available,False,BFI IMAX C 22
2026-09-30T13:00:01Z,C,21,available,False,BFI IMAX C 21
2026-09-30T13:00:01Z,C,20,available,False,BFI IMAX C 20
2026-09-30T13:00:01Z,C,19,available,False,BFI IMAX C 19
2026-09-30T13:00:01Z,C,18,available,False,BFI IMAX C 18
2026-09-30T13:00:01Z,C,17,available,False,BFI IMAX C 17
2026-09-30T13:00:01Z,C,16,available,False,BFI IMAX C 16
2026-09-30T13:00:01Z,C,15,available,False,BFI IMAX C 15
2026-09-30T13:00:01Z,C,14,available,False,BFI IMAX C 14
2026-09-30T13:00:01Z,C,13,available,False,BFI IMAX C 13
2026-09-30T13:00:01Z,C,12,available,False,BFI IMAX C 12
2026-09-30T13:00:01Z,C,11,available,False,BFI IMAX C 11
2026-09-30T13:00:01Z,C,10,available,False,BFI IMAX C 10
2026-09-30T13:00:01Z,C,9,available,False,BFI IMAX C 9
2026-09-30T13:00:01Z,C,8,available,False,BFI IMAX C 8
2026-09-30T13:00:01Z,C,7,available,False,BFI IMAX C 7
2026-09-30T13:00:01Z,C,6,available,False,BFI IMAX C 6
2026-09-30T13:00:01Z,C,5,available,False,BFI IMAX C 5
2026-09-30T13:00:01Z,C,4,available,False,BFI IMAX C 4
2026-09-30T13:00:01Z,C,3,available,False,BFI IMAX C 3
2026-09-30T13:00:01Z,C,2,available,False,BFI IMAX C 2
2026-09-30T13:00:01Z,C,1,available,False,BFI IMAX C 1
2026-09-30T13:00:01Z,D,37,available,False,BFI IMAX D 37
2026-09-30T13:00:01Z,D,36,available,False,BFI IMAX D 36
2026-09-30T13:00:01Z,D,35,available,False,BFI IMAX D 35
2026-09-30T13:00:01Z,D,34,available,False,BFI IMAX D 34
2026-09-30T13:00:01Z,D,33,available,False,BFI IMAX D 33
2026-09-30T13:00:01Z,D,32,available,False,BFI IMAX D 32
2026-09-30T13:00:01Z,D,31,available,False,BFI IMAX D 31
2026-09-30T13:00:01Z,D,30,available,False,BFI IMAX D 30
2026-09-30T13:00:01Z,D,29,available,False,BFI IMAX D 29
2026-09-30T13:00:01Z,D,28,available,False,BFI IMAX D 28
2026-09-30T13:00:01Z,D,27,available,False,BFI IMAX D 27
2026-09-30T13:00:01Z,D,26,available,False,BFI IMAX D 26
2026-09-30T13:00:01Z,D,25,available,False,BFI IMAX D 25
2026-09-30T13:00:01Z,D,24,available,False,BFI IMAX D 24
2026-09-30T13:00:01Z,D,23,available,False,BFI IMAX D 23
2026-09-30T13:00:01Z,D,22,available,False,BFI IMAX D 22
2026-09-30T13:00:01Z,D,21,available,False,BFI IMAX D 21
2026-09-30T13:00:01Z,D,20,available,False,BFI IMAX D 20
2026-09-30T13:00:01Z,D,19,available,False,BFI IMAX D 19
2026-09-30T13:00:01Z,D,18,available,False,BFI IMAX D 18
2026-09-30T13:00:01Z,D,17,available,False,BFI IMAX D 17
2026-09-30T13:00:01Z,D,16,available,False,BFI IMAX D 16
2026-09-30T13:00:01Z,D,15,available,False,BFI IMAX D 15
2026-09-30T13:00:01Z,D,14,available,False,BFI IMAX D 14
2026-09-30T13:00:01Z,D,13,available,False,BFI IMAX D 13
2026-09-30T13:00:01Z,D,12,available,False,BFI IMAX D 12
2026-09-30T13:00:01Z,D,11,available,False,BFI IMAX D 11
2026-09-30T13:00:01Z,D,10,available,False,BFI IMAX D 10
2026-09-30T13:00:01Z,D,9,available,False,BFI IMAX D 9
2026-09-30T13:00:01Z,D,8,available,False,BFI IMAX D 8
2026-09-30T13:00:01Z,D,7,available,False,BFI IMAX D 7
2026-09-30T13:00:01Z,D,6,available,False,BFI IMAX D 6
2026-09-30T13:00:01Z,D,5,available,False,BFI IMAX D 5
2026-09-30T13:00:01Z,D,4,available,False,BFI IMAX D 4
2026-09-30T13:00:01Z,D,3,available,False,BFI IMAX D 3
2026-09-30T13:00:01Z,D,2,available,False,BFI IMAX D 2
2026-09-30T13:00:01Z,D,1,available,False,BFI IMAX D 1
2026-09-30T13:00:01Z,E,37,available,False,BFI IMAX E 37
2026-09-30T13:00:01Z,E,36,available,False,BFI IMAX E 36
2026-09-30T13:00:01Z,E,35,available,False,BFI IMAX E 35
2026-09-30T13:00:01Z,E,34,available,False,BFI IMAX E 34
2026-09-30T13:00:01Z,E,33,available,False,BFI IMAX E 33
2026-09-30T13:00:01Z,E,32,available,False,BFI IMAX E 32
2026-09-30T13:00:01Z,E,31,available,False,BFI IMAX E 31
2026-09-30T13:00:01Z,E,30,available,False,BFI IMAX E 30
2026-09-30T13:00:01Z,E,29,available,False,BFI IMAX E 29
2026-09-30T13:00:01Z,E,28,available,False,BFI IMAX E 28
2026-09-30T13:00:01Z,E,27,available,False,BFI IMAX E 27
2026-09-30T13:00:01Z,E,26,available,False,BFI IMAX E 26
2026-09-30T13:00:01Z,E,25,available,False,BFI IMAX E 25
2026-09-30T13:00:01Z,E,24,available,False,BFI IMAX E 24
2026-09-30T13:00:01Z,E,23,available,False,BFI IMAX E 23
2026-09-30T13:00:01Z,E,22,available,False,BFI IMAX E 22
2026-09-30T13:00:01Z,E,21,available,False,BFI IMAX E 21
2026-09-30T13:00:01Z,E,20,available,False,BFI IMAX E 20
2026-09-30T13:00:01Z,E,19,available,False,BFI IMAX E 19
2026-09-30T13:00:01Z,E,18,available,False,BFI IMAX E 18
2026-09-30T13:00:01Z,E,17,available,False,BFI IMAX E 17
2026-09-30T13:00:01Z,E,16,available,False,BFI IMAX E 16
2026-09-30T13:00:01Z,E,15,available,False,BFI IMAX E 15
2026-09-30T13:00:01Z,E,14,available,False,BFI IMAX E 14
2026-09-30T13:00:01Z,E,13,available,False,BFI IMAX E 13
2026-09-30T13:00:01Z,E,12,available,False,BFI IMAX E 12
2026-09-30T13:00:01Z,E,11,available,False,BFI IMAX E 11
2026-09-30T13:00:01Z,E,10,available,False,BFI IMAX E 10
2026-09-30T13:00:01Z,E,9,available,False,BFI IMAX E 9
2026-09-30T13:00:01Z,E,8,available,False,BFI IMAX E 8
2026-09-30T13:00:01Z,E,7,available,False,BFI IMAX E 7
2026-09-30T13:00:01Z,E,6,available,False,BFI IMAX E 6
2026-09-30T13:00:01Z,E,5,available,False,BFI IMAX E 5
2026-09-30T13:00:01Z,E,4,available,False,BFI IMAX E 4
2026-09-30T13:00:01Z,E,3,available,False,BFI IMAX E 3
2026-09-30T13:00:01Z,E,2,available,False,BFI IMAX E 2
2026-09-30T13:00:01Z,E,1,available,False,BFI IMAX E 1
2026-09-30T13:00:01Z,F,38,available,False,BFI IMAX F 38
2026-09-30T13:00:01Z,F,37,available,False,BFI IMAX F 37
2026-09-30T13:00:01Z,F,36,available,False,BFI IMAX F 36
2026-09-30T13:00:01Z,F,35,available,False,BFI IMAX F 35
2026-09-30T13:00:01Z,F,34,available,False,BFI IMAX F 34
2026-09-30T13:00:01Z,F,33,available,False,BFI IMAX F 33
2026-09-30T13:00:01Z,F,32,available,False,BFI IMAX F 32
2026-09-30T13:00:01Z,F,31,available,False,BFI IMAX F 31
2026-09-30T13:00:01Z,F,30,available,False,BFI IMAX F 30
2026-09-30T13:00:01Z,F,29,available,False,BFI IMAX F 29
2026-09-30T13:00:01Z,F,28,available,False,BFI IMAX F 28
2026-09-30T13:00:01Z,F,27,available,False,BFI IMAX F 27
2026-09-30T13:00:01Z,F,26,available,False,BFI IMAX F 26
2026-09-30T13:00:01Z,F,25,available,False,BFI IMAX F 25
2026-09-30T13:00:01Z,F,24,available,False,BFI IMAX F 24
2026-09-30T13:00:01Z,F,23,available,False,BFI IMAX F 23
2026-09-30T13:00:01Z,F,22,available,False,BFI IMAX F 22
2026-09-30T13:00:01Z,F,21,available,False,BFI IMAX F 21
2026-09-30T13:00:01Z,F,20,available,False,BFI IMAX F 20
2026-09-30T13:00:01Z,F,19,available,False,BFI IMAX F 19
2026-09-30T13:00:01Z,F,18,available,False,BFI IMAX F 18
2026-09-30T13:00:01Z,F,17,available,False,BFI IMAX F 17
2026-09-30T13:00:01Z,F,16,available,False,BFI IMAX F 16
2026-09-30T13:00:01Z,F,15,available,False,BFI IMAX F 15
2026-09-30T13:00:01Z,F,14,available,False,BFI IMAX F 14
2026-09-30T13:00:01Z,F,13,available,False,BFI IMAX F 13
2026-09-30T13:00:01Z,F,12,available,False,BFI IMAX F 12
2026-09-30T13:00:01Z,F,11,available,False,BFI IMAX F 11
2026-09-30T13:00:01Z,F,10,available,False,BFI IMAX F 10
2026-09-30T13:00:01Z,F,9,available,False,BFI IMAX F 9
2026-09-30T13:00:01Z,F,8,available,False,BFI IMAX F 8
2026-09-30T13:00:01Z,F,7,available,False,BFI IMAX F 7
2026-09-30T13:00:01Z,F,6,available,False,BFI IMAX F 6
2026-09-30T13:00:01Z,F,5,available,False,BFI IMAX F 5
2026-09-30T13:00:01Z,F,4,available,False,BFI IMAX F 4
2026-09-30T13:00:01Z,F,3,available,False,BFI IMAX F 3
2026-09-30T13:00:01Z,F,2,available,False,BFI IMAX F 2
2026-09-30T13:00:01Z,F,1,available,False,BFI IMAX F 1
2026-09-30T13:00:01Z,G,37,available,False,BFI IMAX G 37
2026-09-30T13:00:01Z,G,36,available,False,BFI IMAX G 36
2026-09-30T13:00:01Z,G,35,available,False,BFI IMAX G 35
2026-09-30T13:00:01Z,G,34,available,False,BFI IMAX G 34
2026-09-30T13:00:01Z,G,33,available,False,BFI IMAX G 33
2026-09-30T13:00:01Z,G,32,available,False,BFI IMAX G 32
2026-09-30T13:00:01Z,G,31,available,False,BFI IMAX G 31
2026-09-30T13:00:01Z,G,30,available,False,BFI IMAX G 30
2026-09-30T13:00:01Z,G,29,available,False,BFI IMAX G 29
2026-09-30T13:00:01Z,G,28,available,False,BFI IMAX G 28
2026-09-30T13:00:01Z,G,27,available,False,BFI IMAX G 27
2026-09-30T13:00:01Z,G,26,available,False,BFI IMAX G 26
2026-09-30T13:00:01Z,G,25,available,False,BFI IMAX G 25
2026-09-30T13:00:01Z,G,24,available,False,BFI IMAX G 24
2026-09-30T13:00:01Z,G,23,available,False,BFI IMAX G 23
2026-09-30T13:00:01Z,G,22,available,False,BFI IMAX G 22
2026-09-30T13:00:01Z,G,21,available,False,BFI IMAX G 21
2026-09-30T13:00:01Z,G,20,available,False,BFI IMAX G 20
2026-09-30T13:00:01Z,G,19,available,False,BFI IMAX G 19
2026-09-30T13:00:01Z,G,18,available,False,BFI IMAX G 18
2026-09-30T13:00:01Z,G,17,available,False,BFI IMAX G 17
2026-09-30T13:00:01Z,G,16,available,False,BFI IMAX G 16
2026-09-30T13:00:01Z,G,15,available,False,BFI IMAX G 15
2026-09-30T13:00:01Z,G,14,available,False,BFI IMAX G 14
2026-09-30T13:00:01Z,G,13,available,False,BFI IMAX G 13
2026-09-30T13:00:01Z,G,12,available,False,BFI IMAX G 12
2026-09-30T13:00:01Z,G,11,available,False,BFI IMAX G 11
2026-09-30T13:00:01Z,G,10,available,False,BFI IMAX G 10
2026-09-30T13:00:01Z,G,9,available,False,BFI IMAX G 9
2026-09-30T13:00:01Z,G,8,available,False,BFI IMAX G 8
2026-09-30T13:00:01Z,G,7,available,False,BFI IMAX G 7
2026-09-30T13:00:01Z,G,6,available,False,BFI IMAX G 6
2026-09-30T13:00:01Z,G,5,available,False,BFI IMAX G 5
2026-09-30T13:00:01Z,G,4,available,False,BFI IMAX G 4
2026-09-30T13:00:01Z,G,3,available,False,BFI IMAX G 3
2026-09-30T13:00:01Z,G,2,available,False,BFI IMAX G 2
2026-09-30T13:00:01Z,G,1,available,False,BFI IMAX G 1
2026-09-30T13:00:01Z,H,37,available,False,BFI IMAX H 37
2026-09-30T13:00:01Z,H,36,available,False,BFI IMAX H 36
2026-09-30T13:00:01Z,H,35,available,False,BFI IMAX H 35
2026-09-30T13:00:01Z,H,34,available,False,BFI IMAX H 34
2026-09-30T13:00:01Z,H,33,available,False,BFI IMAX H 33
2026-09-30T13:00:01Z,H,32,available,False,BFI IMAX H 32
2026-09-30T13:00:01Z,H,31,available,False,BFI IMAX H 31
2026-09-30T13:00:01Z,H,30,available,False,BFI IMAX H 30
2026-09-30T13:00:01Z,H,29,available,False,BFI IMAX H 29
2026-09-30T13:00:01Z,H,28,available,False,BFI IMAX H 28
2026-09-30T13:00:01Z,H,27,available,False,BFI IMAX H 27
2026-09-30T13:00:01Z,H,26,available,False,BFI IMAX H 26
2026-09-30T13:00:01Z,H,25,available,False,BFI IMAX H 25
2026-09-30T13:00:01Z,H,24,available,False,BFI IMAX H 24
2026-09-30T13:00:01Z,H,23,available,False,BFI IMAX H 23
2026-09-30T13:00:01Z,H,22,available,False,BFI IMAX H 22
2026-09-30T13:00:01Z,H,21,available,False,BFI IMAX H 21
2026-09-30T13:00:01Z,H,20,available,False,BFI IMAX H 20
2026-09-30T13:00:01Z,H,19,available,False,BFI IMAX H 19
2026-09-30T13:00:01Z,H,18,available,False,BFI IMAX H 18
2026-09-30T13:00:01Z,H,17,available,False,BFI IMAX H 17
2026-09-30T13:00:01Z,H,16,available,False,BFI IMAX H 16
2026-09-30T13:00:01Z,H,15,available,False,BFI IMAX H 15
2026-09-30T13:00:01Z,H,14,available,False,BFI IMAX H 14
2026-09-30T13:00:01Z,H,13,available,False,BFI IMAX H 13
2026-09-30T13:00:01Z,H,12,available,False,BFI IMAX H 12
2026-09-30T13:00:01Z,H,11,available,False,BFI IMAX H 11
2026-09-30T13:00:01Z,H,10,available,False,BFI IMAX H 10
2026-09-30T13:00:01Z,H,9,available,False,BFI IMAX H 9
2026-09-30T13:00:01Z,H,8,available,False,BFI IMAX H 8
2026-09-30T13:00:01Z,H,7,available,False,BFI IMAX H 7
2026-09-30T13:00:01Z,H,6,available,False,BFI IMAX H 6
2026-09-30T13:00:01Z,H,5,available,False,BFI IMAX H 5
2026-09-30T13:00:01Z,H,4,available,False,BFI IMAX H 4
2026-09-30T13:00:01Z,H,3,available,False,BFI IMAX H 3
2026-09-30T13:00:01Z,H,2,available,False,BFI IMAX H 2
2026-09-30T13:00:01Z,H,1,available,False,BFI IMAX H 1
2026-09-30T13:00:01Z,J,36,available,False,BFI IMAX J 36
2026-09-30T13:00:01Z,J,35,available,False,BFI IMAX J 35
2026-09-30T13:00:01Z,J,34,available,False,BFI IMAX J 34
2026-09-30T13:00:01Z,J,33,available,False,BFI IMAX J 33
2026-09-30T13:00:01Z,J,32,available,False,BFI IMAX J 32
2026-09-30T13:00:01Z,J,31,available,False,BFI IMAX J 31
2026-09-30T13:00:01Z,J,30,available,False,BFI IMAX J 30
2026-09-30T13:00:01Z,J,29,available,False,BFI IMAX J 29
2026-09-30T13:00:01Z,J,28,available,False,BFI IMAX J 28
2026-09-30T13:00:01Z,J,27,available,False,BFI IMAX J 27
2026-09-30T13:00:01Z,J,26,available,False,BFI IMAX J 26
2026-09-30T13:00:01Z,J,25,available,False,BFI IMAX J 25
2026-09-30T13:00:01Z,J,24,available,False,BFI IMAX J 24
2026-09-30T13:00:01Z,J,23,available,False,BFI IMAX J 23
2026-09-30T13:00:01Z,J,22,available,False,BFI IMAX J 22
2026-09-30T13:00:01Z,J,21,available,False,BFI IMAX J 21
2026-09-30T13:00:01Z,J,20,available,False,BFI IMAX J 20
2026-09-30T13:00:01Z,J,19,available,False,BFI IMAX J 19
2026-09-30T13:00:01Z,J,18,available,False,BFI IMAX J 18
2026-09-30T13:00:01Z,J,17,available,False,BFI IMAX J 17
2026-09-30T13:00:01Z,J,16,available,False,BFI IMAX J 16
2026-09-30T13:00:01Z,J,15,available,False,BFI IMAX J 15
2026-09-30T13:00:01Z,J,14,available,False,BFI IMAX J 14
2026-09-30T13:00:01Z,J,13,available,False,BFI IMAX J 13
2026-09-30T13:00:01Z,J,12,available,False,BFI IMAX J 12
2026-09-30T13:00:01Z,J,11,available,False,BFI IMAX J 11
2026-09-30T13:00:01Z,J,10,available,False,BFI IMAX J 10
2026-09-30T13:00:01Z,J,9,available,False,BFI IMAX J 9
2026-09-30T13:00:01Z,J,8,available,False,BFI IMAX J 8
2026-09-30T13:00:01Z,J,7,available,False,BFI IMAX J 7
2026-09-30T13:00:01Z,J,6,available,False,BFI IMAX J 6
2026-09-30T13:00:01Z,J,5,available,False,BFI IMAX J 5
2026-09-30T13:00:01Z,J,4,available,False,BFI IMAX J 4
2026-09-30T13:00:01Z,J,3,available,False,BFI IMAX J 3
2026-09-30T13:00:01Z,J,2,available,False,BFI IMAX J 2
2026-09-30T13:00:01Z,J,1,available,False,BFI IMAX J 1
2026-09-30T13:00:01Z,K,36,available,False,BFI IMAX K 36
2026-09-30T13:00:01Z,K,35,available,False,BFI IMAX K 35
2026-09-30T13:00:01Z,K,34,available,False,BFI IMAX K 34
2026-09-30T13:00:01Z,K,33,available,False,BFI IMAX K 33
2026-09-30T13:00:01Z,K,32,available,False,BFI IMAX K 32
2026-09-30T13:00:01Z,K,31,available,False,BFI IMAX K 31
2026-09-30T13:00:01Z,K,30,available,False,BFI IMAX K 30
2026-09-30T13:00:01Z,K,29,available,False,BFI IMAX K 29
2026-09-30T13:00:01Z,K,28,available,False,BFI IMAX K 28
2026-09-30T13:00:01Z,A,13,available,False,BFI IMAX A 13
2026-09-30T13:00:01Z,A,12,available,False,BFI IMAX A 12
2026-09-30T13:00:01Z,K,25,available,False,BFI IMAX K 25
2026-09-30T13:00:01Z,K,24,available,False,BFI IMAX K 24
2026-09-30T13:00:01Z,K,23,available,False,BFI IMAX K 23
2026-09-30T13:00:01Z,K,22,available,False,BFI IMAX K 22
2026-09-30T13:00:01Z,K,21,available,False,BFI IMAX K 21
2026-09-30T13:00:01Z,K,20,available,False,BFI IMAX K 20
2026-09-30T13:00:01Z,K,19,sold,False,BFI IMAX K 19
2026-09-30T13:00:01Z,K,18,available,False,BFI IMAX K 18
2026-09-30T13:00:01Z,K,17,available,False,BFI IMAX K 17
2026-09-30T13:00:01Z,K,16,available,False,BFI IMAX K 16
2026-09-30T13:00:01Z,K,15,available,False,BFI IMAX K 15
2026-09-30T13:00:01Z,K,14,available,False,BFI IMAX K 14
2026-09-30T13:00:01Z,K,13,available,False,BFI IMAX K 13
2026-09-30T13:00:01Z,K,12,available,False,BFI IMAX K 12
2026-09-30T13:00:01Z,K,11,available,False,BFI IMAX K 11
2026-09-30T13:00:01Z,K,10,available,False,BFI IMAX K 10
2026-09-30T13:00:01Z,K,9,available,False,BFI IMAX K 9
2026-09-30T13:00:01Z,K,8,available,False,BFI IMAX K 8
2026-09-30T13:00:01Z,K,7,available,False,BFI IMAX K 7
2026-09-30T13:00:01Z,K,6,available,False,BFI IMAX K 6
2026-09-30T13:00:01Z,K,5,available,False,BFI IMAX K 5
2026-09-30T13:00:01Z,K,4,available,False,BFI IMAX K 4
2026-09-30T13:00:01Z,K,3,available,False,BFI IMAX K 3
2026-09-30T13:00:01Z,K,2,available,False,BFI IMAX K 2
2026-09-30T13:00:01Z,K,1,available,False,BFI IMAX K 1
2026-09-30T13:00:01Z,L,33,available,False,BFI IMAX L 33
2026-09-30T13:00:01Z,L,32,available,False,BFI IMAX L 32
2026-09-30T13:00:01Z,L,31,available,False,BFI IMAX L 31
2026-09-30T13:00:01Z,L,30,available,False,BFI IMAX L 30
2026-09-30T13:00:01Z,L,29,available,False,BFI IMAX L 29
2026-09-30T13:00:01Z,L,28,available,False,BFI IMAX L 28
2026-09-30T13:00:01Z,L,27,available,False,BFI IMAX L 27
2026-09-30T13:00:01Z,L,26,available,False,BFI IMAX L 26
2026-09-30T13:00:01Z,L,8,available,False,BFI IMAX L 8
2026-09-30T13:00:01Z,L,7,available,False,BFI IMAX L 7
2026-09-30T13:00:01Z,L,6,available,False,BFI IMAX L 6
2026-09-30T13:00:01Z,L,5,available,False,BFI IMAX L 5
2026-09-30T13:00:01Z,L,4,available,False,BFI IMAX L 4
2026-09-30T13:00:01Z,L,3,available,False,BFI IMAX L 3
2026-09-30T13:00:01Z,L,2,available,False,BFI IMAX L 2
2026-09-30T13:00:01Z,L,1,available,False,BFI IMAX L 1
2026-09-30T13:00:01Z,M,34,available,False,BFI IMAX M 34
2026-09-30T13:00:01Z,M,33,available,False,BFI IMAX M 33
2026-09-30T13:00:01Z,M,32,available,False,BFI IMAX M 32
2026-09-30T13:00:01Z,M,31,available,False,BFI IMAX M 31
2026-09-30T13:00:01Z,M,30,available,False,BFI IMAX M 30
2026-09-30T13:00:01Z,M,29,available,False,BFI IMAX M 29
2026-09-30T13:00:01Z,M,28,available,False,BFI IMAX M 28
2026-09-30T13:00:01Z,M,27,sold,False,BFI IMAX M 27
2026-09-30T13:00:01Z,M,8,available,False,BFI IMAX M 8
2026-09-30T13:00:01Z,M,7,available,False,BFI IMAX M 7
2026-09-30T13:00:01Z,M,6,available,False,BFI IMAX M 6
2026-09-30T13:00:01Z,M,5,available,False,BFI IMAX M 5
2026-09-30T13:00:01Z,M,4,available,False,BFI IMAX M 4
2026-09-30T13:00:01Z,M,3,available,False,BFI IMAX M 3
2026-09-30T13:00:01Z,M,2,available,False,BFI IMAX M 2
2026-09-30T13:00:01Z,M,1,available,False,BFI IMAX M 1
2026-09-30T13:00:01Z,N,34,unavailable,False,BFI IMAX N 34
2026-09-30T13:00:01Z,N,33,unavailable,False,BFI IMAX N 33
2026-09-30T13:00:01Z,N,32,unavailable,False,BFI IMAX N 32
2026-09-30T13:00:01Z,N,31,unavailable,False,BFI IMAX N 31
2026-09-30T13:00:01Z,N,30,unavailable,False,BFI IMAX N 30
2026-09-30T13:00:01Z,N,29,unavailable,False,BFI IMAX N 29
2026-09-30T13:00:01Z,N,28,unavailable,False,BFI IMAX N 28
2026-09-30T13:00:01Z,N,27,unavailable,False,BFI IMAX N 27
2026-09-30T13:00:01Z,N,8,available,False,BFI IMAX N 8
2026-09-30T13:00:01Z,N,7,available,False,BFI IMAX N 7
2026-09-30T13:00:01Z,N,6,available,False,BFI IMAX N 6
2026-09-30T13:00:01Z,N,5,available,False,BFI IMAX N 5
2026-09-30T13:00:01Z,N,4,available,False,BFI IMAX N 4
2026-09-30T13:00:01Z,N,3,available,False,BFI IMAX N 3
2026-09-30T13:00:01Z,N,2,available,False,BFI IMAX N 2
2026-09-30T13:00:01Z,N,1,available,False,BFI IMAX N 1
2026-09-30T13:00:01Z,A,11,available,False,BFI IMAX A 11
2026-09-30T13:00:01Z,A,10,available,False,BFI IMAX A 10
2026-09-30T13:00:01Z,A,9,available,False,BFI IMAX A 9
2026-09-30T13:00:01Z,A,8,available,False,BFI IMAX A 8
2026-09-30T13:00:01Z,M,15,available,False,BFI IMAX M 15
2026-09-30T13:00:01Z,M,14,available,False,BFI IMAX M 14
2026-09-30T13:00:01Z,M,13,available,False,BFI IMAX M 13
2026-09-30T13:00:01Z,M,12,available,False,BFI IMAX M 12
2026-09-30T13:00:01Z,M,11,available,False,BFI IMAX M 11
2026-09-30T13:00:01Z,M,10,available,False,BFI IMAX M 10
2026-09-30T13:00:01Z,M,9,available,False,BFI IMAX M 9
2026-09-30T13:00:01Z,L,9,available,False,BFI IMAX L 9
2026-09-30T13:00:01Z,L,25,available,False,BFI IMAX L 25
2026-09-30T13:00:01Z,L,24,available,False,BFI IMAX L 24
2026-09-30T13:00:01Z,L,23,available,False,BFI IMAX L 23
2026-09-30T13:00:01Z,L,22,available,False,BFI IMAX L 22
2026-09-30T13:00:01Z,L,21,available,False,BFI IMAX L 21
2026-09-30T13:00:01Z,L,20,available,False,BFI IMAX L 20
2026-09-30T13:00:01Z,L,19,available,False,BFI IMAX L 19
2026-09-30T13:00:01Z,L,18,sold,False,BFI IMAX L 18
2026-09-30T13:00:01Z,L,17,sold,False,BFI IMAX L 17
2026-09-30T13:00:01Z,L,16,available,False,BFI IMAX L 16
2026-09-30T13:00:01Z,L,15,available,False,BFI IMAX L 15
2026-09-30T13:00:01Z,L,14,available,False,BFI IMAX L 14
2026-09-30T13:00:01Z,L,13,available,False,BFI IMAX L 13
2026-09-30T13:00:01Z,L,12,available,False,BFI IMAX L 12
2026-09-30T13:00:01Z,L,11,available,False,BFI IMAX L 11
2026-09-30T13:00:01Z,N,26,unavailable,False,BFI IMAX N 26
2026-09-30T13:00:01Z,N,25,unavailable,False,BFI IMAX N 25
2026-09-30T13:00:01Z,N,24,unavailable,False,BFI IMAX N 24
2026-09-30T13:00:01Z,N,23,unavailable,False,BFI IMAX N 23
2026-09-30T13:00:01Z,N,22,available,False,BFI IMAX N 22
2026-09-30T13:00:01Z,N,21,available,False,BFI IMAX N 21
2026-09-30T13:00:01Z,N,20,available,False,BFI IMAX N 20
2026-09-30T13:00:01Z,N,19,available,False,BFI IMAX N 19
2026-09-30T13:00:01Z,N,18,available,False,BFI IMAX N 18
2026-09-30T13:00:01Z,N,17,available,False,BFI IMAX N 17
2026-09-30T13:00:01Z,N,16,available,False,BFI IMAX N 16
2026-09-30T13:00:01Z,N,15,available,False,BFI IMAX N 15
2026-09-30T13:00:01Z,N,14,available,False,BFI IMAX N 14
2026-09-30T13:00:01Z,N,13,available,False,BFI IMAX N 13
2026-09-30T13:00:01Z,N,12,unavailable,False,BFI IMAX N 12
2026-09-30T13:00:01Z,N,11,unavailable,False,BFI IMAX N 11
2026-09-30T13:00:01Z,N,10,unavailable,False,BFI IMAX N 10
2026-09-30T13:00:01Z,N,9,unavailable,False,BFI IMAX N 9
2026-09-30T13:00:01Z,L,10,available,False,BFI IMAX L 10
2026-09-30T13:00:01Z,M,26,available,False,BFI IMAX M 26
2026-09-30T13:00:01Z,M,25,available,False,BFI IMAX M 25
2026-09-30T13:00:01Z,M,24,available,False,BFI IMAX M 24
2026-09-30T13:00:01Z,M,23,available,False,BFI IMAX M 23
2026-09-30T13:00:01Z,M,22,available,False,BFI IMAX M 22
2026-09-30T13:00:01Z,M,21,available,False,BFI IMAX M 21
2026-09-30T13:00:01Z,M,20,available,False,BFI IMAX M 20
2026-09-30T13:00:01Z,M,19,sold,False,BFI IMAX M 19
2026-09-30T13:00:01Z,M,18,sold,False,BFI IMAX M 18
2026-09-30T13:00:01Z,M,17,sold,False,BFI IMAX M 17
2026-09-30T13:00:01Z,M,16,available,False,BFI IMAX M 16
2026-09-30T13:00:01Z,P,27,available,True,BFI IMAX P 27
2026-09-30T13:00:01Z,P,26,unavailable,False,BFI IMAX P 26
2026-09-30T13:00:01Z,P,6,unavailable,False,BFI IMAX P 6
2026-09-30T13:00:01Z,P,5,available,True,BFI IMAX P 5
2026-09-30T13:00:01Z,P,31,unavailable,False,BFI IMAX P 31
2026-09-30T13:00:01Z,P,30,available,True,BFI IMAX P 30
2026-09-30T13:00:01Z,P,2,available,True,BFI IMAX P 2
2026-09-30T13:00:01Z,P,1,unavailable,False,BFI IMAX P 1
2026-09-30T13:00:01Z,P,21,available,False,BFI IMAX P 21
2026-09-30T13:00:01Z,P,20,available,False,BFI IMAX P 20
2026-09-30T13:00:01Z,P,19,available,False,BFI IMAX P 19
2026-09-30T13:00:01Z,P,18,available,False,BFI IMAX P 18
2026-09-30T13:00:01Z,P,17,available,False,BFI IMAX P 17
2026-09-30T13:00:01Z,P,16,available,False,BFI IMAX P 16
2026-09-30T13:00:01Z,P,15,available,False,BFI IMAX P 15
2026-09-30T13:00:01Z,P,14,available,False,BFI IMAX P 14
2026-09-30T13:00:01Z,P,13,available,False,BFI IMAX P 13
2026-09-30T13:00:01Z,P,12,available,False,BFI IMAX P 12
2026-09-30T13:00:01Z,P,11,available,False,BFI IMAX P 11
2026-09-30T13:00:01Z,P,9,available,False,BFI IMAX P 9
2026-09-30T13:00:01Z,P,8,available,False,BFI IMAX P 8
2026-09-30T13:00:01Z,P,7,available,False,BFI IMAX P 7
2026-09-30T13:00:01Z,P,10,available,False,BFI IMAX P 10
2026-09-30T13:00:01Z,P,25,available,False,BFI IMAX P 25
2026-09-30T13:00:01Z,P,24,available,False,BFI IMAX P 24
2026-09-30T13:00:01Z,P,23,available,False,BFI IMAX P 23
2026-09-30T13:00:01Z,P,22,available,False,BFI IMAX P 22
2026-09-30T13:00:01Z,Q,18,sold,False,BFI IMAX Q 18
2026-09-30T13:00:01Z,Q,17,available,False,BFI IMAX Q 17
2026-09-30T13:00:01Z,Q,16,available,False,BFI IMAX Q 16
2026-09-30T13:00:01Z,Q,15,available,False,BFI IMAX Q 15
2026-09-30T13:00:01Z,Q,14,available,False,BFI IMAX Q 14
2026-09-30T13:00:01Z,Q,13,available,False,BFI IMAX Q 13
2026-09-30T13:00:01Z,Q,12,available,False,BFI IMAX Q 12
2026-09-30T13:00:01Z,Q,11,available,False,BFI IMAX Q 11
2026-09-30T13:00:01Z,Q,10,available,False,BFI IMAX Q 10
2026-09-30T13:00:01Z,Q,9,sold,False,BFI IMAX Q 9
2026-09-30T13:00:01Z,Q,8,sold,False,BFI IMAX Q 8
2026-09-30T13:00:01Z,Q,7,sold,False,BFI IMAX Q 7
2026-09-30T13:00:01Z,Q,6,available,False,BFI IMAX Q 6
2026-09-30T13:00:01Z,Q,5,available,False,BFI IMAX Q 5
2026-09-30T13:00:01Z,Q,4,available,False,BFI IMAX Q 4
2026-09-30T13:00:01Z,Q,3,available,False,BFI IMAX Q 3
2026-09-30T13:00:01Z,Q,2,available,False,BFI IMAX Q 2
2026-09-30T13:00:01Z,Q,1,available,False,BFI IMAX Q 1
2026-09-30T18:21:12Z,K,27,unavailable,False,BFI IMAX K 27
2026-09-30T18:21:12Z,K,26,unavailable,False,BFI IMAX K 26
2026-09-30T18:21:12Z,P,29,available,True,BFI IMAX P 29
2026-09-30T18:21:12Z,P,28,available,True,BFI IMAX P 28
2026-09-30T18:21:12Z,P,4,available,True,BFI IMAX P 4
2026-09-30T18:21:12Z,P,3,available,True,BFI IMAX P 3
2026-09-30T18:21:12Z,A,7,available,False,BFI IMAX A 7
2026-09-30T18:21:12Z,A,6,available,False,BFI IMAX A 6
2026-09-30T18:21:12Z,A,5,available,False,BFI IMAX A 5
2026-09-30T18:21:12Z,A,4,available,False,BFI IMAX A 4
2026-09-30T18:21:12Z,A,3,available,False,BFI IMAX A 3
2026-09-30T18:21:12Z,A,2,available,False,BFI IMAX A 2
2026-09-30T18:21:12Z,A,1,available,False,BFI IMAX A 1
2026-09-30T18:21:12Z,B,36,available,False,BFI IMAX B 36
2026-09-30T18:21:12Z,B,35,available,False,BFI IMAX B 35
2026-09-30T18:21:12Z,B,34,available,False,BFI IMAX B 34
2026-09-30T18:21:12Z,B,33,available,False,BFI IMAX B 33
2026-09-30T18:21:12Z,B,32,available,False,BFI IMAX B 32
2026-09-30T18:21:12Z,B,31,available,False,BFI IMAX B 31
2026-09-30T18:21:12Z,B,30,available,False,BFI IMAX B 30
2026-09-30T18:21:12Z,B,29,available,False,BFI IMAX B 29
2026-09-30T18:21:12Z,B,28,available,False,BFI IMAX B 28
2026-09-30T18:21:12Z,B,27,available,False,BFI IMAX B 27
2026-09-30T18:21:12Z,B,26,available,False,BFI IMAX B 26
2026-09-30T18:21:12Z,B,25,available,False,BFI IMAX B 25
2026-09-30T18:21:12Z,B,24,available,False,BFI IMAX B 24
2026-09-30T18:21:12Z,B,23,available,False,BFI IMAX B 23
2026-09-30T18:21:12Z,B,22,available,False,BFI IMAX B 22
2026-09-30T18:21:12Z,B,21,available,False,BFI IMAX B 21
2026-09-30T18:21:12Z,B,20,available,False,BFI IMAX B 20
2026-09-30T18:21:12Z,B,19,available,False,BFI IMAX B 19
2026-09-30T18:21:12Z,B,18,available,False,BFI IMAX B 18
2026-09-30T18:21:12Z,B,17,available,False,BFI IMAX B 17
2026-09-30T18:21:12Z,B,16,available,False,BFI IMAX B 16
2026-09-30T18:21:12Z,B,15,available,False,BFI IMAX B 15
2026-09-30T18:21:12Z,B,14,available,False,BFI IMAX B 14
2026-09-30T18:21:12Z,B,13,available,False,BFI IMAX B 13
2026-09-30T18:21:12Z,B,12,available,False,BFI IMAX B 12
2026-09-30T18:21:12Z,B,11,available,False,BFI IMAX B 11
2026-09-30T18:21:12Z,B,10,available,False,BFI IMAX B 10
2026-09-30T18:21:12Z,B,9,available,False,BFI IMAX B 9
2026-09-30T18:21:12Z,B,8,available,False,BFI IMAX B 8
2026-09-30T18:21:12Z,B,7,available,False,BFI IMAX B 7
2026-09-30T18:21:12Z,B,6,available,False,BFI IMAX B 6
2026-09-30T18:21:12Z,B,5,available,False,BFI IMAX B 5
2026-09-30T18:21:12Z,B,4,available,False,BFI IMAX B 4
2026-09-30T18:21:12Z,B,3,available,False,BFI IMAX B 3
2026-09-30T18:21:12Z,B,2,available,False,BFI IMAX B 2
2026-09-30T18:21:12Z,B,1,available,False,BFI IMAX B 1
2026-09-30T18:21:12Z,C,36,available,False,BFI IMAX C 36
2026-09-30T18:21:12Z,C,35,available,False,BFI IMAX C 35
2026-09-30T18:21:12Z,C,34,available,False,BFI IMAX C 34
2026-09-30T18:21:12Z,C,33,available,False,BFI IMAX C 33
2026-09-30T18:21:12Z,C,32,available,False,BFI IMAX C 32
2026-09-30T18:21:12Z,C,31,available,False,BFI IMAX C 31
2026-09-30T18:21:12Z,C,30,available,False,BFI IMAX C 30
2026-09-30T18:21:12Z,C,29,available,False,BFI IMAX C 29
2026-09-30T18:21:12Z,C,28,available,False,BFI IMAX C 28
2026-09-30T18:21:12Z,C,27,available,False,BFI IMAX C 27
2026-09-30T18:21:12Z,C,26,available,False,BFI IMAX C 26
2026-09-30T18:21:12Z,C,25,sold,False,BFI IMAX C 25
2026-09-30T18:21:12Z,C,24,available,False,BFI IMAX C 24
2026-09-30T18:21:12Z,C,23,available,False,BFI IMAX C 23
2026-09-30T18:21:12Z,C,22,available,False,BFI IMAX C 22
2026-09-30T18:21:12Z,C,21,available,False,BFI IMAX C 21
2026-09-30T18:21:12Z,C,20,available,False,BFI IMAX C 20
2026-09-30T18:21:12Z,C,19,available,False,BFI IMAX C 19
2026-09-30T18:21:12Z,C,18,available,False,BFI IMAX C 18
2026-09-30T18:21:12Z,C,17,available,False,BFI IMAX C 17
2026-09-30T18:21:12Z,C,16,available,False,BFI IMAX C 16
2026-09-30T18:21:12Z,C,15,available,False,BFI IMAX C 15
2026-09-30T18:21:12Z,C,14,available,False,BFI IMAX C 14
2026-09-30T18:21:12Z,C,13,available,False,BFI IMAX C 13
2026-09-30T18:21:12Z,C,12,available,False,BFI IMAX C 12
2026-09-30T18:21:12Z,C,11,available,False,BFI IMAX C 11
2026-09-30T18:21:12Z,C,10,available,False,BFI IMAX C 10
2026-09-30T18:21:12Z,C,9,available,False,BFI IMAX C 9
2026-09-30T18:21:12Z,C,8,available,False,BFI IMAX C 8
2026-09-30T18:21:12Z,C,7,available,False,BFI IMAX C 7
2026-09-30T18:21:12Z,C,6,available,False,BFI IMAX C 6
2026-09-30T18:21:12Z,C,5,available,False,BFI IMAX C 5
2026-09-30T18:21:12Z,C,4,available,False,BFI IMAX C 4
2026-09-30T18:21:12Z,C,3,available,False,BFI IMAX C 3
2026-09-30T18:21:12Z,C,2,available,False,BFI IMAX C 2
2026-09-30T18:21:12Z,C,1,available,False,BFI IMAX C 1
2026-09-30T18:21:12Z,D,37,available,False,BFI IMAX D 37
2026-09-30T18:21:12Z,D,36,available,False,BFI IMAX D 36
2026-09-30T18:21:12Z,D,35,available,False,BFI IMAX D 35
2026-09-30T18:21:12Z,D,34,available,False,BFI IMAX D 34
2026-09-30T18:21:12Z,D,33,available,False,BFI IMAX D 33
2026-09-30T18:21:12Z,D,32,available,False,BFI IMAX D 32
2026-09-30T18:21:12Z,D,31,available,False,BFI IMAX D 31
2026-09-30T18:21:12Z,D,30,available,False,BFI IMAX D 30
2026-09-30T18:21:12Z,D,29,available,False,BFI IMAX D 29
2026-09-30T18:21:12Z,D,28,available,False,BFI IMAX D 28
2026-09-30T18:21:12Z,D,27,available,False,BFI IMAX D 27
2026-09-30T18:21:12Z,D,26,available,False,BFI IMAX D 26
2026-09-30T18:21:12Z,D,25,available,False,BFI IMAX D 25
2026-09-30T18:21:12Z,D,24,available,False,BFI IMAX D 24
2026-09-30T18:21:12Z,D,23,available,False,BFI IMAX D 23
2026-09-30T18:21:12Z,D,22,available,False,BFI IMAX D 22
2026-09-30T18:21:12Z,D,21,available,False,BFI IMAX D 21
2026-09-30T18:21:12Z,D,20,available,False,BFI IMAX D 20
2026-09-30T18:21:12Z,D,19,available,False,BFI IMAX D 19
2026-09-30T18:21:12Z,D,18,available,False,BFI IMAX D 18
2026-09-30T18:21:12Z,D,17,available,False,BFI IMAX D 17
2026-09-30T18:21:12Z,D,16,available,False,BFI IMAX D 16
2026-09-30T18:21:12Z,D,15,available,False,BFI IMAX D 15
2026-09-30T18:21:12Z,D,14,available,False,BFI IMAX D 14
2026-09-30T18:21:12Z,D,13,available,False,BFI IMAX D 13
2026-09-30T18:21:12Z,D,12,available,False,BFI IMAX D 12
2026-09-30T18:21:12Z,D,11,available,False,BFI IMAX D 11
2026-09-30T18:21:12Z,D,10,available,False,BFI IMAX D 10
2026-09-30T18:21:12Z,D,9,available,False,BFI IMAX D 9
2026-09-30T18:21:12Z,D,8,available,False,BFI IMAX D 8
2026-09-30T18:21:12Z,D,7,available,False,BFI IMAX D 7
2026-09-30T18:21:12Z,D,6,available,False,BFI IMAX D 6
2026-09-30T18:21:12Z,D,5,available,False,BFI IMAX D 5
2026-09-30T18:21:12Z,D,4,available,False,BFI IMAX D 4
2026-09-30T18:21:12Z,D,3,available,False,BFI IMAX D 3
2026-09-30T18:21:12Z,D,2,available,False,BFI IMAX D 2
2026-09-30T18:21:12Z,D,1,available,False,BFI IMAX D 1
2026-09-30T18:21:12Z,E,37,available,False,BFI IMAX E 37
2026-09-30T18:21:12Z,E,36,available,False,BFI IMAX E 36
2026-09-30T18:21:12Z,E,35,available,False,BFI IMAX E 35
2026-09-30T18:21:12Z,E,34,available,False,BFI IMAX E 34
2026-09-30T18:21:12Z,E,33,available,False,BFI IMAX E 33
2026-09-30T18:21:12Z,E,32,available,False,BFI IMAX E 32
2026-09-30T18:21:12Z,E,31,available,False,BFI IMAX E 31
2026-09-30T18:21:12Z,E,30,available,False,BFI IMAX E 30
2026-09-30T18:21:12Z,E,29,available,False,BFI IMAX E 29
2026-09-30T18:21:12Z,E,28,available,False,BFI IMAX E 28
2026-09-30T18:21:12Z,E,27,available,False,BFI IMAX E 27
2026-09-30T18:21:12Z,E,26,available,False,BFI IMAX E 26
2026-09-30T18:21:12Z,E,25,available,False,BFI IMAX E 25
2026-09-30T18:21:12Z,E,24,available,False,BFI IMAX E 24
2026-09-30T18:21:12Z,E,23,available,False,BFI IMAX E 23
2026-09-30T18:21:12Z,E,22,available,False,BFI IMAX E 22
2026-09-30T18:21:12Z,E,21,available,False,BFI IMAX E 21
2026-09-30T18:21:12Z,E,20,available,False,BFI IMAX E 20
2026-09-30T18:21:12Z,E,19,available,False,BFI IMAX E 19
2026-09-30T18:21:12Z,E,18,available,False,BFI IMAX E 18
2026-09-30T18:21:12Z,E,17,available,False,BFI IMAX E 17
2026-09-30T18:21:12Z,E,16,available,False,BFI IMAX E 16
2026-09-30T18:21:12Z,E,15,available,False,BFI IMAX E 15
2026-09-30T18:21:12Z,E,14,available,False,BFI IMAX E 14
2026-09-30T18:21:12Z,E,13,available,False,BFI IMAX E 13
2026-09-30T18:21:12Z,E,12,available,False,BFI IMAX E 12
2026-09-30T18:21:12Z,E,11,available,False,BFI IMAX E 11
2026-09-30T18:21:12Z,E,10,available,False,BFI IMAX E 10
2026-09-30T18:21:12Z,E,9,available,False,BFI IMAX E 9
2026-09-30T18:21:12Z,E,8,available,False,BFI IMAX E 8
2026-09-30T18:21:12Z,E,7,available,False,BFI IMAX E 7
2026-09-30T18:21:12Z,E,6,available,False,BFI IMAX E 6
2026-09-30T18:21:12Z,E,5,available,False,BFI IMAX E 5
2026-09-30T18:21:12Z,E,4,available,False,BFI IMAX E 4
2026-09-30T18:21:12Z,E,3,available,False,BFI IMAX E 3
2026-09-30T18:21:12Z,E,2,available,False,BFI IMAX E 2
2026-09-30T18:21:12Z,E,1,available,False,BFI IMAX E 1
2026-09-30T18:21:12Z,F,38,available,False,BFI IMAX F 38
2026-09-30T18:21:12Z,F,37,available,False,BFI IMAX F 37
2026-09-30T18:21:12Z,F,36,available,False,BFI IMAX F 36
2026-09-30T18:21:12Z,F,35,available,False,BFI IMAX F 35
2026-09-30T18:21:12Z,F,34,available,False,BFI IMAX F 34
2026-09-30T18:21:12Z,F,33,available,False,BFI IMAX F 33
2026-09-30T18:21:12Z,F,32,available,False,BFI IMAX F 32
2026-09-30T18:21:12Z,F,31,available,False,BFI IMAX F 31
2026-09-30T18:21:12Z,F,30,available,False,BFI IMAX F 30
2026-09-30T18:21:12Z,F,29,available,False,BFI IMAX F 29
2026-09-30T18:21:12Z,F,28,available,False,BFI IMAX F 28
2026-09-30T18:21:12Z,F,27,available,False,BFI IMAX F 27
2026-09-30T18:21:12Z,F,26,available,False,BFI IMAX F 26
2026-09-30T18:21:12Z,F,25,available,False,BFI IMAX F 25
2026-09-30T18:21:12Z,F,24,available,False,BFI IMAX F 24
2026-09-30T18:21:12Z,F,23,available,False,BFI IMAX F 23
2026-09-30T18:21:12Z,F,22,available,False,BFI IMAX F 22
2026-09-30T18:21:12Z,F,21,available,False,BFI IMAX F 21
2026-09-30T18:21:12Z,F,20,available,False,BFI IMAX F 20
2026-09-30T18:21:12Z,F,19,available,False,BFI IMAX F 19
2026-09-30T18:21:12Z,F,18,available,False,BFI IMAX F 18
2026-09-30T18:21:12Z,F,17,available,False,BFI IMAX F 17
2026-09-30T18:21:12Z,F,16,available,False,BFI IMAX F 16
2026-09-30T18:21:12Z,F,15,available,False,BFI IMAX F 15
2026-09-30T18:21:12Z,F,14,available,False,BFI IMAX F 14
2026-09-30T18:21:12Z,F,13,available,False,BFI IMAX F 13
2026-09-30T18:21:12Z,F,12,available,False,BFI IMAX F 12
2026-09-30T18:21:12Z,F,11,available,False,BFI IMAX F 11
2026-09-30T18:21:12Z,F,10,available,False,BFI IMAX F 10
2026-09-30T18:21:12Z,F,9,available,False,BFI IMAX F 9
2026-09-30T18:21:12Z,F,8,available,False,BFI IMAX F 8
2026-09-30T18:21:12Z,F,7,available,False,BFI IMAX F 7
2026-09-30T18:21:12Z,F,6,available,False,BFI IMAX F 6
2026-09-30T18:21:12Z,F,5,available,False,BFI IMAX F 5
2026-09-30T18:21:12Z,F,4,available,False,BFI IMAX F 4
2026-09-30T18:21:12Z,F,3,available,False,BFI IMAX F 3
2026-09-30T18:21:12Z,F,2,available,False,BFI IMAX F 2
2026-09-30T18:21:12Z,F,1,available,False,BFI IMAX F 1
2026-09-30T18:21:12Z,G,37,available,False,BFI IMAX G 37
2026-09-30T18:21:12Z,G,36,available,False,BFI IMAX G 36
2026-09-30T18:21:12Z,G,35,available,False,BFI IMAX G 35
2026-09-30T18:21:12Z,G,34,available,False,BFI IMAX G 34
2026-09-30T18:21:12Z,G,33,available,False,BFI IMAX G 33
2026-09-30T18:21:12Z,G,32,available,False,BFI IMAX G 32
2026-09-30T18:21:12Z,G,31,available,False,BFI IMAX G 31
2026-09-30T18:21:12Z,G,30,available,False,BFI IMAX G 30
2026-09-30T18:21:12Z,G,29,available,False,BFI IMAX G 29
2026-09-30T18:21:12Z,G,28,available,False,BFI IMAX G 28
2026-09-30T18:21:12Z,G,27,available,False,BFI IMAX G 27
2026-09-30T18:21:12Z,G,26,available,False,BFI IMAX G 26
2026-09-30T18:21:12Z,G,25,available,False,BFI IMAX G 25
2026-09-30T18:21:12Z,G,24,available,False,BFI IMAX G 24
2026-09-30T18:21:12Z,G,23,available,False,BFI IMAX G 23
2026-09-30T18:21:12Z,G,22,available,False,BFI IMAX G 22
2026-09-30T18:21:12Z,G,21,available,False,BFI IMAX G 21
2026-09-30T18:21:12Z,G,20,available,False,BFI IMAX G 20
2026-09-30T18:21:12Z,G,19,available,False,BFI IMAX G 19
2026-09-30T18:21:12Z,G,18,available,False,BFI IMAX G 18
2026-09-30T18:21:12Z,G,17,available,False,BFI IMAX G 17
2026-09-30T18:21:12Z,G,16,available,False,BFI IMAX G 16
2026-09-30T18:21:12Z,G,15,available,False,BFI IMAX G 15
2026-09-30T18:21:12Z,G,14,available,False,BFI IMAX G 14
2026-09-30T18:21:12Z,G,13,available,False,BFI IMAX G 13
2026-09-30T18:21:12Z,G,12,available,False,BFI IMAX G 12
2026-09-30T18:21:12Z,G,11,available,False,BFI IMAX G 11
2026-09-30T18:21:12Z,G,10,available,False,BFI IMAX G 10
2026-09-30T18:21:12Z,G,9,available,False,BFI IMAX G 9
2026-09-30T18:21:12Z,G,8,available,False,BFI IMAX G 8
2026-09-30T18:21:12Z,G,7,available,False,BFI IMAX G 7
2026-09-30T18:21:12Z,G,6,available,False,BFI IMAX G 6
2026-09-30T18:21:12Z,G,5,available,False,BFI IMAX G 5
2026-09-30T18:21:12Z,G,4,available,False,BFI IMAX G 4
2026-09-30T18:21:12Z,G,3,available,False,BFI IMAX G 3
2026-09-30T18:21:12Z,G,2,available,False,BFI IMAX G 2
2026-09-30T18:21:12Z,G,1,available,False,BFI IMAX G 1
2026-09-30T18:21:12Z,H,37,available,False,BFI IMAX H 37
2026-09-30T18:21:12Z,H,36,available,False,BFI IMAX H 36
2026-09-30T18:21:12Z,H,35,available,False,BFI IMAX H 35
2026-09-30T18:21:12Z,H,34,available,False,BFI IMAX H 34
2026-09-30T18:21:12Z,H,33,available,False,BFI IMAX H 33
2026-09-30T18:21:12Z,H,32,available,False,BFI IMAX H 32
2026-09-30T18:21:12Z,H,31,available,False,BFI IMAX H 31
2026-09-30T18:21:12Z,H,30,available,False,BFI IMAX H 30
2026-09-30T18:21:12Z,H,29,available,False,BFI IMAX H 29
2026-09-30T18:21:12Z,H,28,available,False,BFI IMAX H 28
2026-09-30T18:21:12Z,H,27,available,False,BFI IMAX H 27
2026-09-30T18:21:12Z,H,26,available,False,BFI IMAX H 26
2026-09-30T18:21:12Z,H,25,available,False,BFI IMAX H 25
2026-09-30T18:21:12Z,H,24,available,False,BFI IMAX H 24
2026-09-30T18:21:12Z,H,23,available,False,BFI IMAX H 23
2026-09-30T18:21:12Z,H,22,available,False,BFI IMAX H 22
2026-09-30T18:21:12Z,H,21,available,False,BFI IMAX H 21
2026-09-30T18:21:12Z,H,20,available,False,BFI IMAX H 20
2026-09-30T18:21:12Z,H,19,available,False,BFI IMAX H 19
2026-09-30T18:21:12Z,H,18,available,False,BFI IMAX H 18
2026-09-30T18:21:12Z,H,17,available,False,BFI IMAX H 17
2026-09-30T18:21:12Z,H,16,available,False,BFI IMAX H 16
2026-09-30T18:21:12Z,H,15,available,False,BFI IMAX H 15
2026-09-30T18:21:12Z,H,14,available,False,BFI IMAX H 14
2026-09-30T18:21:12Z,H,13,available,False,BFI IMAX H 13
2026-09-30T18:21:12Z,H,12,available,False,BFI IMAX H 12
2026-09-30T18:21:12Z,H,11,available,False,BFI IMAX H 11
2026-09-30T18:21:12Z,H,10,available,False,BFI IMAX H 10
2026-09-30T18:21:12Z,H,9,available,False,BFI IMAX H 9
2026-09-30T18:21:12Z,H,8,available,False,BFI IMAX H 8
2026-09-30T18:21:12Z,H,7,available,False,BFI IMAX H 7
2026-09-30T18:21:12Z,H,6,available,False,BFI IMAX H 6
2026-09-30T18:21:12Z,H,5,available,False,BFI IMAX H 5
2026-09-30T18:21:12Z,H,4,available,False,BFI IMAX H 4
2026-09-30T18:21:12Z,H,3,available,False,BFI IMAX H 3
2026-09-30T18:21:12Z,H,2,available,False,BFI IMAX H 2
2026-09-30T18:21:12Z,H,1,available,False,BFI IMAX H 1
2026-09-30T18:21:12Z,J,36,available,False,BFI IMAX J 36
2026-09-30T18:21:12Z,J,35,available,False,BFI IMAX J 35
2026-09-30T18:21:12Z,J,34,available,False,BFI IMAX J 34
2026-09-30T18:21:12Z,J,33,available,False,BFI IMAX J 33
2026-09-30T18:21:12Z,J,32,available,False,BFI IMAX J 32
2026-09-30T18:21:12Z,J,31,available,False,BFI IMAX J 31
2026-09-30T18:21:12Z,J,30,available,False,BFI IMAX J 30
2026-09-30T18:21:12Z,J,29,available,False,BFI IMAX J 29
2026-09-30T18:21:12Z,J,28,available,False,BFI IMAX J 28
2026-09-30T18:21:12Z,J,27,available,False,BFI IMAX J 27
2026-09-30T18:21:12Z,J,26,available,False,BFI IMAX J 26
2026-09-30T18:21:12Z,J,25,available,False,BFI IMAX J 25
2026-09-30T18:21:12Z,J,24,available,False,BFI IMAX J 24
2026-09-30T18:21:12Z,J,23,available,False,BFI IMAX J 23
2026-09-30T18:21:12Z,J,22,available,False,BFI IMAX J 22
2026-09-30T18:21:12Z,J,21,available,False,BFI IMAX J 21
2026-09-30T18:21:12Z,J,20,available,False,BFI IMAX J 20
2026-09-30T18:21:12Z,J,19,available,False,BFI IMAX J 19
2026-09-30T18:21:12Z,J,18,available,False,BFI IMAX J 18
2026-09-30T18:21:12Z,J,17,available,False,BFI IMAX J 17
2026-09-30T18:21:12Z,J,16,available,False,BFI IMAX J 16
2026-09-30T18:21:12Z,J,15,available,False,BFI IMAX J 15
2026-09-30T18:21:12Z,J,14,available,False,BFI IMAX J 14
2026-09-30T18:21:12Z,J,13,available,False,BFI IMAX J 13
2026-09-30T18:21:12Z,J,12,available,False,BFI IMAX J 12
2026-09-30T18:21:12Z,J,11,available,False,BFI IMAX J 11
2026-09-30T18:21:12Z,J,10,available,False,BFI IMAX J 10
2026-09-30T18:21:12Z,J,9,available,False,BFI IMAX J 9
2026-09-30T18:21:12Z,J,8,available,False,BFI IMAX J 8
2026-09-30T18:21:12Z,J,7,available,False,BFI IMAX J 7
2026-09-30T18:21:12Z,J,6,available,False,BFI IMAX J 6
2026-09-30T18:21:12Z,J,5,available,False,BFI IMAX J 5
2026-09-30T18:21:12Z,J,4,available,False,BFI IMAX J 4
2026-09-30T18:21:12Z,J,3,available,False,BFI IMAX J 3
2026-09-30T18:21:12Z,J,2,available,False,BFI IMAX J 2
2026-09-30T18:21:12Z,J,1,available,False,BFI IMAX J 1
2026-09-30T18:21:12Z,K,36,available,False,BFI IMAX K 36
2026-09-30T18:21:12Z,K,35,available,False,BFI IMAX K 35
2026-09-30T18:21:12Z,K,34,available,False,BFI IMAX K 34
2026-09-30T18:21:12Z,K,33,available,False,BFI IMAX K 33
2026-09-30T18:21:12Z,K,32,available,False,BFI IMAX K 32
2026-09-30T18:21:12Z,K,31,available,False,BFI IMAX K 31
2026-09-30T18:21:12Z,K,30,available,False,BFI IMAX K 30
2026-09-30T18:21:12Z,K,29,available,False,BFI IMAX K 29
2026-09-30T18:21:12Z,K,28,available,False,BFI IMAX K 28
2026-09-30T18:21:12Z,A,13,available,False,BFI IMAX A 13
2026-09-30T18:21:12Z,A,12,available,False,BFI IMAX A 12
2026-09-30T18:21:12Z,K,25,available,False,BFI IMAX K 25
2026-09-30T18:21:12Z,K,24,available,False,BFI IMAX K 24
2026-09-30T18:21:12Z,K,23,available,False,BFI IMAX K 23
2026-09-30T18:21:12Z,K,22,available,False,BFI IMAX K 22
2026-09-30T18:21:12Z,K,21,available,False,BFI IMAX K 21
2026-09-30T18:21:12Z,K,20,available,False,BFI IMAX K 20
2026-09-30T18:21:12Z,K,19,sold,False,BFI IMAX K 19
2026-09-30T18:21:12Z,K,18,available,False,BFI IMAX K 18
2026-09-30T18:21:12Z,K,17,available,False,BFI IMAX K 17
2026-09-30T18:21:12Z,K,16,available,False,BFI IMAX K 16
2026-09-30T18:21:12Z,K,15,available,False,BFI IMAX K 15
2026-09-30T18:21:12Z,K,14,available,False,BFI IMAX K 14
2026-09-30T18:21:12Z,K,13,available,False,BFI IMAX K 13
2026-09-30T18:21:12Z,K,12,available,False,BFI IMAX K 12
2026-09-30T18:21:12Z,K,11,available,False,BFI IMAX K 11
2026-09-30T18:21:12Z,K,10,available,False,BFI IMAX K 10
2026-09-30T18:21:12Z,K,9,available,False,BFI IMAX K 9
2026-09-30T18:21:12Z,K,8,available,False,BFI IMAX K 8
2026-09-30T18:21:12Z,K,7,available,False,BFI IMAX K 7
2026-09-30T18:21:12Z,K,6,available,False,BFI IMAX K 6
2026-09-30T18:21:12Z,K,5,available,False,BFI IMAX K 5
2026-09-30T18:21:12Z,K,4,available,False,BFI IMAX K 4
2026-09-30T18:21:12Z,K,3,available,False,BFI IMAX K 3
2026-09-30T18:21:12Z,K,2,available,False,BFI IMAX K 2
2026-09-30T18:21:12Z,K,1,available,False,BFI IMAX K 1
2026-09-30T18:21:12Z,L,33,available,False,BFI IMAX L 33
2026-09-30T18:21:12Z,L,32,available,False,BFI IMAX L 32
2026-09-30T18:21:12Z,L,31,available,False,BFI IMAX L 31
2026-09-30T18:21:12Z,L,30,available,False,BFI IMAX L 30
2026-09-30T18:21:12Z,L,29,available,False,BFI IMAX L 29
2026-09-30T18:21:12Z,L,28,available,False,BFI IMAX L 28
2026-09-30T18:21:12Z,L,27,available,False,BFI IMAX L 27
2026-09-30T18:21:12Z,L,26,available,False,BFI IMAX L 26
2026-09-30T18:21:12Z,L,8,available,False,BFI IMAX L 8
2026-09-30T18:21:12Z,L,7,available,False,BFI IMAX L 7
2026-09-30T18:21:12Z,L,6,available,False,BFI IMAX L 6
2026-09-30T18:21:12Z,L,5,available,False,BFI IMAX L 5
2026-09-30T18:21:12Z,L,4,available,False,BFI IMAX L 4
2026-09-30T18:21:12Z,L,3,available,False,BFI IMAX L 3
2026-09-30T18:21:12Z,L,2,available,False,BFI IMAX L 2
2026-09-30T18:21:12Z,L,1,available,False,BFI IMAX L 1
2026-09-30T18:21:12Z,M,34,available,False,BFI IMAX M 34
2026-09-30T18:21:12Z,M,33,available,False,BFI IMAX M 33
2026-09-30T18:21:12Z,M,32,available,False,BFI IMAX M 32
2026-09-30T18:21:12Z,M,31,available,False,BFI IMAX M 31
2026-09-30T18:21:12Z,M,30,available,False,BFI IMAX M 30
2026-09-30T18:21:12Z,M,29,available,False,BFI IMAX M 29
2026-09-30T18:21:12Z,M,28,available,False,BFI IMAX M 28
2026-09-30T18:21:12Z,M,27,sold,False,BFI IMAX M 27
2026-09-30T18:21:12Z,M,8,available,False,BFI IMAX M 8
2026-09-30T18:21:12Z,M,7,available,False,BFI IMAX M 7
2026-09-30T18:21:12Z,M,6,available,False,BFI IMAX M 6
2026-09-30T18:21:12Z,M,5,available,False,BFI IMAX M 5
2026-09-30T18:21:12Z,M,4,available,False,BFI IMAX M 4
2026-09-30T18:21:12Z,M,3,available,False,BFI IMAX M 3
2026-09-30T18:21:12Z,M,2,available,False,BFI IMAX M 2
2026-09-30T18:21:12Z,M,1,available,False,BFI IMAX M 1
2026-09-30T18:21:12Z,N,34,unavailable,False,BFI IMAX N 34
2026-09-30T18:21:12Z,N,33,unavailable,False,BFI IMAX N 33
2026-09-30T18:21:12Z,N,32,unavailable,False,BFI IMAX N 32
2026-09-30T18:21:12Z,N,31,unavailable,False,BFI IMAX N 31
2026-09-30T18:21:12Z,N,30,unavailable,False,BFI IMAX N 30
2026-09-30T18:21:12Z,N,29,unavailable,False,BFI IMAX N 29
2026-09-30T18:21:12Z,N,28,unavailable,False,BFI IMAX N 28
2026-09-30T18:21:12Z,N,27,unavailable,False,BFI IMAX N 27
2026-09-30T18:21:12Z,N,8,available,False,BFI IMAX N 8
2026-09-30T18:21:12Z,N,7,available,False,BFI IMAX N 7
2026-09-30T18:21:12Z,N,6,available,False,BFI IMAX N 6
2026-09-30T18:21:12Z,N,5,available,False,BFI IMAX N 5
2026-09-30T18:21:12Z,N,4,available,False,BFI IMAX N 4
2026-09-30T18:21:12Z,N,3,available,False,BFI IMAX N 3
2026-09-30T18:21:12Z,N,2,available,False,BFI IMAX N 2
2026-09-30T18:21:12Z,N,1,available,False,BFI IMAX N 1
2026-09-30T18:21:12Z,A,11,available,False,BFI IMAX A 11
2026-09-30T18:21:12Z,A,10,available,False,BFI IMAX A 10
2026-09-30T18:21:12Z,A,9,available,False,BFI IMAX A 9
2026-09-30T18:21:12Z,A,8,available,False,BFI IMAX A 8
2026-09-30T18:21:12Z,M,15,available,False,BFI IMAX M 15
2026-09-30T18:21:12Z,M,14,available,False,BFI IMAX M 14
2026-09-30T18:21:12Z,M,13,available,False,BFI IMAX M 13
2026-09-30T18:21:12Z,M,12,available,False,BFI IMAX M 12
2026-09-30T18:21:12Z,M,11,available,False,BFI IMAX M 11
2026-09-30T18:21:12Z,M,10,available,False,BFI IMAX M 10
2026-09-30T18:21:12Z,M,9,available,False,BFI IMAX M 9
2026-09-30T18:21:12Z,L,9,available,False,BFI IMAX L 9
2026-09-30T18:21:12Z,L,25,available,False,BFI IMAX L 25
2026-09-30T18:21:12Z,L,24,available,False,BFI IMAX L 24
2026-09-30T18:21:12Z,L,23,available,False,BFI IMAX L 23
2026-09-30T18:21:12Z,L,22,available,False,BFI IMAX L 22
2026-09-30T18:21:12Z,L,21,available,False,BFI IMAX L 21
2026-09-30T18:21:12Z,L,20,available,False,BFI IMAX L 20
2026-09-30T18:21:12Z,L,19,available,False,BFI IMAX L 19
2026-09-30T18:21:12Z,L,18,sold,False,BFI IMAX L 18
2026-09-30T18:21:12Z,L,17,sold,False,BFI IMAX L 17
2026-09-30T18:21:12Z,L,16,available,False,BFI IMAX L 16
2026-09-30T18:21:12Z,L,15,available,False,BFI IMAX L 15
2026-09-30T18:21:12Z,L,14,available,False,BFI IMAX L 14
2026-09-30T18:21:12Z,L,13,available,False,BFI IMAX L 13
2026-09-30T18:21:12Z,L,12,available,False,BFI IMAX L 12
2026-09-30T18:21:12Z,L,11,available,False,BFI IMAX L 11
2026-09-30T18:21:12Z,N,26,unavailable,False,BFI IMAX N 26
2026-09-30T18:21:12Z,N,25,unavailable,False,BFI IMAX N 25
2026-09-30T18:21:12Z,N,24,unavailable,False,BFI IMAX N 24
2026-09-30T18:21:12Z,N,23,unavailable,False,BFI IMAX N 23
2026-09-30T18:21:12Z,N,22,available,False,BFI IMAX N 22
2026-09-30T18:21:12Z,N,21,available,False,BFI IMAX N 21
2026-09-30T18:21:12Z,N,20,available,False,BFI IMAX N 20
2026-09-30T18:21:12Z,N,19,available,False,BFI IMAX N 19
2026-09-30T18:21:12Z,N,18,available,False,BFI IMAX N 18
2026-09-30T18:21:12Z,N,17,available,False,BFI IMAX N 17
2026-09-30T18:21:12Z,N,16,available,False,BFI IMAX N 16
2026-09-30T18:21:12Z,N,15,available,False,BFI IMAX N 15
2026-09-30T18:21:12Z,N,14,available,False,BFI IMAX N 14
2026-09-30T18:21:12Z,N,13,available,False,BFI IMAX N 13
2026-09-30T18:21:12Z,N,12,unavailable,False,BFI IMAX N 12
2026-09-30T18:21:12Z,N,11,unavailable,False,BFI IMAX N 11
2026-09-30T18:21:12Z,N,10,unavailable,False,BFI IMAX N 10
2026-09-30T18:21:12Z,N,9,unavailable,False,BFI IMAX N 9
2026-09-30T18:21:12Z,L,10,available,False,BFI IMAX L 10
2026-09-30T18:21:12Z,M,26,available,False,BFI IMAX M 26
2026-09-30T18:21:12Z,M,25,available,False,BFI IMAX M 25
2026-09-30T18:21:12Z,M,24,available,False,BFI IMAX M 24
2026-09-30T18:21:12Z,M,23,available,False,BFI IMAX M 23
2026-09-30T18:21:12Z,M,22,available,False,BFI IMAX M 22
2026-09-30T18:21:12Z,M,21,available,False,BFI IMAX M 21
2026-09-30T18:21:12Z,M,20,available,False,BFI IMAX M 20
2026-09-30T18:21:12Z,M,19,sold,False,BFI IMAX M 19
2026-09-30T18:21:12Z,M,18,sold,False,BFI IMAX M 18
2026-09-30T18:21:12Z,M,17,sold,False,BFI IMAX M 17
2026-09-30T18:21:12Z,M,16,available,False,BFI IMAX M 16
2026-09-30T18:21:12Z,P,27,available,True,BFI IMAX P 27
2026-09-30T18:21:12Z,P,26,unavailable,False,BFI IMAX P 26
2026-09-30T18:21:12Z,P,6,unavailable,False,BFI IMAX P 6
2026-09-30T18:21:12Z,P,5,available,True,BFI IMAX P 5
2026-09-30T18:21:12Z,P,31,unavailable,False,BFI IMAX P 31
2026-09-30T18:21:12Z,P,30,available,True,BFI IMAX P 30
2026-09-30T18:21:12Z,P,2,available,True,BFI IMAX P 2
2026-09-30T18:21:12Z,P,1,unavailable,False,BFI IMAX P 1
2026-09-30T18:21:12Z,P,21,available,False,BFI IMAX P 21
2026-09-30T18:21:12Z,P,20,available,False,BFI IMAX P 20
2026-09-30T18:21:12Z,P,19,available,False,BFI IMAX P 19
2026-09-30T18:21:12Z,P,18,available,False,BFI IMAX P 18
2026-09-30T18:21:12Z,P,17,available,False,BFI IMAX P 17
2026-09-30T18:21:12Z,P,16,available,False,BFI IMAX P 16
2026-09-30T18:21:12Z,P,15,available,False,BFI IMAX P 15
2026-09-30T18:21:12Z,P,14,available,False,BFI IMAX P 14
2026-09-30T18:21:12Z,P,13,available,False,BFI IMAX P 13
2026-09-30T18:21:12Z,P,12,available,False,BFI IMAX P 12
2026-09-30T18:21:12Z,P,11,available,False,BFI IMAX P 11
2026-09-30T18:21:12Z,P,9,available,False,BFI IMAX P 9
2026-09-30T18:21:12Z,P,8,available,False,BFI IMAX P 8
2026-09-30T18:21:12Z,P,7,available,False,BFI IMAX P 7
2026-09-30T18:21:12Z,P,10,available,False,BFI IMAX P 10
2026-09-30T18:21:12Z,P,25,available,False,BFI IMAX P 25
2026-09-30T18:21:12Z,P,24,available,False,BFI IMAX P 24
2026-09-30T18:21:12Z,P,23,available,False,BFI IMAX P 23
2026-09-30T18:21:12Z,P,22,available,False,BFI IMAX P 22
2026-09-30T18:21:12Z,Q,18,sold,False,BFI IMAX Q 18
2026-09-30T18:21:12Z,Q,17,available,False,BFI IMAX Q 17
2026-09-30T18:21:12Z,Q,16,available,False,BFI IMAX Q 16
2026-09-30T18:21:12Z,Q,15,available,False,BFI IMAX Q 15
2026-09-30T18:21:12Z,Q,14,available,False,BFI IMAX Q 14
2026-09-30T18:21:12Z,Q,13,available,False,BFI IMAX Q 13
2026-09-30T18:21:12Z,Q,12,available,False,BFI IMAX Q 12
2026-09-30T18:21:12Z,Q,11,available,False,BFI IMAX Q 11
2026-09-30T18:21:12Z,Q,10,available,False,BFI IMAX Q 10
2026-09-30T18:21:12Z,Q,9,sold,False,BFI IMAX Q 9
2026-09-30T18:21:12Z,Q,8,sold,False,BFI IMAX Q 8
2026-09-30T18:21:12Z,Q,7,sold,False,BFI IMAX Q 7
2026-09-30T18:21:12Z,Q,6,available,False,BFI IMAX Q 6
2026-09-30T18:21:12Z,Q,5,available,False,BFI IMAX Q 5
2026-09-30T18:21:12Z,Q,4,available,False,BFI IMAX Q 4
2026-09-30T18:21:12Z,Q,3,available,False,BFI IMAX Q 3
2026-09-30T18:21:12Z,Q,2,available,False,BFI IMAX Q 2
2026-09-30T18:21:12Z,Q,1,available,False,BFI IMAX Q 1
2026-10-01T01:30:37Z,K,27,unavailable,False,BFI IMAX K 27
2026-10-01T01:30:37Z,K,26,unavailable,False,BFI IMAX K 26
2026-10-01T01:30:37Z,P,29,available,True,BFI IMAX P 29
2026-10-01T01:30:37Z,P,28,available,True,BFI IMAX P 28
2026-10-01T01:30:37Z,P,4,available,True,BFI IMAX P 4
2026-10-01T01:30:37Z,P,3,available,True,BFI IMAX P 3
2026-10-01T01:30:37Z,A,7,available,False,BFI IMAX A 7
2026-10-01T01:30:37Z,A,6,available,False,BFI IMAX A 6
2026-10-01T01:30:37Z,A,5,available,False,BFI IMAX A 5
2026-10-01T01:30:37Z,A,4,available,False,BFI IMAX A 4
2026-10-01T01:30:37Z,A,3,available,False,BFI IMAX A 3
2026-10-01T01:30:37Z,A,2,available,False,BFI IMAX A 2
2026-10-01T01:30:37Z,A,1,available,False,BFI IMAX A 1
2026-10-01T01:30:37Z,B,36,available,False,BFI IMAX B 36
2026-10-01T01:30:37Z,B,35,available,False,BFI IMAX B 35
2026-10-01T01:30:37Z,B,34,available,False,BFI IMAX B 34
2026-10-01T01:30:37Z,B,33,available,False,BFI IMAX B 33
2026-10-01T01:30:37Z,B,32,available,False,BFI IMAX B 32
2026-10-01T01:30:37Z,B,31,available,False,BFI IMAX B 31
2026-10-01T01:30:37Z,B,30,available,False,BFI IMAX B 30
2026-10-01T01:30:37Z,B,29,available,False,BFI IMAX B 29
2026-10-01T01:30:37Z,B,28,available,False,BFI IMAX B 28
2026-10-01T01:30:37Z,B,27,available,False,BFI IMAX B 27
2026-10-01T01:30:37Z,B,26,available,False,BFI IMAX B 26
2026-10-01T01:30:37Z,B,25,available,False,BFI IMAX B 25
2026-10-01T01:30:37Z,B,24,available,False,BFI IMAX B 24
2026-10-01T01:30:37Z,B,23,available,False,BFI IMAX B 23
2026-10-01T01:30:37Z,B,22,available,False,BFI IMAX B 22
2026-10-01T01:30:37Z,B,21,available,False,BFI IMAX B 21
2026-10-01T01:30:37Z,B,20,available,False,BFI IMAX B 20
2026-10-01T01:30:37Z,B,19,available,False,BFI IMAX B 19
2026-10-01T01:30:37Z,B,18,available,False,BFI IMAX B 18
2026-10-01T01:30:37Z,B,17,available,False,BFI IMAX B 17
2026-10-01T01:30:37Z,B,16,available,False,BFI IMAX B 16
2026-10-01T01:30:37Z,B,15,available,False,BFI IMAX B 15
2026-10-01T01:30:37Z,B,14,available,False,BFI IMAX B 14
2026-10-01T01:30:37Z,B,13,available,False,BFI IMAX B 13
2026-10-01T01:30:37Z,B,12,available,False,BFI IMAX B 12
2026-10-01T01:30:37Z,B,11,available,False,BFI IMAX B 11
2026-10-01T01:30:37Z,B,10,available,False,BFI IMAX B 10
2026-10-01T01:30:37Z,B,9,available,False,BFI IMAX B 9
2026-10-01T01:30:37Z,B,8,available,False,BFI IMAX B 8
2026-10-01T01:30:37Z,B,7,available,False,BFI IMAX B 7
2026-10-01T01:30:37Z,B,6,available,False,BFI IMAX B 6
2026-10-01T01:30:37Z,B,5,available,False,BFI IMAX B 5
2026-10-01T01:30:37Z,B,4,available,False,BFI IMAX B 4
2026-10-01T01:30:37Z,B,3,available,False,BFI IMAX B 3
2026-10-01T01:30:37Z,B,2,available,False,BFI IMAX B 2
2026-10-01T01:30:37Z,B,1,available,False,BFI IMAX B 1
2026-10-01T01:30:37Z,C,36,available,False,BFI IMAX C 36
2026-10-01T01:30:37Z,C,35,available,False,BFI IMAX C 35
2026-10-01T01:30:37Z,C,34,available,False,BFI IMAX C 34
2026-10-01T01:30:37Z,C,33,available,False,BFI IMAX C 33
2026-10-01T01:30:37Z,C,32,available,False,BFI IMAX C 32
2026-10-01T01:30:37Z,C,31,available,False,BFI IMAX C 31
2026-10-01T01:30:37Z,C,30,available,False,BFI IMAX C 30
2026-10-01T01:30:37Z,C,29,available,False,BFI IMAX C 29
2026-10-01T01:30:37Z,C,28,available,False,BFI IMAX C 28
2026-10-01T01:30:37Z,C,27,available,False,BFI IMAX C 27
2026-10-01T01:30:37Z,C,26,available,False,BFI IMAX C 26
2026-10-01T01:30:37Z,C,25,sold,False,BFI IMAX C 25
2026-10-01T01:30:37Z,C,24,available,False,BFI IMAX C 24
2026-10-01T01:30:37Z,C,23,available,False,BFI IMAX C 23
2026-10-01T01:30:37Z,C,22,available,False,BFI IMAX C 22
2026-10-01T01:30:37Z,C,21,available,False,BFI IMAX C 21
2026-10-01T01:30:37Z,C,20,available,False,BFI IMAX C 20
2026-10-01T01:30:37Z,C,19,available,False,BFI IMAX C 19
2026-10-01T01:30:37Z,C,18,available,False,BFI IMAX C 18
2026-10-01T01:30:37Z,C,17,available,False,BFI IMAX C 17
2026-10-01T01:30:37Z,C,16,available,False,BFI IMAX C 16
2026-10-01T01:30:37Z,C,15,available,False,BFI IMAX C 15
2026-10-01T01:30:37Z,C,14,available,False,BFI IMAX C 14
2026-10-01T01:30:37Z,C,13,available,False,BFI IMAX C 13
2026-10-01T01:30:37Z,C,12,available,False,BFI IMAX C 12
2026-10-01T01:30:37Z,C,11,available,False,BFI IMAX C 11
2026-10-01T01:30:37Z,C,10,available,False,BFI IMAX C 10
2026-10-01T01:30:37Z,C,9,available,False,BFI IMAX C 9
2026-10-01T01:30:37Z,C,8,available,False,BFI IMAX C 8
2026-10-01T01:30:37Z,C,7,available,False,BFI IMAX C 7
2026-10-01T01:30:37Z,C,6,available,False,BFI IMAX C 6
2026-10-01T01:30:37Z,C,5,available,False,BFI IMAX C 5
2026-10-01T01:30:37Z,C,4,available,False,BFI IMAX C 4
2026-10-01T01:30:37Z,C,3,available,False,BFI IMAX C 3
2026-10-01T01:30:37Z,C,2,available,False,BFI IMAX C 2
2026-10-01T01:30:37Z,C,1,available,False,BFI IMAX C 1
2026-10-01T01:30:37Z,D,37,available,False,BFI IMAX D 37
2026-10-01T01:30:37Z,D,36,available,False,BFI IMAX D 36
2026-10-01T01:30:37Z,D,35,available,False,BFI IMAX D 35
2026-10-01T01:30:37Z,D,34,available,False,BFI IMAX D 34
2026-10-01T01:30:37Z,D,33,available,False,BFI IMAX D 33
2026-10-01T01:30:37Z,D,32,available,False,BFI IMAX D 32
2026-10-01T01:30:37Z,D,31,available,False,BFI IMAX D 31
2026-10-01T01:30:37Z,D,30,available,False,BFI IMAX D 30
2026-10-01T01:30:37Z,D,29,available,False,BFI IMAX D 29
2026-10-01T01:30:37Z,D,28,available,False,BFI IMAX D 28
2026-10-01T01:30:37Z,D,27,available,False,BFI IMAX D 27
2026-10-01T01:30:37Z,D,26,available,False,BFI IMAX D 26
2026-10-01T01:30:37Z,D,25,available,False,BFI IMAX D 25
2026-10-01T01:30:37Z,D,24,available,False,BFI IMAX D 24
2026-10-01T01:30:37Z,D,23,available,False,BFI IMAX D 23
2026-10-01T01:30:37Z,D,22,available,False,BFI IMAX D 22
2026-10-01T01:30:37Z,D,21,available,False,BFI IMAX D 21
2026-10-01T01:30:37Z,D,20,available,False,BFI IMAX D 20
2026-10-01T01:30:37Z,D,19,available,False,BFI IMAX D 19
2026-10-01T01:30:37Z,D,18,available,False,BFI IMAX D 18
2026-10-01T01:30:37Z,D,17,available,False,BFI IMAX D 17
2026-10-01T01:30:37Z,D,16,available,False,BFI IMAX D 16
2026-10-01T01:30:37Z,D,15,available,False,BFI IMAX D 15
2026-10-01T01:30:37Z,D,14,available,False,BFI IMAX D 14
2026-10-01T01:30:37Z,D,13,available,False,BFI IMAX D 13
2026-10-01T01:30:37Z,D,12,available,False,BFI IMAX D 12
2026-10-01T01:30:37Z,D,11,available,False,BFI IMAX D 11
2026-10-01T01:30:37Z,D,10,available,False,BFI IMAX D 10
2026-10-01T01:30:37Z,D,9,available,False,BFI IMAX D 9
2026-10-01T01:30:37Z,D,8,available,False,BFI IMAX D 8
2026-10-01T01:30:37Z,D,7,available,False,BFI IMAX D 7
2026-10-01T01:30:37Z,D,6,available,False,BFI IMAX D 6
2026-10-01T01:30:37Z,D,5,available,False,BFI IMAX D 5
2026-10-01T01:30:37Z,D,4,available,False,BFI IMAX D 4
2026-10-01T01:30:37Z,D,3,available,False,BFI IMAX D 3
2026-10-01T01:30:37Z,D,2,available,False,BFI IMAX D 2
2026-10-01T01:30:37Z,D,1,available,False,BFI IMAX D 1
2026-10-01T01:30:37Z,E,37,available,False,BFI IMAX E 37
2026-10-01T01:30:37Z,E,36,available,False,BFI IMAX E 36
2026-10-01T01:30:37Z,E,35,available,False,BFI IMAX E 35
2026-10-01T01:30:37Z,E,34,available,False,BFI IMAX E 34
2026-10-01T01:30:37Z,E,33,available,False,BFI IMAX E 33
2026-10-01T01:30:37Z,E,32,available,False,BFI IMAX E 32
2026-10-01T01:30:37Z,E,31,available,False,BFI IMAX E 31
2026-10-01T01:30:37Z,E,30,available,False,BFI IMAX E 30
2026-10-01T01:30:37Z,E,29,available,False,BFI IMAX E 29
2026-10-01T01:30:37Z,E,28,available,False,BFI IMAX E 28
2026-10-01T01:30:37Z,E,27,available,False,BFI IMAX E 27
2026-10-01T01:30:37Z,E,26,available,False,BFI IMAX E 26
2026-10-01T01:30:37Z,E,25,available,False,BFI IMAX E 25
2026-10-01T01:30:37Z,E,24,available,False,BFI IMAX E 24
2026-10-01T01:30:37Z,E,23,available,False,BFI IMAX E 23
2026-10-01T01:30:37Z,E,22,available,False,BFI IMAX E 22
2026-10-01T01:30:37Z,E,21,available,False,BFI IMAX E 21
2026-10-01T01:30:37Z,E,20,available,False,BFI IMAX E 20
2026-10-01T01:30:37Z,E,19,available,False,BFI IMAX E 19
2026-10-01T01:30:37Z,E,18,available,False,BFI IMAX E 18
2026-10-01T01:30:37Z,E,17,available,False,BFI IMAX E 17
2026-10-01T01:30:37Z,E,16,available,False,BFI IMAX E 16
2026-10-01T01:30:37Z,E,15,available,False,BFI IMAX E 15
2026-10-01T01:30:37Z,E,14,available,False,BFI IMAX E 14
2026-10-01T01:30:37Z,E,13,available,False,BFI IMAX E 13
2026-10-01T01:30:37Z,E,12,available,False,BFI IMAX E 12
2026-10-01T01:30:37Z,E,11,available,False,BFI IMAX E 11
2026-10-01T01:30:37Z,E,10,available,False,BFI IMAX E 10
2026-10-01T01:30:37Z,E,9,available,False,BFI IMAX E 9
2026-10-01T01:30:37Z,E,8,available,False,BFI IMAX E 8
2026-10-01T01:30:37Z,E,7,available,False,BFI IMAX E 7
2026-10-01T01:30:37Z,E,6,available,False,BFI IMAX E 6
2026-10-01T01:30:37Z,E,5,available,False,BFI IMAX E 5
2026-10-01T01:30:37Z,E,4,available,False,BFI IMAX E 4
2026-10-01T01:30:37Z,E,3,available,False,BFI IMAX E 3
2026-10-01T01:30:37Z,E,2,available,False,BFI IMAX E 2
2026-10-01T01:30:37Z,E,1,available,False,BFI IMAX E 1
2026-10-01T01:30:37Z,F,38,available,False,BFI IMAX F 38
2026-10-01T01:30:37Z,F,37,available,False,BFI IMAX F 37
2026-10-01T01:30:37Z,F,36,available,False,BFI IMAX F 36
2026-10-01T01:30:37Z,F,35,available,False,BFI IMAX F 35
2026-10-01T01:30:37Z,F,34,available,False,BFI IMAX F 34
2026-10-01T01:30:37Z,F,33,available,False,BFI IMAX F 33
2026-10-01T01:30:37Z,F,32,available,False,BFI IMAX F 32
2026-10-01T01:30:37Z,F,31,available,False,BFI IMAX F 31
2026-10-01T01:30:37Z,F,30,available,False,BFI IMAX F 30
2026-10-01T01:30:37Z,F,29,available,False,BFI IMAX F 29
2026-10-01T01:30:37Z,F,28,available,False,BFI IMAX F 28
2026-10-01T01:30:37Z,F,27,available,False,BFI IMAX F 27
2026-10-01T01:30:37Z,F,26,available,False,BFI IMAX F 26
2026-10-01T01:30:37Z,F,25,available,False,BFI IMAX F 25
2026-10-01T01:30:37Z,F,24,available,False,BFI IMAX F 24
2026-10-01T01:30:37Z,F,23,available,False,BFI IMAX F 23
2026-10-01T01:30:37Z,F,22,available,False,BFI IMAX F 22
2026-10-01T01:30:37Z,F,21,available,False,BFI IMAX F 21
2026-10-01T01:30:37Z,F,20,available,False,BFI IMAX F 20
2026-10-01T01:30:37Z,F,19,available,False,BFI IMAX F 19
2026-10-01T01:30:37Z,F,18,available,False,BFI IMAX F 18
2026-10-01T01:30:37Z,F,17,available,False,BFI IMAX F 17
2026-10-01T01:30:37Z,F,16,available,False,BFI IMAX F 16
2026-10-01T01:30:37Z,F,15,available,False,BFI IMAX F 15
2026-10-01T01:30:37Z,F,14,available,False,BFI IMAX F 14
2026-10-01T01:30:37Z,F,13,available,False,BFI IMAX F 13
2026-10-01T01:30:37Z,F,12,available,False,BFI IMAX F 12
2026-10-01T01:30:37Z,F,11,available,False,BFI IMAX F 11
2026-10-01T01:30:37Z,F,10,available,False,BFI IMAX F 10
2026-10-01T01:30:37Z,F,9,available,False,BFI IMAX F 9
2026-10-01T01:30:37Z,F,8,available,False,BFI IMAX F 8
2026-10-01T01:30:37Z,F,7,available,False,BFI IMAX F 7
2026-10-01T01:30:37Z,F,6,available,False,BFI IMAX F 6
2026-10-01T01:30:37Z,F,5,available,False,BFI IMAX F 5
2026-10-01T01:30:37Z,F,4,available,False,BFI IMAX F 4
2026-10-01T01:30:37Z,F,3,available,False,BFI IMAX F 3
2026-10-01T01:30:37Z,F,2,available,False,BFI IMAX F 2
2026-10-01T01:30:37Z,F,1,available,False,BFI IMAX F 1
2026-10-01T01:30:37Z,G,37,available,False,BFI IMAX G 37
2026-10-01T01:30:37Z,G,36,available,False,BFI IMAX G 36
2026-10-01T01:30:37Z,G,35,available,False,BFI IMAX G 35
2026-10-01T01:30:37Z,G,34,available,False,BFI IMAX G 34
2026-10-01T01:30:37Z,G,33,available,False,BFI IMAX G 33
2026-10-01T01:30:37Z,G,32,available,False,BFI IMAX G 32
2026-10-01T01:30:37Z,G,31,available,False,BFI IMAX G 31
2026-10-01T01:30:37Z,G,30,available,False,BFI IMAX G 30
2026-10-01T01:30:37Z,G,29,available,False,BFI IMAX G 29
2026-10-01T01:30:37Z,G,28,available,False,BFI IMAX G 28
2026-10-01T01:30:37Z,G,27,available,False,BFI IMAX G 27
2026-10-01T01:30:37Z,G,26,available,False,BFI IMAX G 26
2026-10-01T01:30:37Z,G,25,available,False,BFI IMAX G 25
2026-10-01T01:30:37Z,G,24,available,False,BFI IMAX G 24
2026-10-01T01:30:37Z,G,23,available,False,BFI IMAX G 23
2026-10-01T01:30:37Z,G,22,available,False,BFI IMAX G 22
2026-10-01T01:30:37Z,G,21,available,False,BFI IMAX G 21
2026-10-01T01:30:37Z,G,20,available,False,BFI IMAX G 20
2026-10-01T01:30:37Z,G,19,available,False,BFI IMAX G 19
2026-10-01T01:30:37Z,G,18,available,False,BFI IMAX G 18
2026-10-01T01:30:37Z,G,17,available,False,BFI IMAX G 17
2026-10-01T01:30:37Z,G,16,available,False,BFI IMAX G 16
2026-10-01T01:30:37Z,G,15,available,False,BFI IMAX G 15
2026-10-01T01:30:37Z,G,14,available,False,BFI IMAX G 14
2026-10-01T01:30:37Z,G,13,available,False,BFI IMAX G 13
2026-10-01T01:30:37Z,G,12,available,False,BFI IMAX G 12
2026-10-01T01:30:37Z,G,11,available,False,BFI IMAX G 11
2026-10-01T01:30:37Z,G,10,available,False,BFI IMAX G 10
2026-10-01T01:30:37Z,G,9,available,False,BFI IMAX G 9
2026-10-01T01:30:37Z,G,8,available,False,BFI IMAX G 8
2026-10-01T01:30:37Z,G,7,available,False,BFI IMAX G 7
2026-10-01T01:30:37Z,G,6,available,False,BFI IMAX G 6
2026-10-01T01:30:37Z,G,5,available,False,BFI IMAX G 5
2026-10-01T01:30:37Z,G,4,available,False,BFI IMAX G 4
2026-10-01T01:30:37Z,G,3,available,False,BFI IMAX G 3
2026-10-01T01:30:37Z,G,2,available,False,BFI IMAX G 2
2026-10-01T01:30:37Z,G,1,available,False,BFI IMAX G 1
2026-10-01T01:30:37Z,H,37,available,False,BFI IMAX H 37
2026-10-01T01:30:37Z,H,36,available,False,BFI IMAX H 36
2026-10-01T01:30:37Z,H,35,available,False,BFI IMAX H 35
2026-10-01T01:30:37Z,H,34,available,False,BFI IMAX H 34
2026-10-01T01:30:37Z,H,33,available,False,BFI IMAX H 33
2026-10-01T01:30:37Z,H,32,available,False,BFI IMAX H 32
2026-10-01T01:30:37Z,H,31,available,False,BFI IMAX H 31
2026-10-01T01:30:37Z,H,30,available,False,BFI IMAX H 30
2026-10-01T01:30:37Z,H,29,available,False,BFI IMAX H 29
2026-10-01T01:30:37Z,H,28,available,False,BFI IMAX H 28
2026-10-01T01:30:37Z,H,27,available,False,BFI IMAX H 27
2026-10-01T01:30:37Z,H,26,available,False,BFI IMAX H 26
2026-10-01T01:30:37Z,H,25,available,False,BFI IMAX H 25
2026-10-01T01:30:37Z,H,24,available,False,BFI IMAX H 24
2026-10-01T01:30:37Z,H,23,available,False,BFI IMAX H 23
2026-10-01T01:30:37Z,H,22,available,False,BFI IMAX H 22
2026-10-01T01:30:37Z,H,21,available,False,BFI IMAX H 21
2026-10-01T01:30:37Z,H,20,available,False,BFI IMAX H 20
2026-10-01T01:30:37Z,H,19,available,False,BFI IMAX H 19
2026-10-01T01:30:37Z,H,18,available,False,BFI IMAX H 18
2026-10-01T01:30:37Z,H,17,available,False,BFI IMAX H 17
2026-10-01T01:30:37Z,H,16,available,False,BFI IMAX H 16
2026-10-01T01:30:37Z,H,15,available,False,BFI IMAX H 15
2026-10-01T01:30:37Z,H,14,available,False,BFI IMAX H 14
2026-10-01T01:30:37Z,H,13,available,False,BFI IMAX H 13
2026-10-01T01:30:37Z,H,12,available,False,BFI IMAX H 12
2026-10-01T01:30:37Z,H,11,available,False,BFI IMAX H 11
2026-10-01T01:30:37Z,H,10,available,False,BFI IMAX H 10
2026-10-01T01:30:37Z,H,9,available,False,BFI IMAX H 9
2026-10-01T01:30:37Z,H,8,available,False,BFI IMAX H 8
2026-10-01T01:30:37Z,H,7,available,False,BFI IMAX H 7
2026-10-01T01:30:37Z,H,6,available,False,BFI IMAX H 6
2026-10-01T01:30:37Z,H,5,available,False,BFI IMAX H 5
2026-10-01T01:30:37Z,H,4,available,False,BFI IMAX H 4
2026-10-01T01:30:37Z,H,3,available,False,BFI IMAX H 3
2026-10-01T01:30:37Z,H,2,available,False,BFI IMAX H 2
2026-10-01T01:30:37Z,H,1,available,False,BFI IMAX H 1
2026-10-01T01:30:37Z,J,36,available,False,BFI IMAX J 36
2026-10-01T01:30:37Z,J,35,available,False,BFI IMAX J 35
2026-10-01T01:30:37Z,J,34,available,False,BFI IMAX J 34
2026-10-01T01:30:37Z,J,33,available,False,BFI IMAX J 33
2026-10-01T01:30:37Z,J,32,available,False,BFI IMAX J 32
2026-10-01T01:30:37Z,J,31,available,False,BFI IMAX J 31
2026-10-01T01:30:37Z,J,30,available,False,BFI IMAX J 30
2026-10-01T01:30:37Z,J,29,available,False,BFI IMAX J 29
2026-10-01T01:30:37Z,J,28,available,False,BFI IMAX J 28
2026-10-01T01:30:37Z,J,27,available,False,BFI IMAX J 27
2026-10-01T01:30:37Z,J,26,available,False,BFI IMAX J 26
2026-10-01T01:30:37Z,J,25,available,False,BFI IMAX J 25
2026-10-01T01:30:37Z,J,24,available,False,BFI IMAX J 24
2026-10-01T01:30:37Z,J,23,available,False,BFI IMAX J 23
2026-10-01T01:30:37Z,J,22,available,False,BFI IMAX J 22
2026-10-01T01:30:37Z,J,21,available,False,BFI IMAX J 21
2026-10-01T01:30:37Z,J,20,available,False,BFI IMAX J 20
2026-10-01T01:30:37Z,J,19,available,False,BFI IMAX J 19
2026-10-01T01:30:37Z,J,18,available,False,BFI IMAX J 18
2026-10-01T01:30:37Z,J,17,available,False,BFI IMAX J 17
2026-10-01T01:30:37Z,J,16,available,False,BFI IMAX J 16
2026-10-01T01:30:37Z,J,15,available,False,BFI IMAX J 15
2026-10-01T01:30:37Z,J,14,available,False,BFI IMAX J 14
2026-10-01T01:30:37Z,J,13,available,False,BFI IMAX J 13
2026-10-01T01:30:37Z,J,12,available,False,BFI IMAX J 12
2026-10-01T01:30:37Z,J,11,available,False,BFI IMAX J 11
2026-10-01T01:30:37Z,J,10,available,False,BFI IMAX J 10
2026-10-01T01:30:37Z,J,9,available,False,BFI IMAX J 9
2026-10-01T01:30:37Z,J,8,available,False,BFI IMAX J 8
2026-10-01T01:30:37Z,J,7,available,False,BFI IMAX J 7
2026-10-01T01:30:37Z,J,6,available,False,BFI IMAX J 6
2026-10-01T01:30:37Z,J,5,available,False,BFI IMAX J 5
2026-10-01T01:30:37Z,J,4,available,False,BFI IMAX J 4
2026-10-01T01:30:37Z,J,3,available,False,BFI IMAX J 3
2026-10-01T01:30:37Z,J,2,available,False,BFI IMAX J 2
2026-10-01T01:30:37Z,J,1,available,False,BFI IMAX J 1
2026-10-01T01:30:37Z,K,36,available,False,BFI IMAX K 36
2026-10-01T01:30:37Z,K,35,available,False,BFI IMAX K 35
2026-10-01T01:30:37Z,K,34,available,False,BFI IMAX K 34
2026-10-01T01:30:37Z,K,33,available,False,BFI IMAX K 33
2026-10-01T01:30:37Z,K,32,available,False,BFI IMAX K 32
2026-10-01T01:30:37Z,K,31,available,False,BFI IMAX K 31
2026-10-01T01:30:37Z,K,30,available,False,BFI IMAX K 30
2026-10-01T01:30:37Z,K,29,available,False,BFI IMAX K 29
2026-10-01T01:30:37Z,K,28,available,False,BFI IMAX K 28
2026-10-01T01:30:37Z,A,13,available,False,BFI IMAX A 13
2026-10-01T01:30:37Z,A,12,available,False,BFI IMAX A 12
2026-10-01T01:30:37Z,K,25,available,False,BFI IMAX K 25
2026-10-01T01:30:37Z,K,24,available,False,BFI IMAX K 24
2026-10-01T01:30:37Z,K,23,available,False,BFI IMAX K 23
2026-10-01T01:30:37Z,K,22,available,False,BFI IMAX K 22
2026-10-01T01:30:37Z,K,21,available,False,BFI IMAX K 21
2026-10-01T01:30:37Z,K,20,available,False,BFI IMAX K 20
2026-10-01T01:30:37Z,K,19,sold,False,BFI IMAX K 19
2026-10-01T01:30:37Z,K,18,available,False,BFI IMAX K 18
2026-10-01T01:30:37Z,K,17,available,False,BFI IMAX K 17
2026-10-01T01:30:37Z,K,16,available,False,BFI IMAX K 16
2026-10-01T01:30:37Z,K,15,available,False,BFI IMAX K 15
2026-10-01T01:30:37Z,K,14,available,False,BFI IMAX K 14
2026-10-01T01:30:37Z,K,13,available,False,BFI IMAX K 13
2026-10-01T01:30:37Z,K,12,available,False,BFI IMAX K 12
2026-10-01T01:30:37Z,K,11,available,False,BFI IMAX K 11
2026-10-01T01:30:37Z,K,10,available,False,BFI IMAX K 10
2026-10-01T01:30:37Z,K,9,available,False,BFI IMAX K 9
2026-10-01T01:30:37Z,K,8,available,False,BFI IMAX K 8
2026-10-01T01:30:37Z,K,7,available,False,BFI IMAX K 7
2026-10-01T01:30:37Z,K,6,available,False,BFI IMAX K 6
2026-10-01T01:30:37Z,K,5,available,False,BFI IMAX K 5
2026-10-01T01:30:37Z,K,4,available,False,BFI IMAX K 4
2026-10-01T01:30:37Z,K,3,available,False,BFI IMAX K 3
2026-10-01T01:30:37Z,K,2,available,False,BFI IMAX K 2
2026-10-01T01:30:37Z,K,1,available,False,BFI IMAX K 1
2026-10-01T01:30:37Z,L,33,available,False,BFI IMAX L 33
2026-10-01T01:30:37Z,L,32,available,False,BFI IMAX L 32
2026-10-01T01:30:37Z,L,31,available,False,BFI IMAX L 31
2026-10-01T01:30:37Z,L,30,available,False,BFI IMAX L 30
2026-10-01T01:30:37Z,L,29,available,False,BFI IMAX L 29
2026-10-01T01:30:37Z,L,28,available,False,BFI IMAX L 28
2026-10-01T01:30:37Z,L,27,available,False,BFI IMAX L 27
2026-10-01T01:30:37Z,L,26,available,False,BFI IMAX L 26
2026-10-01T01:30:37Z,L,8,available,False,BFI IMAX L 8
2026-10-01T01:30:37Z,L,7,available,False,BFI IMAX L 7
2026-10-01T01:30:37Z,L,6,available,False,BFI IMAX L 6
2026-10-01T01:30:37Z,L,5,available,False,BFI IMAX L 5
2026-10-01T01:30:37Z,L,4,available,False,BFI IMAX L 4
2026-10-01T01:30:37Z,L,3,available,False,BFI IMAX L 3
2026-10-01T01:30:37Z,L,2,available,False,BFI IMAX L 2
2026-10-01T01:30:37Z,L,1,available,False,BFI IMAX L 1
2026-10-01T01:30:37Z,M,34,available,False,BFI IMAX M 34
2026-10-01T01:30:37Z,M,33,available,False,BFI IMAX M 33
2026-10-01T01:30:37Z,M,32,available,False,BFI IMAX M 32
2026-10-01T01:30:37Z,M,31,available,False,BFI IMAX M 31
2026-10-01T01:30:37Z,M,30,available,False,BFI IMAX M 30
2026-10-01T01:30:37Z,M,29,available,False,BFI IMAX M 29
2026-10-01T01:30:37Z,M,28,available,False,BFI IMAX M 28
2026-10-01T01:30:37Z,M,27,sold,False,BFI IMAX M 27
2026-10-01T01:30:37Z,M,8,available,False,BFI IMAX M 8
2026-10-01T01:30:37Z,M,7,available,False,BFI IMAX M 7
2026-10-01T01:30:37Z,M,6,available,False,BFI IMAX M 6
2026-10-01T01:30:37Z,M,5,available,False,BFI IMAX M 5
2026-10-01T01:30:37Z,M,4,available,False,BFI IMAX M 4
2026-10-01T01:30:37Z,M,3,available,False,BFI IMAX M 3
2026-10-01T01:30:37Z,M,2,available,False,BFI IMAX M 2
2026-10-01T01:30:37Z,M,1,available,False,BFI IMAX M 1
2026-10-01T01:30:37Z,N,34,unavailable,False,BFI IMAX N 34
2026-10-01T01:30:37Z,N,33,unavailable,False,BFI IMAX N 33
2026-10-01T01:30:37Z,N,32,unavailable,False,BFI IMAX N 32
2026-10-01T01:30:37Z,N,31,unavailable,False,BFI IMAX N 31
2026-10-01T01:30:37Z,N,30,unavailable,False,BFI IMAX N 30
2026-10-01T01:30:37Z,N,29,unavailable,False,BFI IMAX N 29
2026-10-01T01:30:37Z,N,28,unavailable,False,BFI IMAX N 28
2026-10-01T01:30:37Z,N,27,unavailable,False,BFI IMAX N 27
2026-10-01T01:30:37Z,N,8,available,False,BFI IMAX N 8
2026-10-01T01:30:37Z,N,7,available,False,BFI IMAX N 7
2026-10-01T01:30:37Z,N,6,available,False,BFI IMAX N 6
2026-10-01T01:30:37Z,N,5,available,False,BFI IMAX N 5
2026-10-01T01:30:37Z,N,4,available,False,BFI IMAX N 4
2026-10-01T01:30:37Z,N,3,available,False,BFI IMAX N 3
2026-10-01T01:30:37Z,N,2,available,False,BFI IMAX N 2
2026-10-01T01:30:37Z,N,1,available,False,BFI IMAX N 1
2026-10-01T01:30:37Z,A,11,available,False,BFI IMAX A 11
2026-10-01T01:30:37Z,A,10,available,False,BFI IMAX A 10
2026-10-01T01:30:37Z,A,9,available,False,BFI IMAX A 9
2026-10-01T01:30:37Z,A,8,available,False,BFI IMAX A 8
2026-10-01T01:30:37Z,M,15,available,False,BFI IMAX M 15
2026-10-01T01:30:37Z,M,14,available,False,BFI IMAX M 14
2026-10-01T01:30:37Z,M,13,available,False,BFI IMAX M 13
2026-10-01T01:30:37Z,M,12,available,False,BFI IMAX M 12
2026-10-01T01:30:37Z,M,11,available,False,BFI IMAX M 11
2026-10-01T01:30:37Z,M,10,available,False,BFI IMAX M 10
2026-10-01T01:30:37Z,M,9,available,False,BFI IMAX M 9
2026-10-01T01:30:37Z,L,9,available,False,BFI IMAX L 9
2026-10-01T01:30:37Z,L,25,available,False,BFI IMAX L 25
2026-10-01T01:30:37Z,L,24,available,False,BFI IMAX L 24
2026-10-01T01:30:37Z,L,23,available,False,BFI IMAX L 23
2026-10-01T01:30:37Z,L,22,available,False,BFI IMAX L 22
2026-10-01T01:30:37Z,L,21,available,False,BFI IMAX L 21
2026-10-01T01:30:37Z,L,20,available,False,BFI IMAX L 20
2026-10-01T01:30:37Z,L,19,available,False,BFI IMAX L 19
2026-10-01T01:30:37Z,L,18,sold,False,BFI IMAX L 18
2026-10-01T01:30:37Z,L,17,sold,False,BFI IMAX L 17
2026-10-01T01:30:37Z,L,16,available,False,BFI IMAX L 16
2026-10-01T01:30:37Z,L,15,available,False,BFI IMAX L 15
2026-10-01T01:30:37Z,L,14,available,False,BFI IMAX L 14
2026-10-01T01:30:37Z,L,13,available,False,BFI IMAX L 13
2026-10-01T01:30:37Z,L,12,available,False,BFI IMAX L 12
2026-10-01T01:30:37Z,L,11,available,False,BFI IMAX L 11
2026-10-01T01:30:37Z,N,26,unavailable,False,BFI IMAX N 26
2026-10-01T01:30:37Z,N,25,unavailable,False,BFI IMAX N 25
2026-10-01T01:30:37Z,N,24,unavailable,False,BFI IMAX N 24
2026-10-01T01:30:37Z,N,23,unavailable,False,BFI IMAX N 23
2026-10-01T01:30:37Z,N,22,available,False,BFI IMAX N 22
2026-10-01T01:30:37Z,N,21,available,False,BFI IMAX N 21
2026-10-01T01:30:37Z,N,20,available,False,BFI IMAX N 20
2026-10-01T01:30:37Z,N,19,available,False,BFI IMAX N 19
2026-10-01T01:30:37Z,N,18,available,False,BFI IMAX N 18
2026-10-01T01:30:37Z,N,17,available,False,BFI IMAX N 17
2026-10-01T01:30:37Z,N,16,available,False,BFI IMAX N 16
2026-10-01T01:30:37Z,N,15,available,False,BFI IMAX N 15
2026-10-01T01:30:37Z,N,14,available,False,BFI IMAX N 14
2026-10-01T01:30:37Z,N,13,available,False,BFI IMAX N 13
2026-10-01T01:30:37Z,N,12,unavailable,False,BFI IMAX N 12
2026-10-01T01:30:37Z,N,11,unavailable,False,BFI IMAX N 11
2026-10-01T01:30:37Z,N,10,unavailable,False,BFI IMAX N 10
2026-10-01T01:30:37Z,N,9,unavailable,False,BFI IMAX N 9
2026-10-01T01:30:37Z,L,10,available,False,BFI IMAX L 10
2026-10-01T01:30:37Z,M,26,available,False,BFI IMAX M 26
2026-10-01T01:30:37Z,M,25,available,False,BFI IMAX M 25
2026-10-01T01:30:37Z,M,24,available,False,BFI IMAX M 24
2026-10-01T01:30:37Z,M,23,available,False,BFI IMAX M 23
2026-10-01T01:30:37Z,M,22,available,False,BFI IMAX M 22
2026-10-01T01:30:37Z,M,21,available,False,BFI IMAX M 21
2026-10-01T01:30:37Z,M,20,available,False,BFI IMAX M 20
2026-10-01T01:30:37Z,M,19,sold,False,BFI IMAX M 19
2026-10-01T01:30:37Z,M,18,sold,False,BFI IMAX M 18
2026-10-01T01:30:37Z,M,17,sold,False,BFI IMAX M 17
2026-10-01T01:30:37Z,M,16,available,False,BFI IMAX M 16
2026-10-01T01:30:37Z,P,27,available,True,BFI IMAX P 27
2026-10-01T01:30:37Z,P,26,unavailable,False,BFI IMAX P 26
2026-10-01T01:30:37Z,P,6,unavailable,False,BFI IMAX P 6
2026-10-01T01:30:37Z,P,5,available,True,BFI IMAX P 5
2026-10-01T01:30:37Z,P,31,unavailable,False,BFI IMAX P 31
2026-10-01T01:30:37Z,P,30,available,True,BFI IMAX P 30
2026-10-01T01:30:37Z,P,2,available,True,BFI IMAX P 2
2026-10-01T01:30:37Z,P,1,unavailable,False,BFI IMAX P 1
2026-10-01T01:30:37Z,P,21,available,False,BFI IMAX P 21
2026-10-01T01:30:37Z,P,20,available,False,BFI IMAX P 20
2026-10-01T01:30:37Z,P,19,available,False,BFI IMAX P 19
2026-10-01T01:30:37Z,P,18,available,False,BFI IMAX P 18
2026-10-01T01:30:37Z,P,17,available,False,BFI IMAX P 17
2026-10-01T01:30:37Z,P,16,available,False,BFI IMAX P 16
2026-10-01T01:30:37Z,P,15,available,False,BFI IMAX P 15
2026-10-01T01:30:37Z,P,14,available,False,BFI IMAX P 14
2026-10-01T01:30:37Z,P,13,available,False,BFI IMAX P 13
2026-10-01T01:30:37Z,P,12,available,False,BFI IMAX P 12
2026-10-01T01:30:37Z,P,11,available,False,BFI IMAX P 11
2026-10-01T01:30:37Z,P,9,available,False,BFI IMAX P 9
2026-10-01T01:30:37Z,P,8,available,False,BFI IMAX P 8
2026-10-01T01:30:37Z,P,7,available,False,BFI IMAX P 7
2026-10-01T01:30:37Z,P,10,available,False,BFI IMAX P 10
2026-10-01T01:30:37Z,P,25,available,False,BFI IMAX P 25
2026-10-01T01:30:37Z,P,24,available,False,BFI IMAX P 24
2026-10-01T01:30:37Z,P,23,available,False,BFI IMAX P 23
2026-10-01T01:30:37Z,P,22,available,False,BFI IMAX P 22
2026-10-01T01:30:37Z,Q,18,sold,False,BFI IMAX Q 18
2026-10-01T01:30:37Z,Q,17,available,False,BFI IMAX Q 17
2026-10-01T01:30:37Z,Q,16,available,False,BFI IMAX Q 16
2026-10-01T01:30:37Z,Q,15,available,False,BFI IMAX Q 15
2026-10-01T01:30:37Z,Q,14,available,False,BFI IMAX Q 14
2026-10-01T01:30:37Z,Q,13,available,False,BFI IMAX Q 13
2026-10-01T01:30:37Z,Q,12,available,False,BFI IMAX Q 12
2026-10-01T01:30:37Z,Q,11,available,False,BFI IMAX Q 11
2026-10-01T01:30:37Z,Q,10,available,False,BFI IMAX Q 10
2026-10-01T01:30:37Z,Q,9,sold,False,BFI IMAX Q 9
2026-10-01T01:30:37Z,Q,8,sold,False,BFI IMAX Q 8
2026-10-01T01:30:37Z,Q,7,sold,False,BFI IMAX Q 7
2026-10-01T01:30:37Z,Q,6,available,False,BFI IMAX Q 6
2026-10-01T01:30:37Z,Q,5,available,False,BFI IMAX Q 5
2026-10-01T01:30:37Z,Q,4,available,False,BFI IMAX Q 4
2026-10-01T01:30:37Z,Q,3,available,False,BFI IMAX Q 3
2026-10-01T01:30:37Z,Q,2,available,False,BFI IMAX Q 2
2026-10-01T01:30:37Z,Q,1,available,False,BFI IMAX Q 1
2026-10-02T16:05:13Z,K,27,unavailable,False,BFI IMAX K 27
2026-10-02T16:05:13Z,K,26,unavailable,False,BFI IMAX K 26
2026-10-02T16:05:13Z,P,29,available,True,BFI IMAX P 29
2026-10-02T16:05:13Z,P,28,available,True,BFI IMAX P 28
2026-10-02T16:05:13Z,P,4,available,True,BFI IMAX P 4
2026-10-02T16:05:13Z,P,3,available,True,BFI IMAX P 3
2026-10-02T16:05:13Z,A,7,available,False,BFI IMAX A 7
2026-10-02T16:05:13Z,A,6,available,False,BFI IMAX A 6
2026-10-02T16:05:13Z,A,5,available,False,BFI IMAX A 5
2026-10-02T16:05:13Z,A,4,available,False,BFI IMAX A 4
2026-10-02T16:05:13Z,A,3,available,False,BFI IMAX A 3
2026-10-02T16:05:13Z,A,2,available,False,BFI IMAX A 2
2026-10-02T16:05:13Z,A,1,available,False,BFI IMAX A 1
2026-10-02T16:05:13Z,B,36,available,False,BFI IMAX B 36
2026-10-02T16:05:13Z,B,35,available,False,BFI IMAX B 35
2026-10-02T16:05:13Z,B,34,available,False,BFI IMAX B 34
2026-10-02T16:05:13Z,B,33,available,False,BFI IMAX B 33
2026-10-02T16:05:13Z,B,32,available,False,BFI IMAX B 32
2026-10-02T16:05:13Z,B,31,available,False,BFI IMAX B 31
2026-10-02T16:05:13Z,B,30,available,False,BFI IMAX B 30
2026-10-02T16:05:13Z,B,29,available,False,BFI IMAX B 29
2026-10-02T16:05:13Z,B,28,available,False,BFI IMAX B 28
2026-10-02T16:05:13Z,B,27,available,False,BFI IMAX B 27
2026-10-02T16:05:13Z,B,26,available,False,BFI IMAX B 26
2026-10-02T16:05:13Z,B,25,available,False,BFI IMAX B 25
2026-10-02T16:05:13Z,B,24,available,False,BFI IMAX B 24
2026-10-02T16:05:13Z,B,23,available,False,BFI IMAX B 23
2026-10-02T16:05:13Z,B,22,available,False,BFI IMAX B 22
2026-10-02T16:05:13Z,B,21,available,False,BFI IMAX B 21
2026-10-02T16:05:13Z,B,20,available,False,BFI IMAX B 20
2026-10-02T16:05:13Z,B,19,available,False,BFI IMAX B 19
2026-10-02T16:05:13Z,B,18,available,False,BFI IMAX B 18
2026-10-02T16:05:13Z,B,17,available,False,BFI IMAX B 17
2026-10-02T16:05:13Z,B,16,available,False,BFI IMAX B 16
2026-10-02T16:05:13Z,B,15,available,False,BFI IMAX B 15
2026-10-02T16:05:13Z,B,14,available,False,BFI IMAX B 14
2026-10-02T16:05:13Z,B,13,available,False,BFI IMAX B 13
2026-10-02T16:05:13Z,B,12,available,False,BFI IMAX B 12
2026-10-02T16:05:13Z,B,11,available,False,BFI IMAX B 11
2026-10-02T16:05:13Z,B,10,available,False,BFI IMAX B 10
2026-10-02T16:05:13Z,B,9,available,False,BFI IMAX B 9
2026-10-02T16:05:13Z,B,8,available,False,BFI IMAX B 8
2026-10-02T16:05:13Z,B,7,available,False,BFI IMAX B 7
2026-10-02T16:05:13Z,B,6,available,False,BFI IMAX B 6
2026-10-02T16:05:13Z,B,5,available,False,BFI IMAX B 5
2026-10-02T16:05:13Z,B,4,available,False,BFI IMAX B 4
2026-10-02T16:05:13Z,B,3,available,False,BFI IMAX B 3
2026-10-02T16:05:13Z,B,2,available,False,BFI IMAX B 2
2026-10-02T16:05:13Z,B,1,available,False,BFI IMAX B 1
2026-10-02T16:05:13Z,C,36,available,False,BFI IMAX C 36
2026-10-02T16:05:13Z,C,35,available,False,BFI IMAX C 35
2026-10-02T16:05:13Z,C,34,available,False,BFI IMAX C 34
2026-10-02T16:05:13Z,C,33,available,False,BFI IMAX C 33
2026-10-02T16:05:13Z,C,32,available,False,BFI IMAX C 32
2026-10-02T16:05:13Z,C,31,available,False,BFI IMAX C 31
2026-10-02T16:05:13Z,C,30,available,False,BFI IMAX C 30
2026-10-02T16:05:13Z,C,29,available,False,BFI IMAX C 29
2026-10-02T16:05:13Z,C,28,available,False,BFI IMAX C 28
2026-10-02T16:05:13Z,C,27,available,False,BFI IMAX C 27
2026-10-02T16:05:13Z,C,26,available,False,BFI IMAX C 26
2026-10-02T16:05:13Z,C,25,sold,False,BFI IMAX C 25
2026-10-02T16:05:13Z,C,24,available,False,BFI IMAX C 24
2026-10-02T16:05:13Z,C,23,available,False,BFI IMAX C 23
2026-10-02T16:05:13Z,C,22,available,False,BFI IMAX C 22
2026-10-02T16:05:13Z,C,21,available,False,BFI IMAX C 21
2026-10-02T16:05:13Z,C,20,available,False,BFI IMAX C 20
2026-10-02T16:05:13Z,C,19,available,False,BFI IMAX C 19
2026-10-02T16:05:13Z,C,18,available,False,BFI IMAX C 18
2026-10-02T16:05:13Z,C,17,available,False,BFI IMAX C 17
2026-10-02T16:05:13Z,C,16,available,False,BFI IMAX C 16
2026-10-02T16:05:13Z,C,15,available,False,BFI IMAX C 15
2026-10-02T16:05:13Z,C,14,available,False,BFI IMAX C 14
2026-10-02T16:05:13Z,C,13,available,False,BFI IMAX C 13
2026-10-02T16:05:13Z,C,12,available,False,BFI IMAX C 12
2026-10-02T16:05:13Z,C,11,available,False,BFI IMAX C 11
2026-10-02T16:05:13Z,C,10,available,False,BFI IMAX C 10
2026-10-02T16:05:13Z,C,9,available,False,BFI IMAX C 9
2026-10-02T16:05:13Z,C,8,available,False,BFI IMAX C 8
2026-10-02T16:05:13Z,C,7,available,False,BFI IMAX C 7
2026-10-02T16:05:13Z,C,6,available,False,BFI IMAX C 6
2026-10-02T16:05:13Z,C,5,available,False,BFI IMAX C 5
2026-10-02T16:05:13Z,C,4,available,False,BFI IMAX C 4
2026-10-02T16:05:13Z,C,3,available,False,BFI IMAX C 3
2026-10-02T16:05:13Z,C,2,available,False,BFI IMAX C 2
2026-10-02T16:05:13Z,C,1,available,False,BFI IMAX C 1
2026-10-02T16:05:13Z,D,37,available,False,BFI IMAX D 37
2026-10-02T16:05:13Z,D,36,available,False,BFI IMAX D 36
2026-10-02T16:05:13Z,D,35,available,False,BFI IMAX D 35
2026-10-02T16:05:13Z,D,34,available,False,BFI IMAX D 34
2026-10-02T16:05:13Z,D,33,available,False,BFI IMAX D 33
2026-10-02T16:05:13Z,D,32,available,False,BFI IMAX D 32
2026-10-02T16:05:13Z,D,31,available,False,BFI IMAX D 31
2026-10-02T16:05:13Z,D,30,available,False,BFI IMAX D 30
2026-10-02T16:05:13Z,D,29,available,False,BFI IMAX D 29
2026-10-02T16:05:13Z,D,28,available,False,BFI IMAX D 28
2026-10-02T16:05:13Z,D,27,available,False,BFI IMAX D 27
2026-10-02T16:05:13Z,D,26,available,False,BFI IMAX D 26
2026-10-02T16:05:13Z,D,25,available,False,BFI IMAX D 25
2026-10-02T16:05:13Z,D,24,available,False,BFI IMAX D 24
2026-10-02T16:05:13Z,D,23,available,False,BFI IMAX D 23
2026-10-02T16:05:13Z,D,22,available,False,BFI IMAX D 22
2026-10-02T16:05:13Z,D,21,available,False,BFI IMAX D 21
2026-10-02T16:05:13Z,D,20,available,False,BFI IMAX D 20
2026-10-02T16:05:13Z,D,19,available,False,BFI IMAX D 19
2026-10-02T16:05:13Z,D,18,available,False,BFI IMAX D 18
2026-10-02T16:05:13Z,D,17,available,False,BFI IMAX D 17
2026-10-02T16:05:13Z,D,16,available,False,BFI IMAX D 16
2026-10-02T16:05:13Z,D,15,available,False,BFI IMAX D 15
2026-10-02T16:05:13Z,D,14,available,False,BFI IMAX D 14
2026-10-02T16:05:13Z,D,13,available,False,BFI IMAX D 13
2026-10-02T16:05:13Z,D,12,available,False,BFI IMAX D 12
2026-10-02T16:05:13Z,D,11,available,False,BFI IMAX D 11
2026-10-02T16:05:13Z,D,10,available,False,BFI IMAX D 10
2026-10-02T16:05:13Z,D,9,available,False,BFI IMAX D 9
2026-10-02T16:05:13Z,D,8,available,False,BFI IMAX D 8
2026-10-02T16:05:13Z,D,7,available,False,BFI IMAX D 7
2026-10-02T16:05:13Z,D,6,available,False,BFI IMAX D 6
2026-10-02T16:05:13Z,D,5,available,False,BFI IMAX D 5
2026-10-02T16:05:13Z,D,4,available,False,BFI IMAX D 4
2026-10-02T16:05:13Z,D,3,available,False,BFI IMAX D 3
2026-10-02T16:05:13Z,D,2,available,False,BFI IMAX D 2
2026-10-02T16:05:13Z,D,1,available,False,BFI IMAX D 1
2026-10-02T16:05:13Z,E,37,available,False,BFI IMAX E 37
2026-10-02T16:05:13Z,E,36,available,False,BFI IMAX E 36
2026-10-02T16:05:13Z,E,35,available,False,BFI IMAX E 35
2026-10-02T16:05:13Z,E,34,available,False,BFI IMAX E 34
2026-10-02T16:05:13Z,E,33,available,False,BFI IMAX E 33
2026-10-02T16:05:13Z,E,32,available,False,BFI IMAX E 32
2026-10-02T16:05:13Z,E,31,available,False,BFI IMAX E 31
2026-10-02T16:05:13Z,E,30,available,False,BFI IMAX E 30
2026-10-02T16:05:13Z,E,29,available,False,BFI IMAX E 29
2026-10-02T16:05:13Z,E,28,available,False,BFI IMAX E 28
2026-10-02T16:05:13Z,E,27,available,False,BFI IMAX E 27
2026-10-02T16:05:13Z,E,26,available,False,BFI IMAX E 26
2026-10-02T16:05:13Z,E,25,available,False,BFI IMAX E 25
2026-10-02T16:05:13Z,E,24,available,False,BFI IMAX E 24
2026-10-02T16:05:13Z,E,23,available,False,BFI IMAX E 23
2026-10-02T16:05:13Z,E,22,available,False,BFI IMAX E 22
2026-10-02T16:05:13Z,E,21,available,False,BFI IMAX E 21
2026-10-02T16:05:13Z,E,20,available,False,BFI IMAX E 20
2026-10-02T16:05:13Z,E,19,available,False,BFI IMAX E 19
2026-10-02T16:05:13Z,E,18,available,False,BFI IMAX E 18
2026-10-02T16:05:13Z,E,17,available,False,BFI IMAX E 17
2026-10-02T16:05:13Z,E,16,available,False,BFI IMAX E 16
2026-10-02T16:05:13Z,E,15,available,False,BFI IMAX E 15
2026-10-02T16:05:13Z,E,14,available,False,BFI IMAX E 14
2026-10-02T16:05:13Z,E,13,available,False,BFI IMAX E 13
2026-10-02T16:05:13Z,E,12,available,False,BFI IMAX E 12
2026-10-02T16:05:13Z,E,11,available,False,BFI IMAX E 11
2026-10-02T16:05:13Z,E,10,available,False,BFI IMAX E 10
2026-10-02T16:05:13Z,E,9,available,False,BFI IMAX E 9
2026-10-02T16:05:13Z,E,8,available,False,BFI IMAX E 8
2026-10-02T16:05:13Z,E,7,available,False,BFI IMAX E 7
2026-10-02T16:05:13Z,E,6,available,False,BFI IMAX E 6
2026-10-02T16:05:13Z,E,5,available,False,BFI IMAX E 5
2026-10-02T16:05:13Z,E,4,available,False,BFI IMAX E 4
2026-10-02T16:05:13Z,E,3,available,False,BFI IMAX E 3
2026-10-02T16:05:13Z,E,2,available,False,BFI IMAX E 2
2026-10-02T16:05:13Z,E,1,available,False,BFI IMAX E 1
2026-10-02T16:05:13Z,F,38,available,False,BFI IMAX F 38
2026-10-02T16:05:13Z,F,37,available,False,BFI IMAX F 37
2026-10-02T16:05:13Z,F,36,available,False,BFI IMAX F 36
2026-10-02T16:05:13Z,F,35,available,False,BFI IMAX F 35
2026-10-02T16:05:13Z,F,34,available,False,BFI IMAX F 34
2026-10-02T16:05:13Z,F,33,available,False,BFI IMAX F 33
2026-10-02T16:05:13Z,F,32,available,False,BFI IMAX F 32
2026-10-02T16:05:13Z,F,31,available,False,BFI IMAX F 31
2026-10-02T16:05:13Z,F,30,available,False,BFI IMAX F 30
2026-10-02T16:05:13Z,F,29,available,False,BFI IMAX F 29
2026-10-02T16:05:13Z,F,28,available,False,BFI IMAX F 28
2026-10-02T16:05:13Z,F,27,available,False,BFI IMAX F 27
2026-10-02T16:05:13Z,F,26,available,False,BFI IMAX F 26
2026-10-02T16:05:13Z,F,25,available,False,BFI IMAX F 25
2026-10-02T16:05:13Z,F,24,available,False,BFI IMAX F 24
2026-10-02T16:05:13Z,F,23,available,False,BFI IMAX F 23
2026-10-02T16:05:13Z,F,22,available,False,BFI IMAX F 22
2026-10-02T16:05:13Z,F,21,available,False,BFI IMAX F 21
2026-10-02T16:05:13Z,F,20,available,False,BFI IMAX F 20
2026-10-02T16:05:13Z,F,19,available,False,BFI IMAX F 19
2026-10-02T16:05:13Z,F,18,available,False,BFI IMAX F 18
2026-10-02T16:05:13Z,F,17,available,False,BFI IMAX F 17
2026-10-02T16:05:13Z,F,16,available,False,BFI IMAX F 16
2026-10-02T16:05:13Z,F,15,available,False,BFI IMAX F 15
2026-10-02T16:05:13Z,F,14,available,False,BFI IMAX F 14
2026-10-02T16:05:13Z,F,13,available,False,BFI IMAX F 13
2026-10-02T16:05:13Z,F,12,available,False,BFI IMAX F 12
2026-10-02T16:05:13Z,F,11,available,False,BFI IMAX F 11
2026-10-02T16:05:13Z,F,10,available,False,BFI IMAX F 10
2026-10-02T16:05:13Z,F,9,available,False,BFI IMAX F 9
2026-10-02T16:05:13Z,F,8,available,False,BFI IMAX F 8
2026-10-02T16:05:13Z,F,7,available,False,BFI IMAX F 7
2026-10-02T16:05:13Z,F,6,available,False,BFI IMAX F 6
2026-10-02T16:05:13Z,F,5,available,False,BFI IMAX F 5
2026-10-02T16:05:13Z,F,4,available,False,BFI IMAX F 4
2026-10-02T16:05:13Z,F,3,available,False,BFI IMAX F 3
2026-10-02T16:05:13Z,F,2,available,False,BFI IMAX F 2
2026-10-02T16:05:13Z,F,1,available,False,BFI IMAX F 1
2026-10-02T16:05:13Z,G,37,available,False,BFI IMAX G 37
2026-10-02T16:05:13Z,G,36,available,False,BFI IMAX G 36
2026-10-02T16:05:13Z,G,35,available,False,BFI IMAX G 35
2026-10-02T16:05:13Z,G,34,available,False,BFI IMAX G 34
2026-10-02T16:05:13Z,G,33,available,False,BFI IMAX G 33
2026-10-02T16:05:13Z,G,32,available,False,BFI IMAX G 32
2026-10-02T16:05:13Z,G,31,available,False,BFI IMAX G 31
2026-10-02T16:05:13Z,G,30,available,False,BFI IMAX G 30
2026-10-02T16:05:13Z,G,29,available,False,BFI IMAX G 29
2026-10-02T16:05:13Z,G,28,available,False,BFI IMAX G 28
2026-10-02T16:05:13Z,G,27,available,False,BFI IMAX G 27
2026-10-02T16:05:13Z,G,26,available,False,BFI IMAX G 26
2026-10-02T16:05:13Z,G,25,available,False,BFI IMAX G 25
2026-10-02T16:05:13Z,G,24,available,False,BFI IMAX G 24
2026-10-02T16:05:13Z,G,23,available,False,BFI IMAX G 23
2026-10-02T16:05:13Z,G,22,available,False,BFI IMAX G 22
2026-10-02T16:05:13Z,G,21,available,False,BFI IMAX G 21
2026-10-02T16:05:13Z,G,20,available,False,BFI IMAX G 20
2026-10-02T16:05:13Z,G,19,available,False,BFI IMAX G 19
2026-10-02T16:05:13Z,G,18,available,False,BFI IMAX G 18
2026-10-02T16:05:13Z,G,17,available,False,BFI IMAX G 17
2026-10-02T16:05:13Z,G,16,available,False,BFI IMAX G 16
2026-10-02T16:05:13Z,G,15,available,False,BFI IMAX G 15
2026-10-02T16:05:13Z,G,14,available,False,BFI IMAX G 14
2026-10-02T16:05:13Z,G,13,available,False,BFI IMAX G 13
2026-10-02T16:05:13Z,G,12,available,False,BFI IMAX G 12
2026-10-02T16:05:13Z,G,11,available,False,BFI IMAX G 11
2026-10-02T16:05:13Z,G,10,available,False,BFI IMAX G 10
2026-10-02T16:05:13Z,G,9,available,False,BFI IMAX G 9
2026-10-02T16:05:13Z,G,8,available,False,BFI IMAX G 8
2026-10-02T16:05:13Z,G,7,available,False,BFI IMAX G 7
2026-10-02T16:05:13Z,G,6,available,False,BFI IMAX G 6
2026-10-02T16:05:13Z,G,5,available,False,BFI IMAX G 5
2026-10-02T16:05:13Z,G,4,available,False,BFI IMAX G 4
2026-10-02T16:05:13Z,G,3,available,False,BFI IMAX G 3
2026-10-02T16:05:13Z,G,2,available,False,BFI IMAX G 2
2026-10-02T16:05:13Z,G,1,available,False,BFI IMAX G 1
2026-10-02T16:05:13Z,H,37,available,False,BFI IMAX H 37
2026-10-02T16:05:13Z,H,36,available,False,BFI IMAX H 36
2026-10-02T16:05:13Z,H,35,available,False,BFI IMAX H 35
2026-10-02T16:05:13Z,H,34,available,False,BFI IMAX H 34
2026-10-02T16:05:13Z,H,33,available,False,BFI IMAX H 33
2026-10-02T16:05:13Z,H,32,available,False,BFI IMAX H 32
2026-10-02T16:05:13Z,H,31,available,False,BFI IMAX H 31
2026-10-02T16:05:13Z,H,30,available,False,BFI IMAX H 30
2026-10-02T16:05:13Z,H,29,available,False,BFI IMAX H 29
2026-10-02T16:05:13Z,H,28,available,False,BFI IMAX H 28
2026-10-02T16:05:13Z,H,27,available,False,BFI IMAX H 27
2026-10-02T16:05:13Z,H,26,available,False,BFI IMAX H 26
2026-10-02T16:05:13Z,H,25,available,False,BFI IMAX H 25
2026-10-02T16:05:13Z,H,24,available,False,BFI IMAX H 24
2026-10-02T16:05:13Z,H,23,available,False,BFI IMAX H 23
2026-10-02T16:05:13Z,H,22,available,False,BFI IMAX H 22
2026-10-02T16:05:13Z,H,21,available,False,BFI IMAX H 21
2026-10-02T16:05:13Z,H,20,available,False,BFI IMAX H 20
2026-10-02T16:05:13Z,H,19,available,False,BFI IMAX H 19
2026-10-02T16:05:13Z,H,18,available,False,BFI IMAX H 18
2026-10-02T16:05:13Z,H,17,available,False,BFI IMAX H 17
2026-10-02T16:05:13Z,H,16,available,False,BFI IMAX H 16
2026-10-02T16:05:13Z,H,15,available,False,BFI IMAX H 15
2026-10-02T16:05:13Z,H,14,available,False,BFI IMAX H 14
2026-10-02T16:05:13Z,H,13,available,False,BFI IMAX H 13
2026-10-02T16:05:13Z,H,12,available,False,BFI IMAX H 12
2026-10-02T16:05:13Z,H,11,available,False,BFI IMAX H 11
2026-10-02T16:05:13Z,H,10,available,False,BFI IMAX H 10
2026-10-02T16:05:13Z,H,9,available,False,BFI IMAX H 9
2026-10-02T16:05:13Z,H,8,available,False,BFI IMAX H 8
2026-10-02T16:05:13Z,H,7,available,False,BFI IMAX H 7
2026-10-02T16:05:13Z,H,6,available,False,BFI IMAX H 6
2026-10-02T16:05:13Z,H,5,available,False,BFI IMAX H 5
2026-10-02T16:05:13Z,H,4,available,False,BFI IMAX H 4
2026-10-02T16:05:13Z,H,3,available,False,BFI IMAX H 3
2026-10-02T16:05:13Z,H,2,available,False,BFI IMAX H 2
2026-10-02T16:05:13Z,H,1,available,False,BFI IMAX H 1
2026-10-02T16:05:13Z,J,36,available,False,BFI IMAX J 36
2026-10-02T16:05:13Z,J,35,available,False,BFI IMAX J 35
2026-10-02T16:05:13Z,J,34,available,False,BFI IMAX J 34
2026-10-02T16:05:13Z,J,33,available,False,BFI IMAX J 33
2026-10-02T16:05:13Z,J,32,available,False,BFI IMAX J 32
2026-10-02T16:05:13Z,J,31,available,False,BFI IMAX J 31
2026-10-02T16:05:13Z,J,30,available,False,BFI IMAX J 30
2026-10-02T16:05:13Z,J,29,available,False,BFI IMAX J 29
2026-10-02T16:05:13Z,J,28,available,False,BFI IMAX J 28
2026-10-02T16:05:13Z,J,27,available,False,BFI IMAX J 27
2026-10-02T16:05:13Z,J,26,available,False,BFI IMAX J 26
2026-10-02T16:05:13Z,J,25,available,False,BFI IMAX J 25
2026-10-02T16:05:13Z,J,24,available,False,BFI IMAX J 24
2026-10-02T16:05:13Z,J,23,available,False,BFI IMAX J 23
2026-10-02T16:05:13Z,J,22,available,False,BFI IMAX J 22
2026-10-02T16:05:13Z,J,21,available,False,BFI IMAX J 21
2026-10-02T16:05:13Z,J,20,sold,False,BFI IMAX J 20
2026-10-02T16:05:13Z,J,19,available,False,BFI IMAX J 19
2026-10-02T16:05:13Z,J,18,available,False,BFI IMAX J 18
2026-10-02T16:05:13Z,J,17,other,False,BFI IMAX J 17
2026-10-02T16:05:13Z,J,16,available,False,BFI IMAX J 16
2026-10-02T16:05:13Z,J,15,available,False,BFI IMAX J 15
2026-10-02T16:05:13Z,J,14,available,False,BFI IMAX J 14
2026-10-02T16:05:13Z,J,13,available,False,BFI IMAX J 13
2026-10-02T16:05:13Z,J,12,available,False,BFI IMAX J 12
2026-10-02T16:05:13Z,J,11,available,False,BFI IMAX J 11
2026-10-02T16:05:13Z,J,10,available,False,BFI IMAX J 10
2026-10-02T16:05:13Z,J,9,available,False,BFI IMAX J 9
2026-10-02T16:05:13Z,J,8,available,False,BFI IMAX J 8
2026-10-02T16:05:13Z,J,7,available,False,BFI IMAX J 7
2026-10-02T16:05:13Z,J,6,available,False,BFI IMAX J 6
2026-10-02T16:05:13Z,J,5,available,False,BFI IMAX J 5
2026-10-02T16:05:13Z,J,4,available,False,BFI IMAX J 4
2026-10-02T16:05:13Z,J,3,available,False,BFI IMAX J 3
2026-10-02T16:05:13Z,J,2,available,False,BFI IMAX J 2
2026-10-02T16:05:13Z,J,1,available,False,BFI IMAX J 1
2026-10-02T16:05:13Z,K,36,available,False,BFI IMAX K 36
2026-10-02T16:05:13Z,K,35,available,False,BFI IMAX K 35
2026-10-02T16:05:13Z,K,34,available,False,BFI IMAX K 34
2026-10-02T16:05:13Z,K,33,available,False,BFI IMAX K 33
2026-10-02T16:05:13Z,K,32,available,False,BFI IMAX K 32
2026-10-02T16:05:13Z,K,31,available,False,BFI IMAX K 31
2026-10-02T16:05:13Z,K,30,available,False,BFI IMAX K 30
2026-10-02T16:05:13Z,K,29,available,False,BFI IMAX K 29
2026-10-02T16:05:13Z,K,28,available,False,BFI IMAX K 28
2026-10-02T16:05:13Z,A,13,available,False,BFI IMAX A 13
2026-10-02T16:05:13Z,A,12,available,False,BFI IMAX A 12
2026-10-02T16:05:13Z,K,25,available,False,BFI IMAX K 25
2026-10-02T16:05:13Z,K,24,available,False,BFI IMAX K 24
2026-10-02T16:05:13Z,K,23,available,False,BFI IMAX K 23
2026-10-02T16:05:13Z,K,22,available,False,BFI IMAX K 22
2026-10-02T16:05:13Z,K,21,available,False,BFI IMAX K 21
2026-10-02T16:05:13Z,K,20,available,False,BFI IMAX K 20
2026-10-02T16:05:13Z,K,19,sold,False,BFI IMAX K 19
2026-10-02T16:05:13Z,K,18,available,False,BFI IMAX K 18
2026-10-02T16:05:13Z,K,17,available,False,BFI IMAX K 17
2026-10-02T16:05:13Z,K,16,available,False,BFI IMAX K 16
2026-10-02T16:05:13Z,K,15,available,False,BFI IMAX K 15
2026-10-02T16:05:13Z,K,14,available,False,BFI IMAX K 14
2026-10-02T16:05:13Z,K,13,available,False,BFI IMAX K 13
2026-10-02T16:05:13Z,K,12,available,False,BFI IMAX K 12
2026-10-02T16:05:13Z,K,11,available,False,BFI IMAX K 11
2026-10-02T16:05:13Z,K,10,available,False,BFI IMAX K 10
2026-10-02T16:05:13Z,K,9,available,False,BFI IMAX K 9
2026-10-02T16:05:13Z,K,8,available,False,BFI IMAX K 8
2026-10-02T16:05:13Z,K,7,available,False,BFI IMAX K 7
2026-10-02T16:05:13Z,K,6,available,False,BFI IMAX K 6
2026-10-02T16:05:13Z,K,5,available,False,BFI IMAX K 5
2026-10-02T16:05:13Z,K,4,available,False,BFI IMAX K 4
2026-10-02T16:05:13Z,K,3,available,False,BFI IMAX K 3
2026-10-02T16:05:13Z,K,2,available,False,BFI IMAX K 2
2026-10-02T16:05:13Z,K,1,available,False,BFI IMAX K 1
2026-10-02T16:05:13Z,L,33,available,False,BFI IMAX L 33
2026-10-02T16:05:13Z,L,32,available,False,BFI IMAX L 32
2026-10-02T16:05:13Z,L,31,available,False,BFI IMAX L 31
2026-10-02T16:05:13Z,L,30,available,False,BFI IMAX L 30
2026-10-02T16:05:13Z,L,29,available,False,BFI IMAX L 29
2026-10-02T16:05:13Z,L,28,available,False,BFI IMAX L 28
2026-10-02T16:05:13Z,L,27,available,False,BFI IMAX L 27
2026-10-02T16:05:13Z,L,26,available,False,BFI IMAX L 26
2026-10-02T16:05:13Z,L,8,available,False,BFI IMAX L 8
2026-10-02T16:05:13Z,L,7,available,False,BFI IMAX L 7
2026-10-02T16:05:13Z,L,6,available,False,BFI IMAX L 6
2026-10-02T16:05:13Z,L,5,available,False,BFI IMAX L 5
2026-10-02T16:05:13Z,L,4,available,False,BFI IMAX L 4
2026-10-02T16:05:13Z,L,3,available,False,BFI IMAX L 3
2026-10-02T16:05:13Z,L,2,available,False,BFI IMAX L 2
2026-10-02T16:05:13Z,L,1,available,False,BFI IMAX L 1
2026-10-02T16:05:13Z,M,34,available,False,BFI IMAX M 34
2026-10-02T16:05:13Z,M,33,available,False,BFI IMAX M 33
2026-10-02T16:05:13Z,M,32,available,False,BFI IMAX M 32
2026-10-02T16:05:13Z,M,31,available,False,BFI IMAX M 31
2026-10-02T16:05:13Z,M,30,available,False,BFI IMAX M 30
2026-10-02T16:05:13Z,M,29,available,False,BFI IMAX M 29
2026-10-02T16:05:13Z,M,28,available,False,BFI IMAX M 28
2026-10-02T16:05:13Z,M,27,sold,False,BFI IMAX M 27
2026-10-02T16:05:13Z,M,8,available,False,BFI IMAX M 8
2026-10-02T16:05:13Z,M,7,available,False,BFI IMAX M 7
2026-10-02T16:05:13Z,M,6,available,False,BFI IMAX M 6
2026-10-02T16:05:13Z,M,5,available,False,BFI IMAX M 5
2026-10-02T16:05:13Z,M,4,available,False,BFI IMAX M 4
2026-10-02T16:05:13Z,M,3,available,False,BFI IMAX M 3
2026-10-02T16:05:13Z,M,2,available,False,BFI IMAX M 2
2026-10-02T16:05:13Z,M,1,available,False,BFI IMAX M 1
2026-10-02T16:05:13Z,N,34,unavailable,False,BFI IMAX N 34
2026-10-02T16:05:13Z,N,33,unavailable,False,BFI IMAX N 33
2026-10-02T16:05:13Z,N,32,unavailable,False,BFI IMAX N 32
2026-10-02T16:05:13Z,N,31,unavailable,False,BFI IMAX N 31
2026-10-02T16:05:13Z,N,30,unavailable,False,BFI IMAX N 30
2026-10-02T16:05:13Z,N,29,unavailable,False,BFI IMAX N 29
2026-10-02T16:05:13Z,N,28,unavailable,False,BFI IMAX N 28
2026-10-02T16:05:13Z,N,27,unavailable,False,BFI IMAX N 27
2026-10-02T16:05:13Z,N,8,available,False,BFI IMAX N 8
2026-10-02T16:05:13Z,N,7,available,False,BFI IMAX N 7
2026-10-02T16:05:13Z,N,6,available,False,BFI IMAX N 6
2026-10-02T16:05:13Z,N,5,available,False,BFI IMAX N 5
2026-10-02T16:05:13Z,N,4,available,False,BFI IMAX N 4
2026-10-02T16:05:13Z,N,3,available,False,BFI IMAX N 3
2026-10-02T16:05:13Z,N,2,available,False,BFI IMAX N 2
2026-10-02T16:05:13Z,N,1,available,False,BFI IMAX N 1
2026-10-02T16:05:13Z,A,11,available,False,BFI IMAX A 11
2026-10-02T16:05:13Z,A,10,available,False,BFI IMAX A 10
2026-10-02T16:05:13Z,A,9,available,False,BFI IMAX A 9
2026-10-02T16:05:13Z,A,8,available,False,BFI IMAX A 8
2026-10-02T16:05:13Z,M,15,available,False,BFI IMAX M 15
2026-10-02T16:05:13Z,M,14,available,False,BFI IMAX M 14
2026-10-02T16:05:13Z,M,13,available,False,BFI IMAX M 13
2026-10-02T16:05:13Z,M,12,available,False,BFI IMAX M 12
2026-10-02T16:05:13Z,M,11,available,False,BFI IMAX M 11
2026-10-02T16:05:13Z,M,10,available,False,BFI IMAX M 10
2026-10-02T16:05:13Z,M,9,available,False,BFI IMAX M 9
2026-10-02T16:05:13Z,L,9,available,False,BFI IMAX L 9
2026-10-02T16:05:13Z,L,25,available,False,BFI IMAX L 25
2026-10-02T16:05:13Z,L,24,available,False,BFI IMAX L 24
2026-10-02T16:05:13Z,L,23,available,False,BFI IMAX L 23
2026-10-02T16:05:13Z,L,22,available,False,BFI IMAX L 22
2026-10-02T16:05:13Z,L,21,available,False,BFI IMAX L 21
2026-10-02T16:05:13Z,L,20,available,False,BFI IMAX L 20
2026-10-02T16:05:13Z,L,19,available,False,BFI IMAX L 19
2026-10-02T16:05:13Z,L,18,sold,False,BFI IMAX L 18
2026-10-02T16:05:13Z,L,17,sold,False,BFI IMAX L 17
2026-10-02T16:05:13Z,L,16,available,False,BFI IMAX L 16
2026-10-02T16:05:13Z,L,15,available,False,BFI IMAX L 15
2026-10-02T16:05:13Z,L,14,available,False,BFI IMAX L 14
2026-10-02T16:05:13Z,L,13,available,False,BFI IMAX L 13
2026-10-02T16:05:13Z,L,12,available,False,BFI IMAX L 12
2026-10-02T16:05:13Z,L,11,available,False,BFI IMAX L 11
2026-10-02T16:05:13Z,N,26,unavailable,False,BFI IMAX N 26
2026-10-02T16:05:13Z,N,25,unavailable,False,BFI IMAX N 25
2026-10-02T16:05:13Z,N,24,unavailable,False,BFI IMAX N 24
2026-10-02T16:05:13Z,N,23,unavailable,False,BFI IMAX N 23
2026-10-02T16:05:13Z,N,22,available,False,BFI IMAX N 22
2026-10-02T16:05:13Z,N,21,available,False,BFI IMAX N 21
2026-10-02T16:05:13Z,N,20,available,False,BFI IMAX N 20
2026-10-02T16:05:13Z,N,19,available,False,BFI IMAX N 19
2026-10-02T16:05:13Z,N,18,available,False,BFI IMAX N 18
2026-10-02T16:05:13Z,N,17,available,False,BFI IMAX N 17
2026-10-02T16:05:13Z,N,16,available,False,BFI IMAX N 16
2026-10-02T16:05:13Z,N,15,available,False,BFI IMAX N 15
2026-10-02T16:05:13Z,N,14,available,False,BFI IMAX N 14
2026-10-02T16:05:13Z,N,13,available,False,BFI IMAX N 13
2026-10-02T16:05:13Z,N,12,unavailable,False,BFI IMAX N 12
2026-10-02T16:05:13Z,N,11,unavailable,False,BFI IMAX N 11
2026-10-02T16:05:13Z,N,10,unavailable,False,BFI IMAX N 10
2026-10-02T16:05:13Z,N,9,unavailable,False,BFI IMAX N 9
2026-10-02T16:05:13Z,L,10,available,False,BFI IMAX L 10
2026-10-02T16:05:13Z,M,26,available,False,BFI IMAX M 26
2026-10-02T16:05:13Z,M,25,available,False,BFI IMAX M 25
2026-10-02T16:05:13Z,M,24,available,False,BFI IMAX M 24
2026-10-02T16:05:13Z,M,23,available,False,BFI IMAX M 23
2026-10-02T16:05:13Z,M,22,available,False,BFI IMAX M 22
2026-10-02T16:05:13Z,M,21,available,False,BFI IMAX M 21
2026-10-02T16:05:13Z,M,20,available,False,BFI IMAX M 20
2026-10-02T16:05:13Z,M,19,sold,False,BFI IMAX M 19
2026-10-02T16:05:13Z,M,18,sold,False,BFI IMAX M 18
2026-10-02T16:05:13Z,M,17,sold,False,BFI IMAX M 17
2026-10-02T16:05:13Z,M,16,available,False,BFI IMAX M 16
2026-10-02T16:05:13Z,P,27,available,True,BFI IMAX P 27
2026-10-02T16:05:13Z,P,26,unavailable,False,BFI IMAX P 26
2026-10-02T16:05:13Z,P,6,unavailable,False,BFI IMAX P 6
2026-10-02T16:05:13Z,P,5,available,True,BFI IMAX P 5
2026-10-02T16:05:13Z,P,31,unavailable,False,BFI IMAX P 31
2026-10-02T16:05:13Z,P,30,available,True,BFI IMAX P 30
2026-10-02T16:05:13Z,P,2,available,True,BFI IMAX P 2
2026-10-02T16:05:13Z,P,1,unavailable,False,BFI IMAX P 1
2026-10-02T16:05:13Z,P,21,available,False,BFI IMAX P 21
2026-10-02T16:05:13Z,P,20,available,False,BFI IMAX P 20
2026-10-02T16:05:13Z,P,19,available,False,BFI IMAX P 19
2026-10-02T16:05:13Z,P,18,available,False,BFI IMAX P 18
2026-10-02T16:05:13Z,P,17,available,False,BFI IMAX P 17
2026-10-02T16:05:13Z,P,16,available,False,BFI IMAX P 16
2026-10-02T16:05:13Z,P,15,available,False,BFI IMAX P 15
2026-10-02T16:05:13Z,P,14,available,False,BFI IMAX P 14
2026-10-02T16:05:13Z,P,13,available,False,BFI IMAX P 13
2026-10-02T16:05:13Z,P,12,available,False,BFI IMAX P 12
2026-10-02T16:05:13Z,P,11,available,False,BFI IMAX P 11
2026-10-02T16:05:13Z,P,9,available,False,BFI IMAX P 9
2026-10-02T16:05:13Z,P,8,available,False,BFI IMAX P 8
2026-10-02T16:05:13Z,P,7,available,False,BFI IMAX P 7
2026-10-02T16:05:13Z,P,10,available,False,BFI IMAX P 10
2026-10-02T16:05:13Z,P,25,available,False,BFI IMAX P 25
2026-10-02T16:05:13Z,P,24,available,False,BFI IMAX P 24
2026-10-02T16:05:13Z,P,23,available,False,BFI IMAX P 23
2026-10-02T16:05:13Z,P,22,available,False,BFI IMAX P 22
2026-10-02T16:05:13Z,Q,18,sold,False,BFI IMAX Q 18
2026-10-02T16:05:13Z,Q,17,available,False,BFI IMAX Q 17
2026-10-02T16:05:13Z,Q,16,available,False,BFI IMAX Q 16
2026-10-02T16:05:13Z,Q,15,available,False,BFI IMAX Q 15
2026-10-02T16:05:13Z,Q,14,available,False,BFI IMAX Q 14
2026-10-02T16:05:13Z,Q,13,available,False,BFI IMAX Q 13
2026-10-02T16:05:13Z,Q,12,available,False,BFI IMAX Q 12
2026-10-02T16:05:13Z,Q,11,available,False,BFI IMAX Q 11
2026-10-02T16:05:13Z,Q,10,available,False,BFI IMAX Q 10
2026-10-02T16:05:13Z,Q,9,sold,False,BFI IMAX Q 9
2026-10-02T16:05:13Z,Q,8,sold,False,BFI IMAX Q 8
2026-10-02T16:05:13Z,Q,7,sold,False,BFI IMAX Q 7
2026-10-02T16:05:13Z,Q,6,available,False,BFI IMAX Q 6
2026-10-02T16:05:13Z,Q,5,available,False,BFI IMAX Q 5
2026-10-02T16:05:13Z,Q,4,available,False,BFI IMAX Q 4
2026-10-02T16:05:13Z,Q,3,available,False,BFI IMAX Q 3
2026-10-02T16:05:13Z,Q,2,available,False,BFI IMAX Q 2
2026-10-02T16:05:13Z,Q,1,available,False,BFI IMAX Q 1
2026-10-02T20:22:53Z,K,27,unavailable,False,BFI IMAX K 27
2026-10-02T20:22:53Z,K,26,unavailable,False,BFI IMAX K 26
2026-10-02T20:22:53Z,P,29,available,True,BFI IMAX P 29
2026-10-02T20:22:53Z,P,28,available,True,BFI IMAX P 28
2026-10-02T20:22:53Z,P,4,available,True,BFI IMAX P 4
2026-10-02T20:22:53Z,P,3,available,True,BFI IMAX P 3
2026-10-02T20:22:53Z,A,7,available,False,BFI IMAX A 7
2026-10-02T20:22:53Z,A,6,available,False,BFI IMAX A 6
2026-10-02T20:22:53Z,A,5,available,False,BFI IMAX A 5
2026-10-02T20:22:53Z,A,4,available,False,BFI IMAX A 4
2026-10-02T20:22:53Z,A,3,available,False,BFI IMAX A 3
2026-10-02T20:22:53Z,A,2,available,False,BFI IMAX A 2
2026-10-02T20:22:53Z,A,1,available,False,BFI IMAX A 1
2026-10-02T20:22:53Z,B,36,available,False,BFI IMAX B 36
2026-10-02T20:22:53Z,B,35,available,False,BFI IMAX B 35
2026-10-02T20:22:53Z,B,34,available,False,BFI IMAX B 34
2026-10-02T20:22:53Z,B,33,available,False,BFI IMAX B 33
2026-10-02T20:22:53Z,B,32,available,False,BFI IMAX B 32
2026-10-02T20:22:53Z,B,31,available,False,BFI IMAX B 31
2026-10-02T20:22:53Z,B,30,available,False,BFI IMAX B 30
2026-10-02T20:22:53Z,B,29,available,False,BFI IMAX B 29
2026-10-02T20:22:53Z,B,28,available,False,BFI IMAX B 28
2026-10-02T20:22:53Z,B,27,available,False,BFI IMAX B 27
2026-10-02T20:22:53Z,B,26,available,False,BFI IMAX B 26
2026-10-02T20:22:53Z,B,25,available,False,BFI IMAX B 25
2026-10-02T20:22:53Z,B,24,available,False,BFI IMAX B 24
2026-10-02T20:22:53Z,B,23,available,False,BFI IMAX B 23
2026-10-02T20:22:53Z,B,22,available,False,BFI IMAX B 22
2026-10-02T20:22:53Z,B,21,available,False,BFI IMAX B 21
2026-10-02T20:22:53Z,B,20,available,False,BFI IMAX B 20
2026-10-02T20:22:53Z,B,19,available,False,BFI IMAX B 19
2026-10-02T20:22:53Z,B,18,available,False,BFI IMAX B 18
2026-10-02T20:22:53Z,B,17,available,False,BFI IMAX B 17
2026-10-02T20:22:53Z,B,16,available,False,BFI IMAX B 16
2026-10-02T20:22:53Z,B,15,available,False,BFI IMAX B 15
2026-10-02T20:22:53Z,B,14,available,False,BFI IMAX B 14
2026-10-02T20:22:53Z,B,13,available,False,BFI IMAX B 13
2026-10-02T20:22:53Z,B,12,available,False,BFI IMAX B 12
2026-10-02T20:22:53Z,B,11,available,False,BFI IMAX B 11
2026-10-02T20:22:53Z,B,10,available,False,BFI IMAX B 10
2026-10-02T20:22:53Z,B,9,available,False,BFI IMAX B 9
2026-10-02T20:22:53Z,B,8,available,False,BFI IMAX B 8
2026-10-02T20:22:53Z,B,7,available,False,BFI IMAX B 7
2026-10-02T20:22:53Z,B,6,available,False,BFI IMAX B 6
2026-10-02T20:22:53Z,B,5,available,False,BFI IMAX B 5
2026-10-02T20:22:53Z,B,4,available,False,BFI IMAX B 4
2026-10-02T20:22:53Z,B,3,available,False,BFI IMAX B 3
2026-10-02T20:22:53Z,B,2,available,False,BFI IMAX B 2
2026-10-02T20:22:53Z,B,1,available,False,BFI IMAX B 1
2026-10-02T20:22:53Z,C,36,available,False,BFI IMAX C 36
2026-10-02T20:22:53Z,C,35,available,False,BFI IMAX C 35
2026-10-02T20:22:53Z,C,34,available,False,BFI IMAX C 34
2026-10-02T20:22:53Z,C,33,available,False,BFI IMAX C 33
2026-10-02T20:22:53Z,C,32,available,False,BFI IMAX C 32
2026-10-02T20:22:53Z,C,31,available,False,BFI IMAX C 31
2026-10-02T20:22:53Z,C,30,available,False,BFI IMAX C 30
2026-10-02T20:22:53Z,C,29,available,False,BFI IMAX C 29
2026-10-02T20:22:53Z,C,28,available,False,BFI IMAX C 28
2026-10-02T20:22:53Z,C,27,available,False,BFI IMAX C 27
2026-10-02T20:22:53Z,C,26,available,False,BFI IMAX C 26
2026-10-02T20:22:53Z,C,25,sold,False,BFI IMAX C 25
2026-10-02T20:22:53Z,C,24,available,False,BFI IMAX C 24
2026-10-02T20:22:53Z,C,23,available,False,BFI IMAX C 23
2026-10-02T20:22:53Z,C,22,available,False,BFI IMAX C 22
2026-10-02T20:22:53Z,C,21,available,False,BFI IMAX C 21
2026-10-02T20:22:53Z,C,20,available,False,BFI IMAX C 20
2026-10-02T20:22:53Z,C,19,available,False,BFI IMAX C 19
2026-10-02T20:22:53Z,C,18,available,False,BFI IMAX C 18
2026-10-02T20:22:53Z,C,17,available,False,BFI IMAX C 17
2026-10-02T20:22:53Z,C,16,available,False,BFI IMAX C 16
2026-10-02T20:22:53Z,C,15,available,False,BFI IMAX C 15
2026-10-02T20:22:53Z,C,14,available,False,BFI IMAX C 14
2026-10-02T20:22:53Z,C,13,available,False,BFI IMAX C 13
2026-10-02T20:22:53Z,C,12,available,False,BFI IMAX C 12
2026-10-02T20:22:53Z,C,11,available,False,BFI IMAX C 11
2026-10-02T20:22:53Z,C,10,available,False,BFI IMAX C 10
2026-10-02T20:22:53Z,C,9,available,False,BFI IMAX C 9
2026-10-02T20:22:53Z,C,8,available,False,BFI IMAX C 8
2026-10-02T20:22:53Z,C,7,available,False,BFI IMAX C 7
2026-10-02T20:22:53Z,C,6,available,False,BFI IMAX C 6
2026-10-02T20:22:53Z,C,5,available,False,BFI IMAX C 5
2026-10-02T20:22:53Z,C,4,available,False,BFI IMAX C 4
2026-10-02T20:22:53Z,C,3,available,False,BFI IMAX C 3
2026-10-02T20:22:53Z,C,2,available,False,BFI IMAX C 2
2026-10-02T20:22:53Z,C,1,available,False,BFI IMAX C 1
2026-10-02T20:22:53Z,D,37,available,False,BFI IMAX D 37
2026-10-02T20:22:53Z,D,36,available,False,BFI IMAX D 36
2026-10-02T20:22:53Z,D,35,available,False,BFI IMAX D 35
2026-10-02T20:22:53Z,D,34,available,False,BFI IMAX D 34
2026-10-02T20:22:53Z,D,33,available,False,BFI IMAX D 33
2026-10-02T20:22:53Z,D,32,available,False,BFI IMAX D 32
2026-10-02T20:22:53Z,D,31,available,False,BFI IMAX D 31
2026-10-02T20:22:53Z,D,30,available,False,BFI IMAX D 30
2026-10-02T20:22:53Z,D,29,available,False,BFI IMAX D 29
2026-10-02T20:22:53Z,D,28,available,False,BFI IMAX D 28
2026-10-02T20:22:53Z,D,27,available,False,BFI IMAX D 27
2026-10-02T20:22:53Z,D,26,available,False,BFI IMAX D 26
2026-10-02T20:22:53Z,D,25,available,False,BFI IMAX D 25
2026-10-02T20:22:53Z,D,24,available,False,BFI IMAX D 24
2026-10-02T20:22:53Z,D,23,available,False,BFI IMAX D 23
2026-10-02T20:22:53Z,D,22,available,False,BFI IMAX D 22
2026-10-02T20:22:53Z,D,21,available,False,BFI IMAX D 21
2026-10-02T20:22:53Z,D,20,available,False,BFI IMAX D 20
2026-10-02T20:22:53Z,D,19,available,False,BFI IMAX D 19
2026-10-02T20:22:53Z,D,18,available,False,BFI IMAX D 18
2026-10-02T20:22:53Z,D,17,available,False,BFI IMAX D 17
2026-10-02T20:22:53Z,D,16,available,False,BFI IMAX D 16
2026-10-02T20:22:53Z,D,15,available,False,BFI IMAX D 15
2026-10-02T20:22:53Z,D,14,available,False,BFI IMAX D 14
2026-10-02T20:22:53Z,D,13,available,False,BFI IMAX D 13
2026-10-02T20:22:53Z,D,12,available,False,BFI IMAX D 12
2026-10-02T20:22:53Z,D,11,available,False,BFI IMAX D 11
2026-10-02T20:22:53Z,D,10,available,False,BFI IMAX D 10
2026-10-02T20:22:53Z,D,9,available,False,BFI IMAX D 9
2026-10-02T20:22:53Z,D,8,available,False,BFI IMAX D 8
2026-10-02T20:22:53Z,D,7,available,False,BFI IMAX D 7
2026-10-02T20:22:53Z,D,6,available,False,BFI IMAX D 6
2026-10-02T20:22:53Z,D,5,available,False,BFI IMAX D 5
2026-10-02T20:22:53Z,D,4,available,False,BFI IMAX D 4
2026-10-02T20:22:53Z,D,3,available,False,BFI IMAX D 3
2026-10-02T20:22:53Z,D,2,available,False,BFI IMAX D 2
2026-10-02T20:22:53Z,D,1,available,False,BFI IMAX D 1
2026-10-02T20:22:53Z,E,37,available,False,BFI IMAX E 37
2026-10-02T20:22:53Z,E,36,available,False,BFI IMAX E 36
2026-10-02T20:22:53Z,E,35,available,False,BFI IMAX E 35
2026-10-02T20:22:53Z,E,34,available,False,BFI IMAX E 34
2026-10-02T20:22:53Z,E,33,available,False,BFI IMAX E 33
2026-10-02T20:22:53Z,E,32,available,False,BFI IMAX E 32
2026-10-02T20:22:53Z,E,31,available,False,BFI IMAX E 31
2026-10-02T20:22:53Z,E,30,available,False,BFI IMAX E 30
2026-10-02T20:22:53Z,E,29,available,False,BFI IMAX E 29
2026-10-02T20:22:53Z,E,28,available,False,BFI IMAX E 28
2026-10-02T20:22:53Z,E,27,available,False,BFI IMAX E 27
2026-10-02T20:22:53Z,E,26,available,False,BFI IMAX E 26
2026-10-02T20:22:53Z,E,25,available,False,BFI IMAX E 25
2026-10-02T20:22:53Z,E,24,available,False,BFI IMAX E 24
2026-10-02T20:22:53Z,E,23,available,False,BFI IMAX E 23
2026-10-02T20:22:53Z,E,22,available,False,BFI IMAX E 22
2026-10-02T20:22:53Z,E,21,available,False,BFI IMAX E 21
2026-10-02T20:22:53Z,E,20,available,False,BFI IMAX E 20
2026-10-02T20:22:53Z,E,19,available,False,BFI IMAX E 19
2026-10-02T20:22:53Z,E,18,available,False,BFI IMAX E 18
2026-10-02T20:22:53Z,E,17,available,False,BFI IMAX E 17
2026-10-02T20:22:53Z,E,16,available,False,BFI IMAX E 16
2026-10-02T20:22:53Z,E,15,available,False,BFI IMAX E 15
2026-10-02T20:22:53Z,E,14,available,False,BFI IMAX E 14
2026-10-02T20:22:53Z,E,13,available,False,BFI IMAX E 13
2026-10-02T20:22:53Z,E,12,available,False,BFI IMAX E 12
2026-10-02T20:22:53Z,E,11,available,False,BFI IMAX E 11
2026-10-02T20:22:53Z,E,10,available,False,BFI IMAX E 10
2026-10-02T20:22:53Z,E,9,available,False,BFI IMAX E 9
2026-10-02T20:22:53Z,E,8,available,False,BFI IMAX E 8
2026-10-02T20:22:53Z,E,7,available,False,BFI IMAX E 7
2026-10-02T20:22:53Z,E,6,available,False,BFI IMAX E 6
2026-10-02T20:22:53Z,E,5,available,False,BFI IMAX E 5
2026-10-02T20:22:53Z,E,4,available,False,BFI IMAX E 4
2026-10-02T20:22:53Z,E,3,available,False,BFI IMAX E 3
2026-10-02T20:22:53Z,E,2,available,False,BFI IMAX E 2
2026-10-02T20:22:53Z,E,1,available,False,BFI IMAX E 1
2026-10-02T20:22:53Z,F,38,available,False,BFI IMAX F 38
2026-10-02T20:22:53Z,F,37,available,False,BFI IMAX F 37
2026-10-02T20:22:53Z,F,36,available,False,BFI IMAX F 36
2026-10-02T20:22:53Z,F,35,available,False,BFI IMAX F 35
2026-10-02T20:22:53Z,F,34,available,False,BFI IMAX F 34
2026-10-02T20:22:53Z,F,33,available,False,BFI IMAX F 33
2026-10-02T20:22:53Z,F,32,available,False,BFI IMAX F 32
2026-10-02T20:22:53Z,F,31,available,False,BFI IMAX F 31
2026-10-02T20:22:53Z,F,30,available,False,BFI IMAX F 30
2026-10-02T20:22:53Z,F,29,available,False,BFI IMAX F 29
2026-10-02T20:22:53Z,F,28,available,False,BFI IMAX F 28
2026-10-02T20:22:53Z,F,27,available,False,BFI IMAX F 27
2026-10-02T20:22:53Z,F,26,available,False,BFI IMAX F 26
2026-10-02T20:22:53Z,F,25,available,False,BFI IMAX F 25
2026-10-02T20:22:53Z,F,24,available,False,BFI IMAX F 24
2026-10-02T20:22:53Z,F,23,available,False,BFI IMAX F 23
2026-10-02T20:22:53Z,F,22,available,False,BFI IMAX F 22
2026-10-02T20:22:53Z,F,21,available,False,BFI IMAX F 21
2026-10-02T20:22:53Z,F,20,available,False,BFI IMAX F 20
2026-10-02T20:22:53Z,F,19,available,False,BFI IMAX F 19
2026-10-02T20:22:53Z,F,18,available,False,BFI IMAX F 18
2026-10-02T20:22:53Z,F,17,available,False,BFI IMAX F 17
2026-10-02T20:22:53Z,F,16,available,False,BFI IMAX F 16
2026-10-02T20:22:53Z,F,15,available,False,BFI IMAX F 15
2026-10-02T20:22:53Z,F,14,available,False,BFI IMAX F 14
2026-10-02T20:22:53Z,F,13,available,False,BFI IMAX F 13
2026-10-02T20:22:53Z,F,12,available,False,BFI IMAX F 12
2026-10-02T20:22:53Z,F,11,available,False,BFI IMAX F 11
2026-10-02T20:22:53Z,F,10,available,False,BFI IMAX F 10
2026-10-02T20:22:53Z,F,9,available,False,BFI IMAX F 9
2026-10-02T20:22:53Z,F,8,available,False,BFI IMAX F 8
2026-10-02T20:22:53Z,F,7,available,False,BFI IMAX F 7
2026-10-02T20:22:53Z,F,6,available,False,BFI IMAX F 6
2026-10-02T20:22:53Z,F,5,available,False,BFI IMAX F 5
2026-10-02T20:22:53Z,F,4,available,False,BFI IMAX F 4
2026-10-02T20:22:53Z,F,3,available,False,BFI IMAX F 3
2026-10-02T20:22:53Z,F,2,available,False,BFI IMAX F 2
2026-10-02T20:22:53Z,F,1,available,False,BFI IMAX F 1
2026-10-02T20:22:53Z,G,37,available,False,BFI IMAX G 37
2026-10-02T20:22:53Z,G,36,available,False,BFI IMAX G 36
2026-10-02T20:22:53Z,G,35,available,False,BFI IMAX G 35
2026-10-02T20:22:53Z,G,34,available,False,BFI IMAX G 34
2026-10-02T20:22:53Z,G,33,available,False,BFI IMAX G 33
2026-10-02T20:22:53Z,G,32,available,False,BFI IMAX G 32
2026-10-02T20:22:53Z,G,31,available,False,BFI IMAX G 31
2026-10-02T20:22:53Z,G,30,available,False,BFI IMAX G 30
2026-10-02T20:22:53Z,G,29,available,False,BFI IMAX G 29
2026-10-02T20:22:53Z,G,28,available,False,BFI IMAX G 28
2026-10-02T20:22:53Z,G,27,available,False,BFI IMAX G 27
2026-10-02T20:22:53Z,G,26,available,False,BFI IMAX G 26
2026-10-02T20:22:53Z,G,25,available,False,BFI IMAX G 25
2026-10-02T20:22:53Z,G,24,available,False,BFI IMAX G 24
2026-10-02T20:22:53Z,G,23,available,False,BFI IMAX G 23
2026-10-02T20:22:53Z,G,22,available,False,BFI IMAX G 22
2026-10-02T20:22:53Z,G,21,available,False,BFI IMAX G 21
2026-10-02T20:22:53Z,G,20,available,False,BFI IMAX G 20
2026-10-02T20:22:53Z,G,19,available,False,BFI IMAX G 19
2026-10-02T20:22:53Z,G,18,available,False,BFI IMAX G 18
2026-10-02T20:22:53Z,G,17,available,False,BFI IMAX G 17
2026-10-02T20:22:53Z,G,16,available,False,BFI IMAX G 16
2026-10-02T20:22:53Z,G,15,available,False,BFI IMAX G 15
2026-10-02T20:22:53Z,G,14,available,False,BFI IMAX G 14
2026-10-02T20:22:53Z,G,13,available,False,BFI IMAX G 13
2026-10-02T20:22:53Z,G,12,available,False,BFI IMAX G 12
2026-10-02T20:22:53Z,G,11,available,False,BFI IMAX G 11
2026-10-02T20:22:53Z,G,10,available,False,BFI IMAX G 10
2026-10-02T20:22:53Z,G,9,available,False,BFI IMAX G 9
2026-10-02T20:22:53Z,G,8,available,False,BFI IMAX G 8
2026-10-02T20:22:53Z,G,7,available,False,BFI IMAX G 7
2026-10-02T20:22:53Z,G,6,available,False,BFI IMAX G 6
2026-10-02T20:22:53Z,G,5,available,False,BFI IMAX G 5
2026-10-02T20:22:53Z,G,4,available,False,BFI IMAX G 4
2026-10-02T20:22:53Z,G,3,available,False,BFI IMAX G 3
2026-10-02T20:22:53Z,G,2,available,False,BFI IMAX G 2
2026-10-02T20:22:53Z,G,1,available,False,BFI IMAX G 1
2026-10-02T20:22:53Z,H,37,available,False,BFI IMAX H 37
2026-10-02T20:22:53Z,H,36,available,False,BFI IMAX H 36
2026-10-02T20:22:53Z,H,35,available,False,BFI IMAX H 35
2026-10-02T20:22:53Z,H,34,available,False,BFI IMAX H 34
2026-10-02T20:22:53Z,H,33,available,False,BFI IMAX H 33
2026-10-02T20:22:53Z,H,32,available,False,BFI IMAX H 32
2026-10-02T20:22:53Z,H,31,available,False,BFI IMAX H 31
2026-10-02T20:22:53Z,H,30,available,False,BFI IMAX H 30
2026-10-02T20:22:53Z,H,29,available,False,BFI IMAX H 29
2026-10-02T20:22:53Z,H,28,available,False,BFI IMAX H 28
2026-10-02T20:22:53Z,H,27,available,False,BFI IMAX H 27
2026-10-02T20:22:53Z,H,26,available,False,BFI IMAX H 26
2026-10-02T20:22:53Z,H,25,available,False,BFI IMAX H 25
2026-10-02T20:22:53Z,H,24,available,False,BFI IMAX H 24
2026-10-02T20:22:53Z,H,23,available,False,BFI IMAX H 23
2026-10-02T20:22:53Z,H,22,available,False,BFI IMAX H 22
2026-10-02T20:22:53Z,H,21,available,False,BFI IMAX H 21
2026-10-02T20:22:53Z,H,20,available,False,BFI IMAX H 20
2026-10-02T20:22:53Z,H,19,available,False,BFI IMAX H 19
2026-10-02T20:22:53Z,H,18,available,False,BFI IMAX H 18
2026-10-02T20:22:53Z,H,17,available,False,BFI IMAX H 17
2026-10-02T20:22:53Z,H,16,available,False,BFI IMAX H 16
2026-10-02T20:22:53Z,H,15,available,False,BFI IMAX H 15
2026-10-02T20:22:53Z,H,14,available,False,BFI IMAX H 14
2026-10-02T20:22:53Z,H,13,available,False,BFI IMAX H 13
2026-10-02T20:22:53Z,H,12,available,False,BFI IMAX H 12
2026-10-02T20:22:53Z,H,11,available,False,BFI IMAX H 11
2026-10-02T20:22:53Z,H,10,available,False,BFI IMAX H 10
2026-10-02T20:22:53Z,H,9,available,False,BFI IMAX H 9
2026-10-02T20:22:53Z,H,8,available,False,BFI IMAX H 8
2026-10-02T20:22:53Z,H,7,available,False,BFI IMAX H 7
2026-10-02T20:22:53Z,H,6,available,False,BFI IMAX H 6
2026-10-02T20:22:53Z,H,5,available,False,BFI IMAX H 5
2026-10-02T20:22:53Z,H,4,available,False,BFI IMAX H 4
2026-10-02T20:22:53Z,H,3,available,False,BFI IMAX H 3
2026-10-02T20:22:53Z,H,2,available,False,BFI IMAX H 2
2026-10-02T20:22:53Z,H,1,available,False,BFI IMAX H 1
2026-10-02T20:22:53Z,J,36,available,False,BFI IMAX J 36
2026-10-02T20:22:53Z,J,35,available,False,BFI IMAX J 35
2026-10-02T20:22:53Z,J,34,available,False,BFI IMAX J 34
2026-10-02T20:22:53Z,J,33,available,False,BFI IMAX J 33
2026-10-02T20:22:53Z,J,32,available,False,BFI IMAX J 32
2026-10-02T20:22:53Z,J,31,available,False,BFI IMAX J 31
2026-10-02T20:22:53Z,J,30,available,False,BFI IMAX J 30
2026-10-02T20:22:53Z,J,29,available,False,BFI IMAX J 29
2026-10-02T20:22:53Z,J,28,available,False,BFI IMAX J 28
2026-10-02T20:22:53Z,J,27,available,False,BFI IMAX J 27
2026-10-02T20:22:53Z,J,26,available,False,BFI IMAX J 26
2026-10-02T20:22:53Z,J,25,available,False,BFI IMAX J 25
2026-10-02T20:22:53Z,J,24,available,False,BFI IMAX J 24
2026-10-02T20:22:53Z,J,23,available,False,BFI IMAX J 23
2026-10-02T20:22:53Z,J,22,available,False,BFI IMAX J 22
2026-10-02T20:22:53Z,J,21,available,False,BFI IMAX J 21
2026-10-02T20:22:53Z,J,20,sold,False,BFI IMAX J 20
2026-10-02T20:22:53Z,J,19,available,False,BFI IMAX J 19
2026-10-02T20:22:53Z,J,18,available,False,BFI IMAX J 18
2026-10-02T20:22:53Z,J,17,available,False,BFI IMAX J 17
2026-10-02T20:22:53Z,J,16,available,False,BFI IMAX J 16
2026-10-02T20:22:53Z,J,15,available,False,BFI IMAX J 15
2026-10-02T20:22:53Z,J,14,available,False,BFI IMAX J 14
2026-10-02T20:22:53Z,J,13,available,False,BFI IMAX J 13
2026-10-02T20:22:53Z,J,12,available,False,BFI IMAX J 12
2026-10-02T20:22:53Z,J,11,available,False,BFI IMAX J 11
2026-10-02T20:22:53Z,J,10,available,False,BFI IMAX J 10
2026-10-02T20:22:53Z,J,9,available,False,BFI IMAX J 9
2026-10-02T20:22:53Z,J,8,available,False,BFI IMAX J 8
2026-10-02T20:22:53Z,J,7,available,False,BFI IMAX J 7
2026-10-02T20:22:53Z,J,6,available,False,BFI IMAX J 6
2026-10-02T20:22:53Z,J,5,available,False,BFI IMAX J 5
2026-10-02T20:22:53Z,J,4,available,False,BFI IMAX J 4
2026-10-02T20:22:53Z,J,3,available,False,BFI IMAX J 3
2026-10-02T20:22:53Z,J,2,available,False,BFI IMAX J 2
2026-10-02T20:22:53Z,J,1,available,False,BFI IMAX J 1
2026-10-02T20:22:53Z,K,36,available,False,BFI IMAX K 36
2026-10-02T20:22:53Z,K,35,available,False,BFI IMAX K 35
2026-10-02T20:22:53Z,K,34,available,False,BFI IMAX K 34
2026-10-02T20:22:53Z,K,33,available,False,BFI IMAX K 33
2026-10-02T20:22:53Z,K,32,available,False,BFI IMAX K 32
2026-10-02T20:22:53Z,K,31,available,False,BFI IMAX K 31
2026-10-02T20:22:53Z,K,30,available,False,BFI IMAX K 30
2026-10-02T20:22:53Z,K,29,available,False,BFI IMAX K 29
2026-10-02T20:22:53Z,K,28,available,False,BFI IMAX K 28
2026-10-02T20:22:53Z,A,13,available,False,BFI IMAX A 13
2026-10-02T20:22:53Z,A,12,available,False,BFI IMAX A 12
2026-10-02T20:22:53Z,K,25,available,False,BFI IMAX K 25
2026-10-02T20:22:53Z,K,24,available,False,BFI IMAX K 24
2026-10-02T20:22:53Z,K,23,available,False,BFI IMAX K 23
2026-10-02T20:22:53Z,K,22,available,False,BFI IMAX K 22
2026-10-02T20:22:53Z,K,21,available,False,BFI IMAX K 21
2026-10-02T20:22:53Z,K,20,available,False,BFI IMAX K 20
2026-10-02T20:22:53Z,K,19,sold,False,BFI IMAX K 19
2026-10-02T20:22:53Z,K,18,available,False,BFI IMAX K 18
2026-10-02T20:22:53Z,K,17,available,False,BFI IMAX K 17
2026-10-02T20:22:53Z,K,16,available,False,BFI IMAX K 16
2026-10-02T20:22:53Z,K,15,available,False,BFI IMAX K 15
2026-10-02T20:22:53Z,K,14,available,False,BFI IMAX K 14
2026-10-02T20:22:53Z,K,13,available,False,BFI IMAX K 13
2026-10-02T20:22:53Z,K,12,available,False,BFI IMAX K 12
2026-10-02T20:22:53Z,K,11,available,False,BFI IMAX K 11
2026-10-02T20:22:53Z,K,10,available,False,BFI IMAX K 10
2026-10-02T20:22:53Z,K,9,available,False,BFI IMAX K 9
2026-10-02T20:22:53Z,K,8,available,False,BFI IMAX K 8
2026-10-02T20:22:53Z,K,7,available,False,BFI IMAX K 7
2026-10-02T20:22:53Z,K,6,available,False,BFI IMAX K 6
2026-10-02T20:22:53Z,K,5,available,False,BFI IMAX K 5
2026-10-02T20:22:53Z,K,4,available,False,BFI IMAX K 4
2026-10-02T20:22:53Z,K,3,available,False,BFI IMAX K 3
2026-10-02T20:22:53Z,K,2,available,False,BFI IMAX K 2
2026-10-02T20:22:53Z,K,1,available,False,BFI IMAX K 1
2026-10-02T20:22:53Z,L,33,available,False,BFI IMAX L 33
2026-10-02T20:22:53Z,L,32,available,False,BFI IMAX L 32
2026-10-02T20:22:53Z,L,31,available,False,BFI IMAX L 31
2026-10-02T20:22:53Z,L,30,available,False,BFI IMAX L 30
2026-10-02T20:22:53Z,L,29,available,False,BFI IMAX L 29
2026-10-02T20:22:53Z,L,28,available,False,BFI IMAX L 28
2026-10-02T20:22:53Z,L,27,available,False,BFI IMAX L 27
2026-10-02T20:22:53Z,L,26,available,False,BFI IMAX L 26
2026-10-02T20:22:53Z,L,8,available,False,BFI IMAX L 8
2026-10-02T20:22:53Z,L,7,available,False,BFI IMAX L 7
2026-10-02T20:22:53Z,L,6,available,False,BFI IMAX L 6
2026-10-02T20:22:53Z,L,5,available,False,BFI IMAX L 5
2026-10-02T20:22:53Z,L,4,available,False,BFI IMAX L 4
2026-10-02T20:22:53Z,L,3,available,False,BFI IMAX L 3
2026-10-02T20:22:53Z,L,2,available,False,BFI IMAX L 2
2026-10-02T20:22:53Z,L,1,available,False,BFI IMAX L 1
2026-10-02T20:22:53Z,M,34,available,False,BFI IMAX M 34
2026-10-02T20:22:53Z,M,33,available,False,BFI IMAX M 33
2026-10-02T20:22:53Z,M,32,available,False,BFI IMAX M 32
2026-10-02T20:22:53Z,M,31,available,False,BFI IMAX M 31
2026-10-02T20:22:53Z,M,30,available,False,BFI IMAX M 30
2026-10-02T20:22:53Z,M,29,available,False,BFI IMAX M 29
2026-10-02T20:22:53Z,M,28,available,False,BFI IMAX M 28
2026-10-02T20:22:53Z,M,27,sold,False,BFI IMAX M 27
2026-10-02T20:22:53Z,M,8,available,False,BFI IMAX M 8
2026-10-02T20:22:53Z,M,7,available,False,BFI IMAX M 7
2026-10-02T20:22:53Z,M,6,available,False,BFI IMAX M 6
2026-10-02T20:22:53Z,M,5,available,False,BFI IMAX M 5
2026-10-02T20:22:53Z,M,4,available,False,BFI IMAX M 4
2026-10-02T20:22:53Z,M,3,available,False,BFI IMAX M 3
2026-10-02T20:22:53Z,M,2,available,False,BFI IMAX M 2
2026-10-02T20:22:53Z,M,1,available,False,BFI IMAX M 1
2026-10-02T20:22:53Z,N,34,unavailable,False,BFI IMAX N 34
2026-10-02T20:22:53Z,N,33,unavailable,False,BFI IMAX N 33
2026-10-02T20:22:53Z,N,32,unavailable,False,BFI IMAX N 32
2026-10-02T20:22:53Z,N,31,unavailable,False,BFI IMAX N 31
2026-10-02T20:22:53Z,N,30,unavailable,False,BFI IMAX N 30
2026-10-02T20:22:53Z,N,29,unavailable,False,BFI IMAX N 29
2026-10-02T20:22:53Z,N,28,unavailable,False,BFI IMAX N 28
2026-10-02T20:22:53Z,N,27,unavailable,False,BFI IMAX N 27
2026-10-02T20:22:53Z,N,8,available,False,BFI IMAX N 8
2026-10-02T20:22:53Z,N,7,available,False,BFI IMAX N 7
2026-10-02T20:22:53Z,N,6,available,False,BFI IMAX N 6
2026-10-02T20:22:53Z,N,5,available,False,BFI IMAX N 5
2026-10-02T20:22:53Z,N,4,available,False,BFI IMAX N 4
2026-10-02T20:22:53Z,N,3,available,False,BFI IMAX N 3
2026-10-02T20:22:53Z,N,2,available,False,BFI IMAX N 2
2026-10-02T20:22:53Z,N,1,available,False,BFI IMAX N 1
2026-10-02T20:22:53Z,A,11,available,False,BFI IMAX A 11
2026-10-02T20:22:53Z,A,10,available,False,BFI IMAX A 10
2026-10-02T20:22:53Z,A,9,available,False,BFI IMAX A 9
2026-10-02T20:22:53Z,A,8,available,False,BFI IMAX A 8
2026-10-02T20:22:53Z,M,15,available,False,BFI IMAX M 15
2026-10-02T20:22:53Z,M,14,available,False,BFI IMAX M 14
2026-10-02T20:22:53Z,M,13,available,False,BFI IMAX M 13
2026-10-02T20:22:53Z,M,12,available,False,BFI IMAX M 12
2026-10-02T20:22:53Z,M,11,available,False,BFI IMAX M 11
2026-10-02T20:22:53Z,M,10,available,False,BFI IMAX M 10
2026-10-02T20:22:53Z,M,9,available,False,BFI IMAX M 9
2026-10-02T20:22:53Z,L,9,available,False,BFI IMAX L 9
2026-10-02T20:22:53Z,L,25,available,False,BFI IMAX L 25
2026-10-02T20:22:53Z,L,24,available,False,BFI IMAX L 24
2026-10-02T20:22:53Z,L,23,available,False,BFI IMAX L 23
2026-10-02T20:22:53Z,L,22,available,False,BFI IMAX L 22
2026-10-02T20:22:53Z,L,21,available,False,BFI IMAX L 21
2026-10-02T20:22:53Z,L,20,available,False,BFI IMAX L 20
2026-10-02T20:22:53Z,L,19,available,False,BFI IMAX L 19
2026-10-02T20:22:53Z,L,18,sold,False,BFI IMAX L 18
2026-10-02T20:22:53Z,L,17,sold,False,BFI IMAX L 17
2026-10-02T20:22:53Z,L,16,available,False,BFI IMAX L 16
2026-10-02T20:22:53Z,L,15,available,False,BFI IMAX L 15
2026-10-02T20:22:53Z,L,14,available,False,BFI IMAX L 14
2026-10-02T20:22:53Z,L,13,available,False,BFI IMAX L 13
2026-10-02T20:22:53Z,L,12,available,False,BFI IMAX L 12
2026-10-02T20:22:53Z,L,11,available,False,BFI IMAX L 11
2026-10-02T20:22:53Z,N,26,unavailable,False,BFI IMAX N 26
2026-10-02T20:22:53Z,N,25,unavailable,False,BFI IMAX N 25
2026-10-02T20:22:53Z,N,24,unavailable,False,BFI IMAX N 24
2026-10-02T20:22:53Z,N,23,unavailable,False,BFI IMAX N 23
2026-10-02T20:22:53Z,N,22,available,False,BFI IMAX N 22
2026-10-02T20:22:53Z,N,21,available,False,BFI IMAX N 21
2026-10-02T20:22:53Z,N,20,available,False,BFI IMAX N 20
2026-10-02T20:22:53Z,N,19,available,False,BFI IMAX N 19
2026-10-02T20:22:53Z,N,18,available,False,BFI IMAX N 18
2026-10-02T20:22:53Z,N,17,available,False,BFI IMAX N 17
2026-10-02T20:22:53Z,N,16,available,False,BFI IMAX N 16
2026-10-02T20:22:53Z,N,15,available,False,BFI IMAX N 15
2026-10-02T20:22:53Z,N,14,available,False,BFI IMAX N 14
2026-10-02T20:22:53Z,N,13,available,False,BFI IMAX N 13
2026-10-02T20:22:53Z,N,12,unavailable,False,BFI IMAX N 12
2026-10-02T20:22:53Z,N,11,unavailable,False,BFI IMAX N 11
2026-10-02T20:22:53Z,N,10,unavailable,False,BFI IMAX N 10
2026-10-02T20:22:53Z,N,9,unavailable,False,BFI IMAX N 9
2026-10-02T20:22:53Z,L,10,available,False,BFI IMAX L 10
2026-10-02T20:22:53Z,M,26,available,False,BFI IMAX M 26
2026-10-02T20:22:53Z,M,25,available,False,BFI IMAX M 25
2026-10-02T20:22:53Z,M,24,available,False,BFI IMAX M 24
2026-10-02T20:22:53Z,M,23,available,False,BFI IMAX M 23
2026-10-02T20:22:53Z,M,22,available,False,BFI IMAX M 22
2026-10-02T20:22:53Z,M,21,available,False,BFI IMAX M 21
2026-10-02T20:22:53Z,M,20,available,False,BFI IMAX M 20
2026-10-02T20:22:53Z,M,19,sold,False,BFI IMAX M 19
2026-10-02T20:22:53Z,M,18,sold,False,BFI IMAX M 18
2026-10-02T20:22:53Z,M,17,sold,False,BFI IMAX M 17
2026-10-02T20:22:53Z,M,16,available,False,BFI IMAX M 16
2026-10-02T20:22:53Z,P,27,available,True,BFI IMAX P 27
2026-10-02T20:22:53Z,P,26,unavailable,False,BFI IMAX P 26
2026-10-02T20:22:53Z,P,6,unavailable,False,BFI IMAX P 6
2026-10-02T20:22:53Z,P,5,available,True,BFI IMAX P 5
2026-10-02T20:22:53Z,P,31,unavailable,False,BFI IMAX P 31
2026-10-02T20:22:53Z,P,30,available,True,BFI IMAX P 30
2026-10-02T20:22:53Z,P,2,available,True,BFI IMAX P 2
2026-10-02T20:22:53Z,P,1,unavailable,False,BFI IMAX P 1
2026-10-02T20:22:53Z,P,21,available,False,BFI IMAX P 21
2026-10-02T20:22:53Z,P,20,available,False,BFI IMAX P 20
2026-10-02T20:22:53Z,P,19,available,False,BFI IMAX P 19
2026-10-02T20:22:53Z,P,18,available,False,BFI IMAX P 18
2026-10-02T20:22:53Z,P,17,available,False,BFI IMAX P 17
2026-10-02T20:22:53Z,P,16,available,False,BFI IMAX P 16
2026-10-02T20:22:53Z,P,15,available,False,BFI IMAX P 15
2026-10-02T20:22:53Z,P,14,available,False,BFI IMAX P 14
2026-10-02T20:22:53Z,P,13,available,False,BFI IMAX P 13
2026-10-02T20:22:53Z,P,12,available,False,BFI IMAX P 12
2026-10-02T20:22:53Z,P,11,available,False,BFI IMAX P 11
2026-10-02T20:22:53Z,P,9,available,False,BFI IMAX P 9
2026-10-02T20:22:53Z,P,8,available,False,BFI IMAX P 8
2026-10-02T20:22:53Z,P,7,available,False,BFI IMAX P 7
2026-10-02T20:22:53Z,P,10,available,False,BFI IMAX P 10
2026-10-02T20:22:53Z,P,25,available,False,BFI IMAX P 25
2026-10-02T20:22:53Z,P,24,available,False,BFI IMAX P 24
2026-10-02T20:22:53Z,P,23,available,False,BFI IMAX P 23
2026-10-02T20:22:53Z,P,22,available,False,BFI IMAX P 22
2026-10-02T20:22:53Z,Q,18,sold,False,BFI IMAX Q 18
2026-10-02T20:22:53Z,Q,17,available,False,BFI IMAX Q 17
2026-10-02T20:22:53Z,Q,16,available,False,BFI IMAX Q 16
2026-10-02T20:22:53Z,Q,15,available,False,BFI IMAX Q 15
2026-10-02T20:22:53Z,Q,14,available,False,BFI IMAX Q 14
2026-10-02T20:22:53Z,Q,13,available,False,BFI IMAX Q 13
2026-10-02T20:22:53Z,Q,12,available,False,BFI IMAX Q 12
2026-10-02T20:22:53Z,Q,11,available,False,BFI IMAX Q 11
2026-10-02T20:22:53Z,Q,10,available,False,BFI IMAX Q 10
2026-10-02T20:22:53Z,Q,9,sold,False,BFI IMAX Q 9
2026-10-02T20:22:53Z,Q,8,sold,False,BFI IMAX Q 8
2026-10-02T20:22:53Z,Q,7,sold,False,BFI IMAX Q 7
2026-10-02T20:22:53Z,Q,6,available,False,BFI IMAX Q 6
2026-10-02T20:22:53Z,Q,5,available,False,BFI IMAX Q 5
2026-10-02T20:22:53Z,Q,4,available,False,BFI IMAX Q 4
2026-10-02T20:22:53Z,Q,3,available,False,BFI IMAX Q 3
2026-10-02T20:22:53Z,Q,2,available,False,BFI IMAX Q 2
2026-10-02T20:22:53Z,Q,1,available,False,BFI IMAX Q 1
2026-10-03T00:03:34Z,K,27,unavailable,False,BFI IMAX K 27
2026-10-03T00:03:34Z,K,26,unavailable,False,BFI IMAX K 26
2026-10-03T00:03:34Z,P,29,available,True,BFI IMAX P 29
2026-10-03T00:03:34Z,P,28,available,True,BFI IMAX P 28
2026-10-03T00:03:34Z,P,4,available,True,BFI IMAX P 4
2026-10-03T00:03:34Z,P,3,available,True,BFI IMAX P 3
2026-10-03T00:03:34Z,A,7,available,False,BFI IMAX A 7
2026-10-03T00:03:34Z,A,6,available,False,BFI IMAX A 6
2026-10-03T00:03:34Z,A,5,available,False,BFI IMAX A 5
2026-10-03T00:03:34Z,A,4,available,False,BFI IMAX A 4
2026-10-03T00:03:34Z,A,3,available,False,BFI IMAX A 3
2026-10-03T00:03:34Z,A,2,available,False,BFI IMAX A 2
2026-10-03T00:03:34Z,A,1,available,False,BFI IMAX A 1
2026-10-03T00:03:34Z,B,36,available,False,BFI IMAX B 36
2026-10-03T00:03:34Z,B,35,available,False,BFI IMAX B 35
2026-10-03T00:03:34Z,B,34,available,False,BFI IMAX B 34
2026-10-03T00:03:34Z,B,33,available,False,BFI IMAX B 33
2026-10-03T00:03:34Z,B,32,available,False,BFI IMAX B 32
2026-10-03T00:03:34Z,B,31,available,False,BFI IMAX B 31
2026-10-03T00:03:34Z,B,30,available,False,BFI IMAX B 30
2026-10-03T00:03:34Z,B,29,available,False,BFI IMAX B 29
2026-10-03T00:03:34Z,B,28,available,False,BFI IMAX B 28
2026-10-03T00:03:34Z,B,27,available,False,BFI IMAX B 27
2026-10-03T00:03:34Z,B,26,available,False,BFI IMAX B 26
2026-10-03T00:03:34Z,B,25,available,False,BFI IMAX B 25
2026-10-03T00:03:34Z,B,24,available,False,BFI IMAX B 24
2026-10-03T00:03:34Z,B,23,available,False,BFI IMAX B 23
2026-10-03T00:03:34Z,B,22,available,False,BFI IMAX B 22
2026-10-03T00:03:34Z,B,21,available,False,BFI IMAX B 21
2026-10-03T00:03:34Z,B,20,available,False,BFI IMAX B 20
2026-10-03T00:03:34Z,B,19,available,False,BFI IMAX B 19
2026-10-03T00:03:34Z,B,18,available,False,BFI IMAX B 18
2026-10-03T00:03:34Z,B,17,available,False,BFI IMAX B 17
2026-10-03T00:03:34Z,B,16,available,False,BFI IMAX B 16
2026-10-03T00:03:34Z,B,15,available,False,BFI IMAX B 15
2026-10-03T00:03:34Z,B,14,available,False,BFI IMAX B 14
2026-10-03T00:03:34Z,B,13,available,False,BFI IMAX B 13
2026-10-03T00:03:34Z,B,12,available,False,BFI IMAX B 12
2026-10-03T00:03:34Z,B,11,available,False,BFI IMAX B 11
2026-10-03T00:03:34Z,B,10,available,False,BFI IMAX B 10
2026-10-03T00:03:34Z,B,9,available,False,BFI IMAX B 9
2026-10-03T00:03:34Z,B,8,available,False,BFI IMAX B 8
2026-10-03T00:03:34Z,B,7,available,False,BFI IMAX B 7
2026-10-03T00:03:34Z,B,6,available,False,BFI IMAX B 6
2026-10-03T00:03:34Z,B,5,available,False,BFI IMAX B 5
2026-10-03T00:03:34Z,B,4,available,False,BFI IMAX B 4
2026-10-03T00:03:34Z,B,3,available,False,BFI IMAX B 3
2026-10-03T00:03:34Z,B,2,available,False,BFI IMAX B 2
2026-10-03T00:03:34Z,B,1,available,False,BFI IMAX B 1
2026-10-03T00:03:34Z,C,36,available,False,BFI IMAX C 36
2026-10-03T00:03:34Z,C,35,available,False,BFI IMAX C 35
2026-10-03T00:03:34Z,C,34,available,False,BFI IMAX C 34
2026-10-03T00:03:34Z,C,33,available,False,BFI IMAX C 33
2026-10-03T00:03:34Z,C,32,available,False,BFI IMAX C 32
2026-10-03T00:03:34Z,C,31,available,False,BFI IMAX C 31
2026-10-03T00:03:34Z,C,30,available,False,BFI IMAX C 30
2026-10-03T00:03:34Z,C,29,available,False,BFI IMAX C 29
2026-10-03T00:03:34Z,C,28,available,False,BFI IMAX C 28
2026-10-03T00:03:34Z,C,27,available,False,BFI IMAX C 27
2026-10-03T00:03:34Z,C,26,available,False,BFI IMAX C 26
2026-10-03T00:03:34Z,C,25,sold,False,BFI IMAX C 25
2026-10-03T00:03:34Z,C,24,available,False,BFI IMAX C 24
2026-10-03T00:03:34Z,C,23,available,False,BFI IMAX C 23
2026-10-03T00:03:34Z,C,22,available,False,BFI IMAX C 22
2026-10-03T00:03:34Z,C,21,available,False,BFI IMAX C 21
2026-10-03T00:03:34Z,C,20,available,False,BFI IMAX C 20
2026-10-03T00:03:34Z,C,19,available,False,BFI IMAX C 19
2026-10-03T00:03:34Z,C,18,available,False,BFI IMAX C 18
2026-10-03T00:03:34Z,C,17,available,False,BFI IMAX C 17
2026-10-03T00:03:34Z,C,16,available,False,BFI IMAX C 16
2026-10-03T00:03:34Z,C,15,available,False,BFI IMAX C 15
2026-10-03T00:03:34Z,C,14,available,False,BFI IMAX C 14
2026-10-03T00:03:34Z,C,13,available,False,BFI IMAX C 13
2026-10-03T00:03:34Z,C,12,available,False,BFI IMAX C 12
2026-10-03T00:03:34Z,C,11,available,False,BFI IMAX C 11
2026-10-03T00:03:34Z,C,10,available,False,BFI IMAX C 10
2026-10-03T00:03:34Z,C,9,available,False,BFI IMAX C 9
2026-10-03T00:03:34Z,C,8,available,False,BFI IMAX C 8
2026-10-03T00:03:34Z,C,7,available,False,BFI IMAX C 7
2026-10-03T00:03:34Z,C,6,available,False,BFI IMAX C 6
2026-10-03T00:03:34Z,C,5,available,False,BFI IMAX C 5
2026-10-03T00:03:34Z,C,4,available,False,BFI IMAX C 4
2026-10-03T00:03:34Z,C,3,available,False,BFI IMAX C 3
2026-10-03T00:03:34Z,C,2,available,False,BFI IMAX C 2
2026-10-03T00:03:34Z,C,1,available,False,BFI IMAX C 1
2026-10-03T00:03:34Z,D,37,available,False,BFI IMAX D 37
2026-10-03T00:03:34Z,D,36,available,False,BFI IMAX D 36
2026-10-03T00:03:34Z,D,35,available,False,BFI IMAX D 35
2026-10-03T00:03:34Z,D,34,available,False,BFI IMAX D 34
2026-10-03T00:03:34Z,D,33,available,False,BFI IMAX D 33
2026-10-03T00:03:34Z,D,32,available,False,BFI IMAX D 32
2026-10-03T00:03:34Z,D,31,available,False,BFI IMAX D 31
2026-10-03T00:03:34Z,D,30,available,False,BFI IMAX D 30
2026-10-03T00:03:34Z,D,29,available,False,BFI IMAX D 29
2026-10-03T00:03:34Z,D,28,available,False,BFI IMAX D 28
2026-10-03T00:03:34Z,D,27,available,False,BFI IMAX D 27
2026-10-03T00:03:34Z,D,26,available,False,BFI IMAX D 26
2026-10-03T00:03:34Z,D,25,available,False,BFI IMAX D 25
2026-10-03T00:03:34Z,D,24,available,False,BFI IMAX D 24
2026-10-03T00:03:34Z,D,23,available,False,BFI IMAX D 23
2026-10-03T00:03:34Z,D,22,available,False,BFI IMAX D 22
2026-10-03T00:03:34Z,D,21,available,False,BFI IMAX D 21
2026-10-03T00:03:34Z,D,20,available,False,BFI IMAX D 20
2026-10-03T00:03:34Z,D,19,available,False,BFI IMAX D 19
2026-10-03T00:03:34Z,D,18,available,False,BFI IMAX D 18
2026-10-03T00:03:34Z,D,17,available,False,BFI IMAX D 17
2026-10-03T00:03:34Z,D,16,available,False,BFI IMAX D 16
2026-10-03T00:03:34Z,D,15,available,False,BFI IMAX D 15
2026-10-03T00:03:34Z,D,14,available,False,BFI IMAX D 14
2026-10-03T00:03:34Z,D,13,available,False,BFI IMAX D 13
2026-10-03T00:03:34Z,D,12,available,False,BFI IMAX D 12
2026-10-03T00:03:34Z,D,11,available,False,BFI IMAX D 11
2026-10-03T00:03:34Z,D,10,available,False,BFI IMAX D 10
2026-10-03T00:03:34Z,D,9,available,False,BFI IMAX D 9
2026-10-03T00:03:34Z,D,8,available,False,BFI IMAX D 8
2026-10-03T00:03:34Z,D,7,available,False,BFI IMAX D 7
2026-10-03T00:03:34Z,D,6,available,False,BFI IMAX D 6
2026-10-03T00:03:34Z,D,5,available,False,BFI IMAX D 5
2026-10-03T00:03:34Z,D,4,available,False,BFI IMAX D 4
2026-10-03T00:03:34Z,D,3,available,False,BFI IMAX D 3
2026-10-03T00:03:34Z,D,2,available,False,BFI IMAX D 2
2026-10-03T00:03:34Z,D,1,available,False,BFI IMAX D 1
2026-10-03T00:03:34Z,E,37,available,False,BFI IMAX E 37
2026-10-03T00:03:34Z,E,36,available,False,BFI IMAX E 36
2026-10-03T00:03:34Z,E,35,available,False,BFI IMAX E 35
2026-10-03T00:03:34Z,E,34,available,False,BFI IMAX E 34
2026-10-03T00:03:34Z,E,33,available,False,BFI IMAX E 33
2026-10-03T00:03:34Z,E,32,available,False,BFI IMAX E 32
2026-10-03T00:03:34Z,E,31,available,False,BFI IMAX E 31
2026-10-03T00:03:34Z,E,30,available,False,BFI IMAX E 30
2026-10-03T00:03:34Z,E,29,available,False,BFI IMAX E 29
2026-10-03T00:03:34Z,E,28,available,False,BFI IMAX E 28
2026-10-03T00:03:34Z,E,27,available,False,BFI IMAX E 27
2026-10-03T00:03:34Z,E,26,available,False,BFI IMAX E 26
2026-10-03T00:03:34Z,E,25,available,False,BFI IMAX E 25
2026-10-03T00:03:34Z,E,24,available,False,BFI IMAX E 24
2026-10-03T00:03:34Z,E,23,available,False,BFI IMAX E 23
2026-10-03T00:03:34Z,E,22,available,False,BFI IMAX E 22
2026-10-03T00:03:34Z,E,21,available,False,BFI IMAX E 21
2026-10-03T00:03:34Z,E,20,available,False,BFI IMAX E 20
2026-10-03T00:03:34Z,E,19,available,False,BFI IMAX E 19
2026-10-03T00:03:34Z,E,18,available,False,BFI IMAX E 18
2026-10-03T00:03:34Z,E,17,available,False,BFI IMAX E 17
2026-10-03T00:03:34Z,E,16,available,False,BFI IMAX E 16
2026-10-03T00:03:34Z,E,15,available,False,BFI IMAX E 15
2026-10-03T00:03:34Z,E,14,available,False,BFI IMAX E 14
2026-10-03T00:03:34Z,E,13,available,False,BFI IMAX E 13
2026-10-03T00:03:34Z,E,12,available,False,BFI IMAX E 12
2026-10-03T00:03:34Z,E,11,available,False,BFI IMAX E 11
2026-10-03T00:03:34Z,E,10,available,False,BFI IMAX E 10
2026-10-03T00:03:34Z,E,9,available,False,BFI IMAX E 9
2026-10-03T00:03:34Z,E,8,available,False,BFI IMAX E 8
2026-10-03T00:03:34Z,E,7,available,False,BFI IMAX E 7
2026-10-03T00:03:34Z,E,6,available,False,BFI IMAX E 6
2026-10-03T00:03:34Z,E,5,available,False,BFI IMAX E 5
2026-10-03T00:03:34Z,E,4,available,False,BFI IMAX E 4
2026-10-03T00:03:34Z,E,3,available,False,BFI IMAX E 3
2026-10-03T00:03:34Z,E,2,available,False,BFI IMAX E 2
2026-10-03T00:03:34Z,E,1,available,False,BFI IMAX E 1
2026-10-03T00:03:34Z,F,38,available,False,BFI IMAX F 38
2026-10-03T00:03:34Z,F,37,available,False,BFI IMAX F 37
2026-10-03T00:03:34Z,F,36,available,False,BFI IMAX F 36
2026-10-03T00:03:34Z,F,35,available,False,BFI IMAX F 35
2026-10-03T00:03:34Z,F,34,available,False,BFI IMAX F 34
2026-10-03T00:03:34Z,F,33,available,False,BFI IMAX F 33
2026-10-03T00:03:34Z,F,32,available,False,BFI IMAX F 32
2026-10-03T00:03:34Z,F,31,available,False,BFI IMAX F 31
2026-10-03T00:03:34Z,F,30,available,False,BFI IMAX F 30
2026-10-03T00:03:34Z,F,29,available,False,BFI IMAX F 29
2026-10-03T00:03:34Z,F,28,available,False,BFI IMAX F 28
2026-10-03T00:03:34Z,F,27,available,False,BFI IMAX F 27
2026-10-03T00:03:34Z,F,26,available,False,BFI IMAX F 26
2026-10-03T00:03:34Z,F,25,available,False,BFI IMAX F 25
2026-10-03T00:03:34Z,F,24,available,False,BFI IMAX F 24
2026-10-03T00:03:34Z,F,23,available,False,BFI IMAX F 23
2026-10-03T00:03:34Z,F,22,available,False,BFI IMAX F 22
2026-10-03T00:03:34Z,F,21,available,False,BFI IMAX F 21
2026-10-03T00:03:34Z,F,20,available,False,BFI IMAX F 20
2026-10-03T00:03:34Z,F,19,available,False,BFI IMAX F 19
2026-10-03T00:03:34Z,F,18,available,False,BFI IMAX F 18
2026-10-03T00:03:34Z,F,17,available,False,BFI IMAX F 17
2026-10-03T00:03:34Z,F,16,available,False,BFI IMAX F 16
2026-10-03T00:03:34Z,F,15,available,False,BFI IMAX F 15
2026-10-03T00:03:34Z,F,14,available,False,BFI IMAX F 14
2026-10-03T00:03:34Z,F,13,available,False,BFI IMAX F 13
2026-10-03T00:03:34Z,F,12,available,False,BFI IMAX F 12
2026-10-03T00:03:34Z,F,11,available,False,BFI IMAX F 11
2026-10-03T00:03:34Z,F,10,available,False,BFI IMAX F 10
2026-10-03T00:03:34Z,F,9,available,False,BFI IMAX F 9
2026-10-03T00:03:34Z,F,8,available,False,BFI IMAX F 8
2026-10-03T00:03:34Z,F,7,available,False,BFI IMAX F 7
2026-10-03T00:03:34Z,F,6,available,False,BFI IMAX F 6
2026-10-03T00:03:34Z,F,5,available,False,BFI IMAX F 5
2026-10-03T00:03:34Z,F,4,available,False,BFI IMAX F 4
2026-10-03T00:03:34Z,F,3,available,False,BFI IMAX F 3
2026-10-03T00:03:34Z,F,2,available,False,BFI IMAX F 2
2026-10-03T00:03:34Z,F,1,available,False,BFI IMAX F 1
2026-10-03T00:03:34Z,G,37,available,False,BFI IMAX G 37
2026-10-03T00:03:34Z,G,36,available,False,BFI IMAX G 36
2026-10-03T00:03:34Z,G,35,available,False,BFI IMAX G 35
2026-10-03T00:03:34Z,G,34,available,False,BFI IMAX G 34
2026-10-03T00:03:34Z,G,33,available,False,BFI IMAX G 33
2026-10-03T00:03:34Z,G,32,available,False,BFI IMAX G 32
2026-10-03T00:03:34Z,G,31,available,False,BFI IMAX G 31
2026-10-03T00:03:34Z,G,30,available,False,BFI IMAX G 30
2026-10-03T00:03:34Z,G,29,available,False,BFI IMAX G 29
2026-10-03T00:03:34Z,G,28,available,False,BFI IMAX G 28
2026-10-03T00:03:34Z,G,27,available,False,BFI IMAX G 27
2026-10-03T00:03:34Z,G,26,available,False,BFI IMAX G 26
2026-10-03T00:03:34Z,G,25,available,False,BFI IMAX G 25
2026-10-03T00:03:34Z,G,24,available,False,BFI IMAX G 24
2026-10-03T00:03:34Z,G,23,available,False,BFI IMAX G 23
2026-10-03T00:03:34Z,G,22,available,False,BFI IMAX G 22
2026-10-03T00:03:34Z,G,21,available,False,BFI IMAX G 21
2026-10-03T00:03:34Z,G,20,available,False,BFI IMAX G 20
2026-10-03T00:03:34Z,G,19,available,False,BFI IMAX G 19
2026-10-03T00:03:34Z,G,18,available,False,BFI IMAX G 18
2026-10-03T00:03:34Z,G,17,available,False,BFI IMAX G 17
2026-10-03T00:03:34Z,G,16,available,False,BFI IMAX G 16
2026-10-03T00:03:34Z,G,15,available,False,BFI IMAX G 15
2026-10-03T00:03:34Z,G,14,available,False,BFI IMAX G 14
2026-10-03T00:03:34Z,G,13,available,False,BFI IMAX G 13
2026-10-03T00:03:34Z,G,12,available,False,BFI IMAX G 12
2026-10-03T00:03:34Z,G,11,available,False,BFI IMAX G 11
2026-10-03T00:03:34Z,G,10,available,False,BFI IMAX G 10
2026-10-03T00:03:34Z,G,9,available,False,BFI IMAX G 9
2026-10-03T00:03:34Z,G,8,available,False,BFI IMAX G 8
2026-10-03T00:03:34Z,G,7,available,False,BFI IMAX G 7
2026-10-03T00:03:34Z,G,6,available,False,BFI IMAX G 6
2026-10-03T00:03:34Z,G,5,available,False,BFI IMAX G 5
2026-10-03T00:03:34Z,G,4,available,False,BFI IMAX G 4
2026-10-03T00:03:34Z,G,3,available,False,BFI IMAX G 3
2026-10-03T00:03:34Z,G,2,available,False,BFI IMAX G 2
2026-10-03T00:03:34Z,G,1,available,False,BFI IMAX G 1
2026-10-03T00:03:34Z,H,37,available,False,BFI IMAX H 37
2026-10-03T00:03:34Z,H,36,available,False,BFI IMAX H 36
2026-10-03T00:03:34Z,H,35,available,False,BFI IMAX H 35
2026-10-03T00:03:34Z,H,34,available,False,BFI IMAX H 34
2026-10-03T00:03:34Z,H,33,available,False,BFI IMAX H 33
2026-10-03T00:03:34Z,H,32,available,False,BFI IMAX H 32
2026-10-03T00:03:34Z,H,31,available,False,BFI IMAX H 31
2026-10-03T00:03:34Z,H,30,available,False,BFI IMAX H 30
2026-10-03T00:03:34Z,H,29,available,False,BFI IMAX H 29
2026-10-03T00:03:34Z,H,28,available,False,BFI IMAX H 28
2026-10-03T00:03:34Z,H,27,available,False,BFI IMAX H 27
2026-10-03T00:03:34Z,H,26,available,False,BFI IMAX H 26
2026-10-03T00:03:34Z,H,25,available,False,BFI IMAX H 25
2026-10-03T00:03:34Z,H,24,available,False,BFI IMAX H 24
2026-10-03T00:03:34Z,H,23,available,False,BFI IMAX H 23
2026-10-03T00:03:34Z,H,22,available,False,BFI IMAX H 22
2026-10-03T00:03:34Z,H,21,available,False,BFI IMAX H 21
2026-10-03T00:03:34Z,H,20,available,False,BFI IMAX H 20
2026-10-03T00:03:34Z,H,19,available,False,BFI IMAX H 19
2026-10-03T00:03:34Z,H,18,available,False,BFI IMAX H 18
2026-10-03T00:03:34Z,H,17,available,False,BFI IMAX H 17
2026-10-03T00:03:34Z,H,16,available,False,BFI IMAX H 16
2026-10-03T00:03:34Z,H,15,available,False,BFI IMAX H 15
2026-10-03T00:03:34Z,H,14,available,False,BFI IMAX H 14
2026-10-03T00:03:34Z,H,13,available,False,BFI IMAX H 13
2026-10-03T00:03:34Z,H,12,available,False,BFI IMAX H 12
2026-10-03T00:03:34Z,H,11,available,False,BFI IMAX H 11
2026-10-03T00:03:34Z,H,10,available,False,BFI IMAX H 10
2026-10-03T00:03:34Z,H,9,available,False,BFI IMAX H 9
2026-10-03T00:03:34Z,H,8,available,False,BFI IMAX H 8
2026-10-03T00:03:34Z,H,7,available,False,BFI IMAX H 7
2026-10-03T00:03:34Z,H,6,available,False,BFI IMAX H 6
2026-10-03T00:03:34Z,H,5,available,False,BFI IMAX H 5
2026-10-03T00:03:34Z,H,4,available,False,BFI IMAX H 4
2026-10-03T00:03:34Z,H,3,available,False,BFI IMAX H 3
2026-10-03T00:03:34Z,H,2,available,False,BFI IMAX H 2
2026-10-03T00:03:34Z,H,1,available,False,BFI IMAX H 1
2026-10-03T00:03:34Z,J,36,available,False,BFI IMAX J 36
2026-10-03T00:03:34Z,J,35,available,False,BFI IMAX J 35
2026-10-03T00:03:34Z,J,34,available,False,BFI IMAX J 34
2026-10-03T00:03:34Z,J,33,available,False,BFI IMAX J 33
2026-10-03T00:03:34Z,J,32,available,False,BFI IMAX J 32
2026-10-03T00:03:34Z,J,31,available,False,BFI IMAX J 31
2026-10-03T00:03:34Z,J,30,available,False,BFI IMAX J 30
2026-10-03T00:03:34Z,J,29,available,False,BFI IMAX J 29
2026-10-03T00:03:34Z,J,28,available,False,BFI IMAX J 28
2026-10-03T00:03:34Z,J,27,available,False,BFI IMAX J 27
2026-10-03T00:03:34Z,J,26,available,False,BFI IMAX J 26
2026-10-03T00:03:34Z,J,25,available,False,BFI IMAX J 25
2026-10-03T00:03:34Z,J,24,available,False,BFI IMAX J 24
2026-10-03T00:03:34Z,J,23,available,False,BFI IMAX J 23
2026-10-03T00:03:34Z,J,22,available,False,BFI IMAX J 22
2026-10-03T00:03:34Z,J,21,available,False,BFI IMAX J 21
2026-10-03T00:03:34Z,J,20,sold,False,BFI IMAX J 20
2026-10-03T00:03:34Z,J,19,available,False,BFI IMAX J 19
2026-10-03T00:03:34Z,J,18,available,False,BFI IMAX J 18
2026-10-03T00:03:34Z,J,17,available,False,BFI IMAX J 17
2026-10-03T00:03:34Z,J,16,available,False,BFI IMAX J 16
2026-10-03T00:03:34Z,J,15,available,False,BFI IMAX J 15
2026-10-03T00:03:34Z,J,14,available,False,BFI IMAX J 14
2026-10-03T00:03:34Z,J,13,available,False,BFI IMAX J 13
2026-10-03T00:03:34Z,J,12,available,False,BFI IMAX J 12
2026-10-03T00:03:34Z,J,11,available,False,BFI IMAX J 11
2026-10-03T00:03:34Z,J,10,available,False,BFI IMAX J 10
2026-10-03T00:03:34Z,J,9,available,False,BFI IMAX J 9
2026-10-03T00:03:34Z,J,8,available,False,BFI IMAX J 8
2026-10-03T00:03:34Z,J,7,available,False,BFI IMAX J 7
2026-10-03T00:03:34Z,J,6,available,False,BFI IMAX J 6
2026-10-03T00:03:34Z,J,5,available,False,BFI IMAX J 5
2026-10-03T00:03:34Z,J,4,available,False,BFI IMAX J 4
2026-10-03T00:03:34Z,J,3,available,False,BFI IMAX J 3
2026-10-03T00:03:34Z,J,2,available,False,BFI IMAX J 2
2026-10-03T00:03:34Z,J,1,available,False,BFI IMAX J 1
2026-10-03T00:03:34Z,K,36,available,False,BFI IMAX K 36
2026-10-03T00:03:34Z,K,35,available,False,BFI IMAX K 35
2026-10-03T00:03:34Z,K,34,available,False,BFI IMAX K 34
2026-10-03T00:03:34Z,K,33,available,False,BFI IMAX K 33
2026-10-03T00:03:34Z,K,32,available,False,BFI IMAX K 32
2026-10-03T00:03:34Z,K,31,available,False,BFI IMAX K 31
2026-10-03T00:03:34Z,K,30,available,False,BFI IMAX K 30
2026-10-03T00:03:34Z,K,29,available,False,BFI IMAX K 29
2026-10-03T00:03:34Z,K,28,available,False,BFI IMAX K 28
2026-10-03T00:03:34Z,A,13,available,False,BFI IMAX A 13
2026-10-03T00:03:34Z,A,12,available,False,BFI IMAX A 12
2026-10-03T00:03:34Z,K,25,available,False,BFI IMAX K 25
2026-10-03T00:03:34Z,K,24,available,False,BFI IMAX K 24
2026-10-03T00:03:34Z,K,23,available,False,BFI IMAX K 23
2026-10-03T00:03:34Z,K,22,available,False,BFI IMAX K 22
2026-10-03T00:03:34Z,K,21,available,False,BFI IMAX K 21
2026-10-03T00:03:34Z,K,20,available,False,BFI IMAX K 20
2026-10-03T00:03:34Z,K,19,sold,False,BFI IMAX K 19
2026-10-03T00:03:34Z,K,18,available,False,BFI IMAX K 18
2026-10-03T00:03:34Z,K,17,available,False,BFI IMAX K 17
2026-10-03T00:03:34Z,K,16,available,False,BFI IMAX K 16
2026-10-03T00:03:34Z,K,15,available,False,BFI IMAX K 15
2026-10-03T00:03:34Z,K,14,available,False,BFI IMAX K 14
2026-10-03T00:03:34Z,K,13,available,False,BFI IMAX K 13
2026-10-03T00:03:34Z,K,12,available,False,BFI IMAX K 12
2026-10-03T00:03:34Z,K,11,available,False,BFI IMAX K 11
2026-10-03T00:03:34Z,K,10,available,False,BFI IMAX K 10
2026-10-03T00:03:34Z,K,9,available,False,BFI IMAX K 9
2026-10-03T00:03:34Z,K,8,available,False,BFI IMAX K 8
2026-10-03T00:03:34Z,K,7,available,False,BFI IMAX K 7
2026-10-03T00:03:34Z,K,6,available,False,BFI IMAX K 6
2026-10-03T00:03:34Z,K,5,available,False,BFI IMAX K 5
2026-10-03T00:03:34Z,K,4,available,False,BFI IMAX K 4
2026-10-03T00:03:34Z,K,3,available,False,BFI IMAX K 3
2026-10-03T00:03:34Z,K,2,available,False,BFI IMAX K 2
2026-10-03T00:03:34Z,K,1,available,False,BFI IMAX K 1
2026-10-03T00:03:34Z,L,33,available,False,BFI IMAX L 33
2026-10-03T00:03:34Z,L,32,available,False,BFI IMAX L 32
2026-10-03T00:03:34Z,L,31,available,False,BFI IMAX L 31
2026-10-03T00:03:34Z,L,30,available,False,BFI IMAX L 30
2026-10-03T00:03:34Z,L,29,available,False,BFI IMAX L 29
2026-10-03T00:03:34Z,L,28,available,False,BFI IMAX L 28
2026-10-03T00:03:34Z,L,27,available,False,BFI IMAX L 27
2026-10-03T00:03:34Z,L,26,available,False,BFI IMAX L 26
2026-10-03T00:03:34Z,L,8,available,False,BFI IMAX L 8
2026-10-03T00:03:34Z,L,7,available,False,BFI IMAX L 7
2026-10-03T00:03:34Z,L,6,available,False,BFI IMAX L 6
2026-10-03T00:03:34Z,L,5,available,False,BFI IMAX L 5
2026-10-03T00:03:34Z,L,4,available,False,BFI IMAX L 4
2026-10-03T00:03:34Z,L,3,available,False,BFI IMAX L 3
2026-10-03T00:03:34Z,L,2,available,False,BFI IMAX L 2
2026-10-03T00:03:34Z,L,1,available,False,BFI IMAX L 1
2026-10-03T00:03:34Z,M,34,available,False,BFI IMAX M 34
2026-10-03T00:03:34Z,M,33,available,False,BFI IMAX M 33
2026-10-03T00:03:34Z,M,32,available,False,BFI IMAX M 32
2026-10-03T00:03:34Z,M,31,available,False,BFI IMAX M 31
2026-10-03T00:03:34Z,M,30,available,False,BFI IMAX M 30
2026-10-03T00:03:34Z,M,29,available,False,BFI IMAX M 29
2026-10-03T00:03:34Z,M,28,available,False,BFI IMAX M 28
2026-10-03T00:03:34Z,M,27,sold,False,BFI IMAX M 27
2026-10-03T00:03:34Z,M,8,available,False,BFI IMAX M 8
2026-10-03T00:03:34Z,M,7,available,False,BFI IMAX M 7
2026-10-03T00:03:34Z,M,6,available,False,BFI IMAX M 6
2026-10-03T00:03:34Z,M,5,available,False,BFI IMAX M 5
2026-10-03T00:03:34Z,M,4,available,False,BFI IMAX M 4
2026-10-03T00:03:34Z,M,3,available,False,BFI IMAX M 3
2026-10-03T00:03:34Z,M,2,available,False,BFI IMAX M 2
2026-10-03T00:03:34Z,M,1,available,False,BFI IMAX M 1
2026-10-03T00:03:34Z,N,34,unavailable,False,BFI IMAX N 34
2026-10-03T00:03:34Z,N,33,unavailable,False,BFI IMAX N 33
2026-10-03T00:03:34Z,N,32,unavailable,False,BFI IMAX N 32
2026-10-03T00:03:34Z,N,31,unavailable,False,BFI IMAX N 31
2026-10-03T00:03:34Z,N,30,unavailable,False,BFI IMAX N 30
2026-10-03T00:03:34Z,N,29,unavailable,False,BFI IMAX N 29
2026-10-03T00:03:34Z,N,28,unavailable,False,BFI IMAX N 28
2026-10-03T00:03:34Z,N,27,unavailable,False,BFI IMAX N 27
2026-10-03T00:03:34Z,N,8,available,False,BFI IMAX N 8
2026-10-03T00:03:34Z,N,7,available,False,BFI IMAX N 7
2026-10-03T00:03:34Z,N,6,available,False,BFI IMAX N 6
2026-10-03T00:03:34Z,N,5,available,False,BFI IMAX N 5
2026-10-03T00:03:34Z,N,4,available,False,BFI IMAX N 4
2026-10-03T00:03:34Z,N,3,available,False,BFI IMAX N 3
2026-10-03T00:03:34Z,N,2,available,False,BFI IMAX N 2
2026-10-03T00:03:34Z,N,1,available,False,BFI IMAX N 1
2026-10-03T00:03:34Z,A,11,available,False,BFI IMAX A 11
2026-10-03T00:03:34Z,A,10,available,False,BFI IMAX A 10
2026-10-03T00:03:34Z,A,9,available,False,BFI IMAX A 9
2026-10-03T00:03:34Z,A,8,available,False,BFI IMAX A 8
2026-10-03T00:03:34Z,M,15,available,False,BFI IMAX M 15
2026-10-03T00:03:34Z,M,14,available,False,BFI IMAX M 14
2026-10-03T00:03:34Z,M,13,available,False,BFI IMAX M 13
2026-10-03T00:03:34Z,M,12,available,False,BFI IMAX M 12
2026-10-03T00:03:34Z,M,11,available,False,BFI IMAX M 11
2026-10-03T00:03:34Z,M,10,available,False,BFI IMAX M 10
2026-10-03T00:03:34Z,M,9,available,False,BFI IMAX M 9
2026-10-03T00:03:34Z,L,9,available,False,BFI IMAX L 9
2026-10-03T00:03:34Z,L,25,available,False,BFI IMAX L 25
2026-10-03T00:03:34Z,L,24,available,False,BFI IMAX L 24
2026-10-03T00:03:34Z,L,23,available,False,BFI IMAX L 23
2026-10-03T00:03:34Z,L,22,available,False,BFI IMAX L 22
2026-10-03T00:03:34Z,L,21,available,False,BFI IMAX L 21
2026-10-03T00:03:34Z,L,20,available,False,BFI IMAX L 20
2026-10-03T00:03:34Z,L,19,available,False,BFI IMAX L 19
2026-10-03T00:03:34Z,L,18,sold,False,BFI IMAX L 18
2026-10-03T00:03:34Z,L,17,sold,False,BFI IMAX L 17
2026-10-03T00:03:34Z,L,16,available,False,BFI IMAX L 16
2026-10-03T00:03:34Z,L,15,available,False,BFI IMAX L 15
2026-10-03T00:03:34Z,L,14,available,False,BFI IMAX L 14
2026-10-03T00:03:34Z,L,13,available,False,BFI IMAX L 13
2026-10-03T00:03:34Z,L,12,available,False,BFI IMAX L 12
2026-10-03T00:03:34Z,L,11,available,False,BFI IMAX L 11
2026-10-03T00:03:34Z,N,26,unavailable,False,BFI IMAX N 26
2026-10-03T00:03:34Z,N,25,unavailable,False,BFI IMAX N 25
2026-10-03T00:03:34Z,N,24,unavailable,False,BFI IMAX N 24
2026-10-03T00:03:34Z,N,23,unavailable,False,BFI IMAX N 23
2026-10-03T00:03:34Z,N,22,available,False,BFI IMAX N 22
2026-10-03T00:03:34Z,N,21,available,False,BFI IMAX N 21
2026-10-03T00:03:34Z,N,20,available,False,BFI IMAX N 20
2026-10-03T00:03:34Z,N,19,available,False,BFI IMAX N 19
2026-10-03T00:03:34Z,N,18,sold,False,BFI IMAX N 18
2026-10-03T00:03:34Z,N,17,available,False,BFI IMAX N 17
2026-10-03T00:03:34Z,N,16,available,False,BFI IMAX N 16
2026-10-03T00:03:34Z,N,15,available,False,BFI IMAX N 15
2026-10-03T00:03:34Z,N,14,available,False,BFI IMAX N 14
2026-10-03T00:03:34Z,N,13,available,False,BFI IMAX N 13
2026-10-03T00:03:34Z,N,12,unavailable,False,BFI IMAX N 12
2026-10-03T00:03:34Z,N,11,unavailable,False,BFI IMAX N 11
2026-10-03T00:03:34Z,N,10,unavailable,False,BFI IMAX N 10
2026-10-03T00:03:34Z,N,9,unavailable,False,BFI IMAX N 9
2026-10-03T00:03:34Z,L,10,available,False,BFI IMAX L 10
2026-10-03T00:03:34Z,M,26,available,False,BFI IMAX M 26
2026-10-03T00:03:34Z,M,25,available,False,BFI IMAX M 25
2026-10-03T00:03:34Z,M,24,available,False,BFI IMAX M 24
2026-10-03T00:03:34Z,M,23,available,False,BFI IMAX M 23
2026-10-03T00:03:34Z,M,22,available,False,BFI IMAX M 22
2026-10-03T00:03:34Z,M,21,available,False,BFI IMAX M 21
2026-10-03T00:03:34Z,M,20,available,False,BFI IMAX M 20
2026-10-03T00:03:34Z,M,19,sold,False,BFI IMAX M 19
2026-10-03T00:03:34Z,M,18,sold,False,BFI IMAX M 18
2026-10-03T00:03:34Z,M,17,sold,False,BFI IMAX M 17
2026-10-03T00:03:34Z,M,16,available,False,BFI IMAX M 16
2026-10-03T00:03:34Z,P,27,available,True,BFI IMAX P 27
2026-10-03T00:03:34Z,P,26,unavailable,False,BFI IMAX P 26
2026-10-03T00:03:34Z,P,6,unavailable,False,BFI IMAX P 6
2026-10-03T00:03:34Z,P,5,available,True,BFI IMAX P 5
2026-10-03T00:03:34Z,P,31,unavailable,False,BFI IMAX P 31
2026-10-03T00:03:34Z,P,30,available,True,BFI IMAX P 30
2026-10-03T00:03:34Z,P,2,available,True,BFI IMAX P 2
2026-10-03T00:03:34Z,P,1,unavailable,False,BFI IMAX P 1
2026-10-03T00:03:34Z,P,21,available,False,BFI IMAX P 21
2026-10-03T00:03:34Z,P,20,available,False,BFI IMAX P 20
2026-10-03T00:03:34Z,P,19,available,False,BFI IMAX P 19
2026-10-03T00:03:34Z,P,18,available,False,BFI IMAX P 18
2026-10-03T00:03:34Z,P,17,available,False,BFI IMAX P 17
2026-10-03T00:03:34Z,P,16,available,False,BFI IMAX P 16
2026-10-03T00:03:34Z,P,15,available,False,BFI IMAX P 15
2026-10-03T00:03:34Z,P,14,available,False,BFI IMAX P 14
2026-10-03T00:03:34Z,P,13,available,False,BFI IMAX P 13
2026-10-03T00:03:34Z,P,12,available,False,BFI IMAX P 12
2026-10-03T00:03:34Z,P,11,available,False,BFI IMAX P 11
2026-10-03T00:03:34Z,P,9,available,False,BFI IMAX P 9
2026-10-03T00:03:34Z,P,8,available,False,BFI IMAX P 8
2026-10-03T00:03:34Z,P,7,available,False,BFI IMAX P 7
2026-10-03T00:03:34Z,P,10,available,False,BFI IMAX P 10
2026-10-03T00:03:34Z,P,25,available,False,BFI IMAX P 25
2026-10-03T00:03:34Z,P,24,available,False,BFI IMAX P 24
2026-10-03T00:03:34Z,P,23,available,False,BFI IMAX P 23
2026-10-03T00:03:34Z,P,22,available,False,BFI IMAX P 22
2026-10-03T00:03:34Z,Q,18,sold,False,BFI IMAX Q 18
2026-10-03T00:03:34Z,Q,17,available,False,BFI IMAX Q 17
2026-10-03T00:03:34Z,Q,16,available,False,BFI IMAX Q 16
2026-10-03T00:03:34Z,Q,15,available,False,BFI IMAX Q 15
2026-10-03T00:03:34Z,Q,14,available,False,BFI IMAX Q 14
2026-10-03T00:03:34Z,Q,13,available,False,BFI IMAX Q 13
2026-10-03T00:03:34Z,Q,12,available,False,BFI IMAX Q 12
2026-10-03T00:03:34Z,Q,11,available,False,BFI IMAX Q 11
2026-10-03T00:03:34Z,Q,10,available,False,BFI IMAX Q 10
2026-10-03T00:03:34Z,Q,9,sold,False,BFI IMAX Q 9
2026-10-03T00:03:34Z,Q,8,sold,False,BFI IMAX Q 8
2026-10-03T00:03:34Z,Q,7,sold,False,BFI IMAX Q 7
2026-10-03T00:03:34Z,Q,6,available,False,BFI IMAX Q 6
2026-10-03T00:03:34Z,Q,5,available,False,BFI IMAX Q 5
2026-10-03T00:03:34Z,Q,4,available,False,BFI IMAX Q 4
2026-10-03T00:03:34Z,Q,3,available,False,BFI IMAX Q 3
2026-10-03T00:03:34Z,Q,2,available,False,BFI IMAX Q 2
2026-10-03T00:03:34Z,Q,1,available,False,BFI IMAX Q 1
2026-10-03T17:48:49Z,K,27,unavailable,False,BFI IMAX K 27
2026-10-03T17:48:49Z,K,26,unavailable,False,BFI IMAX K 26
2026-10-03T17:48:49Z,P,29,available,True,BFI IMAX P 29
2026-10-03T17:48:49Z,P,28,available,True,BFI IMAX P 28
2026-10-03T17:48:49Z,P,4,available,True,BFI IMAX P 4
2026-10-03T17:48:49Z,P,3,available,True,BFI IMAX P 3
2026-10-03T17:48:49Z,A,7,available,False,BFI IMAX A 7
2026-10-03T17:48:49Z,A,6,available,False,BFI IMAX A 6
2026-10-03T17:48:49Z,A,5,available,False,BFI IMAX A 5
2026-10-03T17:48:49Z,A,4,available,False,BFI IMAX A 4
2026-10-03T17:48:49Z,A,3,available,False,BFI IMAX A 3
2026-10-03T17:48:49Z,A,2,available,False,BFI IMAX A 2
2026-10-03T17:48:49Z,A,1,available,False,BFI IMAX A 1
2026-10-03T17:48:49Z,B,36,available,False,BFI IMAX B 36
2026-10-03T17:48:49Z,B,35,available,False,BFI IMAX B 35
2026-10-03T17:48:49Z,B,34,available,False,BFI IMAX B 34
2026-10-03T17:48:49Z,B,33,available,False,BFI IMAX B 33
2026-10-03T17:48:49Z,B,32,available,False,BFI IMAX B 32
2026-10-03T17:48:49Z,B,31,available,False,BFI IMAX B 31
2026-10-03T17:48:49Z,B,30,available,False,BFI IMAX B 30
2026-10-03T17:48:49Z,B,29,available,False,BFI IMAX B 29
2026-10-03T17:48:49Z,B,28,available,False,BFI IMAX B 28
2026-10-03T17:48:49Z,B,27,available,False,BFI IMAX B 27
2026-10-03T17:48:49Z,B,26,available,False,BFI IMAX B 26
2026-10-03T17:48:49Z,B,25,available,False,BFI IMAX B 25
2026-10-03T17:48:49Z,B,24,available,False,BFI IMAX B 24
2026-10-03T17:48:49Z,B,23,available,False,BFI IMAX B 23
2026-10-03T17:48:49Z,B,22,available,False,BFI IMAX B 22
2026-10-03T17:48:49Z,B,21,available,False,BFI IMAX B 21
2026-10-03T17:48:49Z,B,20,available,False,BFI IMAX B 20
2026-10-03T17:48:49Z,B,19,available,False,BFI IMAX B 19
2026-10-03T17:48:49Z,B,18,available,False,BFI IMAX B 18
2026-10-03T17:48:49Z,B,17,available,False,BFI IMAX B 17
2026-10-03T17:48:49Z,B,16,available,False,BFI IMAX B 16
2026-10-03T17:48:49Z,B,15,available,False,BFI IMAX B 15
2026-10-03T17:48:49Z,B,14,available,False,BFI IMAX B 14
2026-10-03T17:48:49Z,B,13,available,False,BFI IMAX B 13
2026-10-03T17:48:49Z,B,12,available,False,BFI IMAX B 12
2026-10-03T17:48:49Z,B,11,available,False,BFI IMAX B 11
2026-10-03T17:48:49Z,B,10,available,False,BFI IMAX B 10
2026-10-03T17:48:49Z,B,9,available,False,BFI IMAX B 9
2026-10-03T17:48:49Z,B,8,available,False,BFI IMAX B 8
2026-10-03T17:48:49Z,B,7,available,False,BFI IMAX B 7
2026-10-03T17:48:49Z,B,6,available,False,BFI IMAX B 6
2026-10-03T17:48:49Z,B,5,available,False,BFI IMAX B 5
2026-10-03T17:48:49Z,B,4,available,False,BFI IMAX B 4
2026-10-03T17:48:49Z,B,3,available,False,BFI IMAX B 3
2026-10-03T17:48:49Z,B,2,available,False,BFI IMAX B 2
2026-10-03T17:48:49Z,B,1,available,False,BFI IMAX B 1
2026-10-03T17:48:49Z,C,36,available,False,BFI IMAX C 36
2026-10-03T17:48:49Z,C,35,available,False,BFI IMAX C 35
2026-10-03T17:48:49Z,C,34,available,False,BFI IMAX C 34
2026-10-03T17:48:49Z,C,33,available,False,BFI IMAX C 33
2026-10-03T17:48:49Z,C,32,available,False,BFI IMAX C 32
2026-10-03T17:48:49Z,C,31,available,False,BFI IMAX C 31
2026-10-03T17:48:49Z,C,30,available,False,BFI IMAX C 30
2026-10-03T17:48:49Z,C,29,available,False,BFI IMAX C 29
2026-10-03T17:48:49Z,C,28,available,False,BFI IMAX C 28
2026-10-03T17:48:49Z,C,27,available,False,BFI IMAX C 27
2026-10-03T17:48:49Z,C,26,available,False,BFI IMAX C 26
2026-10-03T17:48:49Z,C,25,sold,False,BFI IMAX C 25
2026-10-03T17:48:49Z,C,24,available,False,BFI IMAX C 24
2026-10-03T17:48:49Z,C,23,available,False,BFI IMAX C 23
2026-10-03T17:48:49Z,C,22,available,False,BFI IMAX C 22
2026-10-03T17:48:49Z,C,21,available,False,BFI IMAX C 21
2026-10-03T17:48:49Z,C,20,available,False,BFI IMAX C 20
2026-10-03T17:48:49Z,C,19,available,False,BFI IMAX C 19
2026-10-03T17:48:49Z,C,18,available,False,BFI IMAX C 18
2026-10-03T17:48:49Z,C,17,available,False,BFI IMAX C 17
2026-10-03T17:48:49Z,C,16,available,False,BFI IMAX C 16
2026-10-03T17:48:49Z,C,15,available,False,BFI IMAX C 15
2026-10-03T17:48:49Z,C,14,available,False,BFI IMAX C 14
2026-10-03T17:48:49Z,C,13,available,False,BFI IMAX C 13
2026-10-03T17:48:49Z,C,12,available,False,BFI IMAX C 12
2026-10-03T17:48:49Z,C,11,available,False,BFI IMAX C 11
2026-10-03T17:48:49Z,C,10,available,False,BFI IMAX C 10
2026-10-03T17:48:49Z,C,9,available,False,BFI IMAX C 9
2026-10-03T17:48:49Z,C,8,available,False,BFI IMAX C 8
2026-10-03T17:48:49Z,C,7,available,False,BFI IMAX C 7
2026-10-03T17:48:49Z,C,6,available,False,BFI IMAX C 6
2026-10-03T17:48:49Z,C,5,available,False,BFI IMAX C 5
2026-10-03T17:48:49Z,C,4,available,False,BFI IMAX C 4
2026-10-03T17:48:49Z,C,3,available,False,BFI IMAX C 3
2026-10-03T17:48:49Z,C,2,available,False,BFI IMAX C 2
2026-10-03T17:48:49Z,C,1,available,False,BFI IMAX C 1
2026-10-03T17:48:49Z,D,37,available,False,BFI IMAX D 37
2026-10-03T17:48:49Z,D,36,available,False,BFI IMAX D 36
2026-10-03T17:48:49Z,D,35,available,False,BFI IMAX D 35
2026-10-03T17:48:49Z,D,34,available,False,BFI IMAX D 34
2026-10-03T17:48:49Z,D,33,available,False,BFI IMAX D 33
2026-10-03T17:48:49Z,D,32,available,False,BFI IMAX D 32
2026-10-03T17:48:49Z,D,31,available,False,BFI IMAX D 31
2026-10-03T17:48:49Z,D,30,available,False,BFI IMAX D 30
2026-10-03T17:48:49Z,D,29,available,False,BFI IMAX D 29
2026-10-03T17:48:49Z,D,28,available,False,BFI IMAX D 28
2026-10-03T17:48:49Z,D,27,available,False,BFI IMAX D 27
2026-10-03T17:48:49Z,D,26,available,False,BFI IMAX D 26
2026-10-03T17:48:49Z,D,25,available,False,BFI IMAX D 25
2026-10-03T17:48:49Z,D,24,available,False,BFI IMAX D 24
2026-10-03T17:48:49Z,D,23,available,False,BFI IMAX D 23
2026-10-03T17:48:49Z,D,22,available,False,BFI IMAX D 22
2026-10-03T17:48:49Z,D,21,available,False,BFI IMAX D 21
2026-10-03T17:48:49Z,D,20,available,False,BFI IMAX D 20
2026-10-03T17:48:49Z,D,19,available,False,BFI IMAX D 19
2026-10-03T17:48:49Z,D,18,available,False,BFI IMAX D 18
2026-10-03T17:48:49Z,D,17,available,False,BFI IMAX D 17
2026-10-03T17:48:49Z,D,16,available,False,BFI IMAX D 16
2026-10-03T17:48:49Z,D,15,available,False,BFI IMAX D 15
2026-10-03T17:48:49Z,D,14,available,False,BFI IMAX D 14
2026-10-03T17:48:49Z,D,13,available,False,BFI IMAX D 13
2026-10-03T17:48:49Z,D,12,available,False,BFI IMAX D 12
2026-10-03T17:48:49Z,D,11,available,False,BFI IMAX D 11
2026-10-03T17:48:49Z,D,10,available,False,BFI IMAX D 10
2026-10-03T17:48:49Z,D,9,available,False,BFI IMAX D 9
2026-10-03T17:48:49Z,D,8,available,False,BFI IMAX D 8
2026-10-03T17:48:49Z,D,7,available,False,BFI IMAX D 7
2026-10-03T17:48:49Z,D,6,available,False,BFI IMAX D 6
2026-10-03T17:48:49Z,D,5,available,False,BFI IMAX D 5
2026-10-03T17:48:49Z,D,4,available,False,BFI IMAX D 4
2026-10-03T17:48:49Z,D,3,available,False,BFI IMAX D 3
2026-10-03T17:48:49Z,D,2,available,False,BFI IMAX D 2
2026-10-03T17:48:49Z,D,1,available,False,BFI IMAX D 1
2026-10-03T17:48:49Z,E,37,available,False,BFI IMAX E 37
2026-10-03T17:48:49Z,E,36,available,False,BFI IMAX E 36
2026-10-03T17:48:49Z,E,35,available,False,BFI IMAX E 35
2026-10-03T17:48:49Z,E,34,available,False,BFI IMAX E 34
2026-10-03T17:48:49Z,E,33,available,False,BFI IMAX E 33
2026-10-03T17:48:49Z,E,32,available,False,BFI IMAX E 32
2026-10-03T17:48:49Z,E,31,available,False,BFI IMAX E 31
2026-10-03T17:48:49Z,E,30,available,False,BFI IMAX E 30
2026-10-03T17:48:49Z,E,29,available,False,BFI IMAX E 29
2026-10-03T17:48:49Z,E,28,available,False,BFI IMAX E 28
2026-10-03T17:48:49Z,E,27,available,False,BFI IMAX E 27
2026-10-03T17:48:49Z,E,26,available,False,BFI IMAX E 26
2026-10-03T17:48:49Z,E,25,available,False,BFI IMAX E 25
2026-10-03T17:48:49Z,E,24,available,False,BFI IMAX E 24
2026-10-03T17:48:49Z,E,23,available,False,BFI IMAX E 23
2026-10-03T17:48:49Z,E,22,available,False,BFI IMAX E 22
2026-10-03T17:48:49Z,E,21,available,False,BFI IMAX E 21
2026-10-03T17:48:49Z,E,20,available,False,BFI IMAX E 20
2026-10-03T17:48:49Z,E,19,available,False,BFI IMAX E 19
2026-10-03T17:48:49Z,E,18,available,False,BFI IMAX E 18
2026-10-03T17:48:49Z,E,17,available,False,BFI IMAX E 17
2026-10-03T17:48:49Z,E,16,available,False,BFI IMAX E 16
2026-10-03T17:48:49Z,E,15,available,False,BFI IMAX E 15
2026-10-03T17:48:49Z,E,14,available,False,BFI IMAX E 14
2026-10-03T17:48:49Z,E,13,available,False,BFI IMAX E 13
2026-10-03T17:48:49Z,E,12,available,False,BFI IMAX E 12
2026-10-03T17:48:49Z,E,11,available,False,BFI IMAX E 11
2026-10-03T17:48:49Z,E,10,available,False,BFI IMAX E 10
2026-10-03T17:48:49Z,E,9,available,False,BFI IMAX E 9
2026-10-03T17:48:49Z,E,8,available,False,BFI IMAX E 8
2026-10-03T17:48:49Z,E,7,available,False,BFI IMAX E 7
2026-10-03T17:48:49Z,E,6,available,False,BFI IMAX E 6
2026-10-03T17:48:49Z,E,5,available,False,BFI IMAX E 5
2026-10-03T17:48:49Z,E,4,available,False,BFI IMAX E 4
2026-10-03T17:48:49Z,E,3,available,False,BFI IMAX E 3
2026-10-03T17:48:49Z,E,2,available,False,BFI IMAX E 2
2026-10-03T17:48:49Z,E,1,available,False,BFI IMAX E 1
2026-10-03T17:48:49Z,F,38,available,False,BFI IMAX F 38
2026-10-03T17:48:49Z,F,37,available,False,BFI IMAX F 37
2026-10-03T17:48:49Z,F,36,available,False,BFI IMAX F 36
2026-10-03T17:48:49Z,F,35,available,False,BFI IMAX F 35
2026-10-03T17:48:49Z,F,34,available,False,BFI IMAX F 34
2026-10-03T17:48:49Z,F,33,available,False,BFI IMAX F 33
2026-10-03T17:48:49Z,F,32,available,False,BFI IMAX F 32
2026-10-03T17:48:49Z,F,31,available,False,BFI IMAX F 31
2026-10-03T17:48:49Z,F,30,available,False,BFI IMAX F 30
2026-10-03T17:48:49Z,F,29,available,False,BFI IMAX F 29
2026-10-03T17:48:49Z,F,28,available,False,BFI IMAX F 28
2026-10-03T17:48:49Z,F,27,available,False,BFI IMAX F 27
2026-10-03T17:48:49Z,F,26,available,False,BFI IMAX F 26
2026-10-03T17:48:49Z,F,25,available,False,BFI IMAX F 25
2026-10-03T17:48:49Z,F,24,available,False,BFI IMAX F 24
2026-10-03T17:48:49Z,F,23,available,False,BFI IMAX F 23
2026-10-03T17:48:49Z,F,22,available,False,BFI IMAX F 22
2026-10-03T17:48:49Z,F,21,available,False,BFI IMAX F 21
2026-10-03T17:48:49Z,F,20,available,False,BFI IMAX F 20
2026-10-03T17:48:49Z,F,19,available,False,BFI IMAX F 19
2026-10-03T17:48:49Z,F,18,available,False,BFI IMAX F 18
2026-10-03T17:48:49Z,F,17,available,False,BFI IMAX F 17
2026-10-03T17:48:49Z,F,16,available,False,BFI IMAX F 16
2026-10-03T17:48:49Z,F,15,available,False,BFI IMAX F 15
2026-10-03T17:48:49Z,F,14,available,False,BFI IMAX F 14
2026-10-03T17:48:49Z,F,13,available,False,BFI IMAX F 13
2026-10-03T17:48:49Z,F,12,available,False,BFI IMAX F 12
2026-10-03T17:48:49Z,F,11,available,False,BFI IMAX F 11
2026-10-03T17:48:49Z,F,10,available,False,BFI IMAX F 10
2026-10-03T17:48:49Z,F,9,available,False,BFI IMAX F 9
2026-10-03T17:48:49Z,F,8,available,False,BFI IMAX F 8
2026-10-03T17:48:49Z,F,7,available,False,BFI IMAX F 7
2026-10-03T17:48:49Z,F,6,available,False,BFI IMAX F 6
2026-10-03T17:48:49Z,F,5,available,False,BFI IMAX F 5
2026-10-03T17:48:49Z,F,4,available,False,BFI IMAX F 4
2026-10-03T17:48:49Z,F,3,available,False,BFI IMAX F 3
2026-10-03T17:48:49Z,F,2,available,False,BFI IMAX F 2
2026-10-03T17:48:49Z,F,1,available,False,BFI IMAX F 1
2026-10-03T17:48:49Z,G,37,available,False,BFI IMAX G 37
2026-10-03T17:48:49Z,G,36,available,False,BFI IMAX G 36
2026-10-03T17:48:49Z,G,35,available,False,BFI IMAX G 35
2026-10-03T17:48:49Z,G,34,available,False,BFI IMAX G 34
2026-10-03T17:48:49Z,G,33,available,False,BFI IMAX G 33
2026-10-03T17:48:49Z,G,32,available,False,BFI IMAX G 32
2026-10-03T17:48:49Z,G,31,available,False,BFI IMAX G 31
2026-10-03T17:48:49Z,G,30,available,False,BFI IMAX G 30
2026-10-03T17:48:49Z,G,29,available,False,BFI IMAX G 29
2026-10-03T17:48:49Z,G,28,available,False,BFI IMAX G 28
2026-10-03T17:48:49Z,G,27,available,False,BFI IMAX G 27
2026-10-03T17:48:49Z,G,26,available,False,BFI IMAX G 26
2026-10-03T17:48:49Z,G,25,available,False,BFI IMAX G 25
2026-10-03T17:48:49Z,G,24,available,False,BFI IMAX G 24
2026-10-03T17:48:49Z,G,23,available,False,BFI IMAX G 23
2026-10-03T17:48:49Z,G,22,available,False,BFI IMAX G 22
2026-10-03T17:48:49Z,G,21,available,False,BFI IMAX G 21
2026-10-03T17:48:49Z,G,20,available,False,BFI IMAX G 20
2026-10-03T17:48:49Z,G,19,available,False,BFI IMAX G 19
2026-10-03T17:48:49Z,G,18,available,False,BFI IMAX G 18
2026-10-03T17:48:49Z,G,17,available,False,BFI IMAX G 17
2026-10-03T17:48:49Z,G,16,available,False,BFI IMAX G 16
2026-10-03T17:48:49Z,G,15,available,False,BFI IMAX G 15
2026-10-03T17:48:49Z,G,14,available,False,BFI IMAX G 14
2026-10-03T17:48:49Z,G,13,available,False,BFI IMAX G 13
2026-10-03T17:48:49Z,G,12,available,False,BFI IMAX G 12
2026-10-03T17:48:49Z,G,11,available,False,BFI IMAX G 11
2026-10-03T17:48:49Z,G,10,available,False,BFI IMAX G 10
2026-10-03T17:48:49Z,G,9,available,False,BFI IMAX G 9
2026-10-03T17:48:49Z,G,8,available,False,BFI IMAX G 8
2026-10-03T17:48:49Z,G,7,available,False,BFI IMAX G 7
2026-10-03T17:48:49Z,G,6,available,False,BFI IMAX G 6
2026-10-03T17:48:49Z,G,5,available,False,BFI IMAX G 5
2026-10-03T17:48:49Z,G,4,available,False,BFI IMAX G 4
2026-10-03T17:48:49Z,G,3,available,False,BFI IMAX G 3
2026-10-03T17:48:49Z,G,2,available,False,BFI IMAX G 2
2026-10-03T17:48:49Z,G,1,available,False,BFI IMAX G 1
2026-10-03T17:48:49Z,H,37,available,False,BFI IMAX H 37
2026-10-03T17:48:49Z,H,36,available,False,BFI IMAX H 36
2026-10-03T17:48:49Z,H,35,available,False,BFI IMAX H 35
2026-10-03T17:48:49Z,H,34,available,False,BFI IMAX H 34
2026-10-03T17:48:49Z,H,33,available,False,BFI IMAX H 33
2026-10-03T17:48:49Z,H,32,available,False,BFI IMAX H 32
2026-10-03T17:48:49Z,H,31,available,False,BFI IMAX H 31
2026-10-03T17:48:49Z,H,30,available,False,BFI IMAX H 30
2026-10-03T17:48:49Z,H,29,available,False,BFI IMAX H 29
2026-10-03T17:48:49Z,H,28,available,False,BFI IMAX H 28
2026-10-03T17:48:49Z,H,27,available,False,BFI IMAX H 27
2026-10-03T17:48:49Z,H,26,available,False,BFI IMAX H 26
2026-10-03T17:48:49Z,H,25,available,False,BFI IMAX H 25
2026-10-03T17:48:49Z,H,24,available,False,BFI IMAX H 24
2026-10-03T17:48:49Z,H,23,available,False,BFI IMAX H 23
2026-10-03T17:48:49Z,H,22,available,False,BFI IMAX H 22
2026-10-03T17:48:49Z,H,21,available,False,BFI IMAX H 21
2026-10-03T17:48:49Z,H,20,available,False,BFI IMAX H 20
2026-10-03T17:48:49Z,H,19,available,False,BFI IMAX H 19
2026-10-03T17:48:49Z,H,18,available,False,BFI IMAX H 18
2026-10-03T17:48:49Z,H,17,available,False,BFI IMAX H 17
2026-10-03T17:48:49Z,H,16,available,False,BFI IMAX H 16
2026-10-03T17:48:49Z,H,15,available,False,BFI IMAX H 15
2026-10-03T17:48:49Z,H,14,available,False,BFI IMAX H 14
2026-10-03T17:48:49Z,H,13,available,False,BFI IMAX H 13
2026-10-03T17:48:49Z,H,12,available,False,BFI IMAX H 12
2026-10-03T17:48:49Z,H,11,available,False,BFI IMAX H 11
2026-10-03T17:48:49Z,H,10,available,False,BFI IMAX H 10
2026-10-03T17:48:49Z,H,9,available,False,BFI IMAX H 9
2026-10-03T17:48:49Z,H,8,available,False,BFI IMAX H 8
2026-10-03T17:48:49Z,H,7,available,False,BFI IMAX H 7
2026-10-03T17:48:49Z,H,6,available,False,BFI IMAX H 6
2026-10-03T17:48:49Z,H,5,available,False,BFI IMAX H 5
2026-10-03T17:48:49Z,H,4,available,False,BFI IMAX H 4
2026-10-03T17:48:49Z,H,3,available,False,BFI IMAX H 3
2026-10-03T17:48:49Z,H,2,available,False,BFI IMAX H 2
2026-10-03T17:48:49Z,H,1,available,False,BFI IMAX H 1
2026-10-03T17:48:49Z,J,36,available,False,BFI IMAX J 36
2026-10-03T17:48:49Z,J,35,available,False,BFI IMAX J 35
2026-10-03T17:48:49Z,J,34,available,False,BFI IMAX J 34
2026-10-03T17:48:49Z,J,33,available,False,BFI IMAX J 33
2026-10-03T17:48:49Z,J,32,available,False,BFI IMAX J 32
2026-10-03T17:48:49Z,J,31,available,False,BFI IMAX J 31
2026-10-03T17:48:49Z,J,30,available,False,BFI IMAX J 30
2026-10-03T17:48:49Z,J,29,available,False,BFI IMAX J 29
2026-10-03T17:48:49Z,J,28,available,False,BFI IMAX J 28
2026-10-03T17:48:49Z,J,27,available,False,BFI IMAX J 27
2026-10-03T17:48:49Z,J,26,available,False,BFI IMAX J 26
2026-10-03T17:48:49Z,J,25,available,False,BFI IMAX J 25
2026-10-03T17:48:49Z,J,24,available,False,BFI IMAX J 24
2026-10-03T17:48:49Z,J,23,available,False,BFI IMAX J 23
2026-10-03T17:48:49Z,J,22,available,False,BFI IMAX J 22
2026-10-03T17:48:49Z,J,21,available,False,BFI IMAX J 21
2026-10-03T17:48:49Z,J,20,sold,False,BFI IMAX J 20
2026-10-03T17:48:49Z,J,19,available,False,BFI IMAX J 19
2026-10-03T17:48:49Z,J,18,available,False,BFI IMAX J 18
2026-10-03T17:48:49Z,J,17,available,False,BFI IMAX J 17
2026-10-03T17:48:49Z,J,16,available,False,BFI IMAX J 16
2026-10-03T17:48:49Z,J,15,available,False,BFI IMAX J 15
2026-10-03T17:48:49Z,J,14,available,False,BFI IMAX J 14
2026-10-03T17:48:49Z,J,13,available,False,BFI IMAX J 13
2026-10-03T17:48:49Z,J,12,available,False,BFI IMAX J 12
2026-10-03T17:48:49Z,J,11,available,False,BFI IMAX J 11
2026-10-03T17:48:49Z,J,10,available,False,BFI IMAX J 10
2026-10-03T17:48:49Z,J,9,available,False,BFI IMAX J 9
2026-10-03T17:48:49Z,J,8,available,False,BFI IMAX J 8
2026-10-03T17:48:49Z,J,7,available,False,BFI IMAX J 7
2026-10-03T17:48:49Z,J,6,available,False,BFI IMAX J 6
2026-10-03T17:48:49Z,J,5,available,False,BFI IMAX J 5
2026-10-03T17:48:49Z,J,4,available,False,BFI IMAX J 4
2026-10-03T17:48:49Z,J,3,available,False,BFI IMAX J 3
2026-10-03T17:48:49Z,J,2,available,False,BFI IMAX J 2
2026-10-03T17:48:49Z,J,1,available,False,BFI IMAX J 1
2026-10-03T17:48:49Z,K,36,available,False,BFI IMAX K 36
2026-10-03T17:48:49Z,K,35,available,False,BFI IMAX K 35
2026-10-03T17:48:49Z,K,34,available,False,BFI IMAX K 34
2026-10-03T17:48:49Z,K,33,available,False,BFI IMAX K 33
2026-10-03T17:48:49Z,K,32,available,False,BFI IMAX K 32
2026-10-03T17:48:49Z,K,31,available,False,BFI IMAX K 31
2026-10-03T17:48:49Z,K,30,available,False,BFI IMAX K 30
2026-10-03T17:48:49Z,K,29,available,False,BFI IMAX K 29
2026-10-03T17:48:49Z,K,28,available,False,BFI IMAX K 28
2026-10-03T17:48:49Z,A,13,available,False,BFI IMAX A 13
2026-10-03T17:48:49Z,A,12,available,False,BFI IMAX A 12
2026-10-03T17:48:49Z,K,25,available,False,BFI IMAX K 25
2026-10-03T17:48:49Z,K,24,available,False,BFI IMAX K 24
2026-10-03T17:48:49Z,K,23,available,False,BFI IMAX K 23
2026-10-03T17:48:49Z,K,22,available,False,BFI IMAX K 22
2026-10-03T17:48:49Z,K,21,available,False,BFI IMAX K 21
2026-10-03T17:48:49Z,K,20,available,False,BFI IMAX K 20
2026-10-03T17:48:49Z,K,19,sold,False,BFI IMAX K 19
2026-10-03T17:48:49Z,K,18,available,False,BFI IMAX K 18
2026-10-03T17:48:49Z,K,17,available,False,BFI IMAX K 17
2026-10-03T17:48:49Z,K,16,available,False,BFI IMAX K 16
2026-10-03T17:48:49Z,K,15,available,False,BFI IMAX K 15
2026-10-03T17:48:49Z,K,14,available,False,BFI IMAX K 14
2026-10-03T17:48:49Z,K,13,available,False,BFI IMAX K 13
2026-10-03T17:48:49Z,K,12,available,False,BFI IMAX K 12
2026-10-03T17:48:49Z,K,11,available,False,BFI IMAX K 11
2026-10-03T17:48:49Z,K,10,available,False,BFI IMAX K 10
2026-10-03T17:48:49Z,K,9,available,False,BFI IMAX K 9
2026-10-03T17:48:49Z,K,8,available,False,BFI IMAX K 8
2026-10-03T17:48:49Z,K,7,available,False,BFI IMAX K 7
2026-10-03T17:48:49Z,K,6,available,False,BFI IMAX K 6
2026-10-03T17:48:49Z,K,5,available,False,BFI IMAX K 5
2026-10-03T17:48:49Z,K,4,available,False,BFI IMAX K 4
2026-10-03T17:48:49Z,K,3,available,False,BFI IMAX K 3
2026-10-03T17:48:49Z,K,2,available,False,BFI IMAX K 2
2026-10-03T17:48:49Z,K,1,available,False,BFI IMAX K 1
2026-10-03T17:48:49Z,L,33,available,False,BFI IMAX L 33
2026-10-03T17:48:49Z,L,32,available,False,BFI IMAX L 32
2026-10-03T17:48:49Z,L,31,available,False,BFI IMAX L 31
2026-10-03T17:48:49Z,L,30,available,False,BFI IMAX L 30
2026-10-03T17:48:49Z,L,29,available,False,BFI IMAX L 29
2026-10-03T17:48:49Z,L,28,available,False,BFI IMAX L 28
2026-10-03T17:48:49Z,L,27,available,False,BFI IMAX L 27
2026-10-03T17:48:49Z,L,26,available,False,BFI IMAX L 26
2026-10-03T17:48:49Z,L,8,available,False,BFI IMAX L 8
2026-10-03T17:48:49Z,L,7,available,False,BFI IMAX L 7
2026-10-03T17:48:49Z,L,6,available,False,BFI IMAX L 6
2026-10-03T17:48:49Z,L,5,available,False,BFI IMAX L 5
2026-10-03T17:48:49Z,L,4,available,False,BFI IMAX L 4
2026-10-03T17:48:49Z,L,3,available,False,BFI IMAX L 3
2026-10-03T17:48:49Z,L,2,available,False,BFI IMAX L 2
2026-10-03T17:48:49Z,L,1,available,False,BFI IMAX L 1
2026-10-03T17:48:49Z,M,34,available,False,BFI IMAX M 34
2026-10-03T17:48:49Z,M,33,available,False,BFI IMAX M 33
2026-10-03T17:48:49Z,M,32,available,False,BFI IMAX M 32
2026-10-03T17:48:49Z,M,31,available,False,BFI IMAX M 31
2026-10-03T17:48:49Z,M,30,available,False,BFI IMAX M 30
2026-10-03T17:48:49Z,M,29,available,False,BFI IMAX M 29
2026-10-03T17:48:49Z,M,28,available,False,BFI IMAX M 28
2026-10-03T17:48:49Z,M,27,sold,False,BFI IMAX M 27
2026-10-03T17:48:49Z,M,8,available,False,BFI IMAX M 8
2026-10-03T17:48:49Z,M,7,available,False,BFI IMAX M 7
2026-10-03T17:48:49Z,M,6,available,False,BFI IMAX M 6
2026-10-03T17:48:49Z,M,5,available,False,BFI IMAX M 5
2026-10-03T17:48:49Z,M,4,available,False,BFI IMAX M 4
2026-10-03T17:48:49Z,M,3,available,False,BFI IMAX M 3
2026-10-03T17:48:49Z,M,2,available,False,BFI IMAX M 2
2026-10-03T17:48:49Z,M,1,available,False,BFI IMAX M 1
2026-10-03T17:48:49Z,N,34,unavailable,False,BFI IMAX N 34
2026-10-03T17:48:49Z,N,33,unavailable,False,BFI IMAX N 33
2026-10-03T17:48:49Z,N,32,unavailable,False,BFI IMAX N 32
2026-10-03T17:48:49Z,N,31,unavailable,False,BFI IMAX N 31
2026-10-03T17:48:49Z,N,30,unavailable,False,BFI IMAX N 30
2026-10-03T17:48:49Z,N,29,unavailable,False,BFI IMAX N 29
2026-10-03T17:48:49Z,N,28,unavailable,False,BFI IMAX N 28
2026-10-03T17:48:49Z,N,27,unavailable,False,BFI IMAX N 27
2026-10-03T17:48:49Z,N,8,available,False,BFI IMAX N 8
2026-10-03T17:48:49Z,N,7,available,False,BFI IMAX N 7
2026-10-03T17:48:49Z,N,6,available,False,BFI IMAX N 6
2026-10-03T17:48:49Z,N,5,available,False,BFI IMAX N 5
2026-10-03T17:48:49Z,N,4,available,False,BFI IMAX N 4
2026-10-03T17:48:49Z,N,3,available,False,BFI IMAX N 3
2026-10-03T17:48:49Z,N,2,available,False,BFI IMAX N 2
2026-10-03T17:48:49Z,N,1,available,False,BFI IMAX N 1
2026-10-03T17:48:49Z,A,11,available,False,BFI IMAX A 11
2026-10-03T17:48:49Z,A,10,available,False,BFI IMAX A 10
2026-10-03T17:48:49Z,A,9,available,False,BFI IMAX A 9
2026-10-03T17:48:49Z,A,8,available,False,BFI IMAX A 8
2026-10-03T17:48:49Z,M,15,available,False,BFI IMAX M 15
2026-10-03T17:48:49Z,M,14,available,False,BFI IMAX M 14
2026-10-03T17:48:49Z,M,13,available,False,BFI IMAX M 13
2026-10-03T17:48:49Z,M,12,available,False,BFI IMAX M 12
2026-10-03T17:48:49Z,M,11,available,False,BFI IMAX M 11
2026-10-03T17:48:49Z,M,10,available,False,BFI IMAX M 10
2026-10-03T17:48:49Z,M,9,available,False,BFI IMAX M 9
2026-10-03T17:48:49Z,L,9,available,False,BFI IMAX L 9
2026-10-03T17:48:49Z,L,25,available,False,BFI IMAX L 25
2026-10-03T17:48:49Z,L,24,available,False,BFI IMAX L 24
2026-10-03T17:48:49Z,L,23,available,False,BFI IMAX L 23
2026-10-03T17:48:49Z,L,22,available,False,BFI IMAX L 22
2026-10-03T17:48:49Z,L,21,available,False,BFI IMAX L 21
2026-10-03T17:48:49Z,L,20,available,False,BFI IMAX L 20
2026-10-03T17:48:49Z,L,19,available,False,BFI IMAX L 19
2026-10-03T17:48:49Z,L,18,sold,False,BFI IMAX L 18
2026-10-03T17:48:49Z,L,17,sold,False,BFI IMAX L 17
2026-10-03T17:48:49Z,L,16,available,False,BFI IMAX L 16
2026-10-03T17:48:49Z,L,15,available,False,BFI IMAX L 15
2026-10-03T17:48:49Z,L,14,available,False,BFI IMAX L 14
2026-10-03T17:48:49Z,L,13,available,False,BFI IMAX L 13
2026-10-03T17:48:49Z,L,12,available,False,BFI IMAX L 12
2026-10-03T17:48:49Z,L,11,available,False,BFI IMAX L 11
2026-10-03T17:48:49Z,N,26,unavailable,False,BFI IMAX N 26
2026-10-03T17:48:49Z,N,25,unavailable,False,BFI IMAX N 25
2026-10-03T17:48:49Z,N,24,unavailable,False,BFI IMAX N 24
2026-10-03T17:48:49Z,N,23,unavailable,False,BFI IMAX N 23
2026-10-03T17:48:49Z,N,22,available,False,BFI IMAX N 22
2026-10-03T17:48:49Z,N,21,available,False,BFI IMAX N 21
2026-10-03T17:48:49Z,N,20,available,False,BFI IMAX N 20
2026-10-03T17:48:49Z,N,19,available,False,BFI IMAX N 19
2026-10-03T17:48:49Z,N,18,sold,False,BFI IMAX N 18
2026-10-03T17:48:49Z,N,17,available,False,BFI IMAX N 17
2026-10-03T17:48:49Z,N,16,available,False,BFI IMAX N 16
2026-10-03T17:48:49Z,N,15,available,False,BFI IMAX N 15
2026-10-03T17:48:49Z,N,14,available,False,BFI IMAX N 14
2026-10-03T17:48:49Z,N,13,available,False,BFI IMAX N 13
2026-10-03T17:48:49Z,N,12,unavailable,False,BFI IMAX N 12
2026-10-03T17:48:49Z,N,11,unavailable,False,BFI IMAX N 11
2026-10-03T17:48:49Z,N,10,unavailable,False,BFI IMAX N 10
2026-10-03T17:48:49Z,N,9,unavailable,False,BFI IMAX N 9
2026-10-03T17:48:49Z,L,10,available,False,BFI IMAX L 10
2026-10-03T17:48:49Z,M,26,available,False,BFI IMAX M 26
2026-10-03T17:48:49Z,M,25,available,False,BFI IMAX M 25
2026-10-03T17:48:49Z,M,24,available,False,BFI IMAX M 24
2026-10-03T17:48:49Z,M,23,available,False,BFI IMAX M 23
2026-10-03T17:48:49Z,M,22,available,False,BFI IMAX M 22
2026-10-03T17:48:49Z,M,21,available,False,BFI IMAX M 21
2026-10-03T17:48:49Z,M,20,available,False,BFI IMAX M 20
2026-10-03T17:48:49Z,M,19,sold,False,BFI IMAX M 19
2026-10-03T17:48:49Z,M,18,sold,False,BFI IMAX M 18
2026-10-03T17:48:49Z,M,17,sold,False,BFI IMAX M 17
2026-10-03T17:48:49Z,M,16,available,False,BFI IMAX M 16
2026-10-03T17:48:49Z,P,27,available,True,BFI IMAX P 27
2026-10-03T17:48:49Z,P,26,unavailable,False,BFI IMAX P 26
2026-10-03T17:48:49Z,P,6,unavailable,False,BFI IMAX P 6
2026-10-03T17:48:49Z,P,5,available,True,BFI IMAX P 5
2026-10-03T17:48:49Z,P,31,unavailable,False,BFI IMAX P 31
2026-10-03T17:48:49Z,P,30,available,True,BFI IMAX P 30
2026-10-03T17:48:49Z,P,2,available,True,BFI IMAX P 2
2026-10-03T17:48:49Z,P,1,unavailable,False,BFI IMAX P 1
2026-10-03T17:48:49Z,P,21,available,False,BFI IMAX P 21
2026-10-03T17:48:49Z,P,20,available,False,BFI IMAX P 20
2026-10-03T17:48:49Z,P,19,available,False,BFI IMAX P 19
2026-10-03T17:48:49Z,P,18,available,False,BFI IMAX P 18
2026-10-03T17:48:49Z,P,17,available,False,BFI IMAX P 17
2026-10-03T17:48:49Z,P,16,available,False,BFI IMAX P 16
2026-10-03T17:48:49Z,P,15,available,False,BFI IMAX P 15
2026-10-03T17:48:49Z,P,14,available,False,BFI IMAX P 14
2026-10-03T17:48:49Z,P,13,available,False,BFI IMAX P 13
2026-10-03T17:48:49Z,P,12,available,False,BFI IMAX P 12
2026-10-03T17:48:49Z,P,11,available,False,BFI IMAX P 11
2026-10-03T17:48:49Z,P,9,available,False,BFI IMAX P 9
2026-10-03T17:48:49Z,P,8,available,False,BFI IMAX P 8
2026-10-03T17:48:49Z,P,7,available,False,BFI IMAX P 7
2026-10-03T17:48:49Z,P,10,available,False,BFI IMAX P 10
2026-10-03T17:48:49Z,P,25,available,False,BFI IMAX P 25
2026-10-03T17:48:49Z,P,24,available,False,BFI IMAX P 24
2026-10-03T17:48:49Z,P,23,available,False,BFI IMAX P 23
2026-10-03T17:48:49Z,P,22,available,False,BFI IMAX P 22
2026-10-03T17:48:49Z,Q,18,sold,False,BFI IMAX Q 18
2026-10-03T17:48:49Z,Q,17,available,False,BFI IMAX Q 17
2026-10-03T17:48:49Z,Q,16,available,False,BFI IMAX Q 16
2026-10-03T17:48:49Z,Q,15,available,False,BFI IMAX Q 15
2026-10-03T17:48:49Z,Q,14,available,False,BFI IMAX Q 14
2026-10-03T17:48:49Z,Q,13,available,False,BFI IMAX Q 13
2026-10-03T17:48:49Z,Q,12,available,False,BFI IMAX Q 12
2026-10-03T17:48:49Z,Q,11,available,False,BFI IMAX Q 11
2026-10-03T17:48:49Z,Q,10,available,False,BFI IMAX Q 10
2026-10-03T17:48:49Z,Q,9,sold,False,BFI IMAX Q 9
2026-10-03T17:48:49Z,Q,8,sold,False,BFI IMAX Q 8
2026-10-03T17:48:49Z,Q,7,sold,False,BFI IMAX Q 7
2026-10-03T17:48:49Z,Q,6,available,False,BFI IMAX Q 6
2026-10-03T17:48:49Z,Q,5,available,False,BFI IMAX Q 5
2026-10-03T17:48:49Z,Q,4,available,False,BFI IMAX Q 4
2026-10-03T17:48:49Z,Q,3,available,False,BFI IMAX Q 3
2026-10-03T17:48:49Z,Q,2,available,False,BFI IMAX Q 2
2026-10-03T17:48:49Z,Q,1,available,False,BFI IMAX Q 1
2026-10-03T20:25:16Z,K,27,unavailable,False,BFI IMAX K 27
2026-10-03T20:25:16Z,K,26,unavailable,False,BFI IMAX K 26
2026-10-03T20:25:16Z,P,29,available,True,BFI IMAX P 29
2026-10-03T20:25:16Z,P,28,available,True,BFI IMAX P 28
2026-10-03T20:25:16Z,P,4,available,True,BFI IMAX P 4
2026-10-03T20:25:16Z,P,3,available,True,BFI IMAX P 3
2026-10-03T20:25:16Z,A,7,available,False,BFI IMAX A 7
2026-10-03T20:25:16Z,A,6,available,False,BFI IMAX A 6
2026-10-03T20:25:16Z,A,5,available,False,BFI IMAX A 5
2026-10-03T20:25:16Z,A,4,available,False,BFI IMAX A 4
2026-10-03T20:25:16Z,A,3,available,False,BFI IMAX A 3
2026-10-03T20:25:16Z,A,2,available,False,BFI IMAX A 2
2026-10-03T20:25:16Z,A,1,available,False,BFI IMAX A 1
2026-10-03T20:25:16Z,B,36,available,False,BFI IMAX B 36
2026-10-03T20:25:16Z,B,35,available,False,BFI IMAX B 35
2026-10-03T20:25:16Z,B,34,available,False,BFI IMAX B 34
2026-10-03T20:25:16Z,B,33,available,False,BFI IMAX B 33
2026-10-03T20:25:16Z,B,32,available,False,BFI IMAX B 32
2026-10-03T20:25:16Z,B,31,available,False,BFI IMAX B 31
2026-10-03T20:25:16Z,B,30,available,False,BFI IMAX B 30
2026-10-03T20:25:16Z,B,29,available,False,BFI IMAX B 29
2026-10-03T20:25:16Z,B,28,available,False,BFI IMAX B 28
2026-10-03T20:25:16Z,B,27,available,False,BFI IMAX B 27
2026-10-03T20:25:16Z,B,26,available,False,BFI IMAX B 26
2026-10-03T20:25:16Z,B,25,available,False,BFI IMAX B 25
2026-10-03T20:25:16Z,B,24,available,False,BFI IMAX B 24
2026-10-03T20:25:16Z,B,23,available,False,BFI IMAX B 23
2026-10-03T20:25:16Z,B,22,available,False,BFI IMAX B 22
2026-10-03T20:25:16Z,B,21,available,False,BFI IMAX B 21
2026-10-03T20:25:16Z,B,20,available,False,BFI IMAX B 20
2026-10-03T20:25:16Z,B,19,available,False,BFI IMAX B 19
2026-10-03T20:25:16Z,B,18,available,False,BFI IMAX B 18
2026-10-03T20:25:16Z,B,17,available,False,BFI IMAX B 17
2026-10-03T20:25:16Z,B,16,available,False,BFI IMAX B 16
2026-10-03T20:25:16Z,B,15,available,False,BFI IMAX B 15
2026-10-03T20:25:16Z,B,14,available,False,BFI IMAX B 14
2026-10-03T20:25:16Z,B,13,available,False,BFI IMAX B 13
2026-10-03T20:25:16Z,B,12,available,False,BFI IMAX B 12
2026-10-03T20:25:16Z,B,11,available,False,BFI IMAX B 11
2026-10-03T20:25:16Z,B,10,available,False,BFI IMAX B 10
2026-10-03T20:25:16Z,B,9,available,False,BFI IMAX B 9
2026-10-03T20:25:16Z,B,8,available,False,BFI IMAX B 8
2026-10-03T20:25:16Z,B,7,available,False,BFI IMAX B 7
2026-10-03T20:25:16Z,B,6,available,False,BFI IMAX B 6
2026-10-03T20:25:16Z,B,5,available,False,BFI IMAX B 5
2026-10-03T20:25:16Z,B,4,available,False,BFI IMAX B 4
2026-10-03T20:25:16Z,B,3,available,False,BFI IMAX B 3
2026-10-03T20:25:16Z,B,2,available,False,BFI IMAX B 2
2026-10-03T20:25:16Z,B,1,available,False,BFI IMAX B 1
2026-10-03T20:25:16Z,C,36,available,False,BFI IMAX C 36
2026-10-03T20:25:16Z,C,35,available,False,BFI IMAX C 35
2026-10-03T20:25:16Z,C,34,available,False,BFI IMAX C 34
2026-10-03T20:25:16Z,C,33,available,False,BFI IMAX C 33
2026-10-03T20:25:16Z,C,32,available,False,BFI IMAX C 32
2026-10-03T20:25:16Z,C,31,available,False,BFI IMAX C 31
2026-10-03T20:25:16Z,C,30,available,False,BFI IMAX C 30
2026-10-03T20:25:16Z,C,29,available,False,BFI IMAX C 29
2026-10-03T20:25:16Z,C,28,available,False,BFI IMAX C 28
2026-10-03T20:25:16Z,C,27,available,False,BFI IMAX C 27
2026-10-03T20:25:16Z,C,26,available,False,BFI IMAX C 26
2026-10-03T20:25:16Z,C,25,sold,False,BFI IMAX C 25
2026-10-03T20:25:16Z,C,24,available,False,BFI IMAX C 24
2026-10-03T20:25:16Z,C,23,available,False,BFI IMAX C 23
2026-10-03T20:25:16Z,C,22,available,False,BFI IMAX C 22
2026-10-03T20:25:16Z,C,21,available,False,BFI IMAX C 21
2026-10-03T20:25:16Z,C,20,available,False,BFI IMAX C 20
2026-10-03T20:25:16Z,C,19,available,False,BFI IMAX C 19
2026-10-03T20:25:16Z,C,18,available,False,BFI IMAX C 18
2026-10-03T20:25:16Z,C,17,available,False,BFI IMAX C 17
2026-10-03T20:25:16Z,C,16,available,False,BFI IMAX C 16
2026-10-03T20:25:16Z,C,15,available,False,BFI IMAX C 15
2026-10-03T20:25:16Z,C,14,available,False,BFI IMAX C 14
2026-10-03T20:25:16Z,C,13,available,False,BFI IMAX C 13
2026-10-03T20:25:16Z,C,12,available,False,BFI IMAX C 12
2026-10-03T20:25:16Z,C,11,available,False,BFI IMAX C 11
2026-10-03T20:25:16Z,C,10,available,False,BFI IMAX C 10
2026-10-03T20:25:16Z,C,9,available,False,BFI IMAX C 9
2026-10-03T20:25:16Z,C,8,available,False,BFI IMAX C 8
2026-10-03T20:25:16Z,C,7,available,False,BFI IMAX C 7
2026-10-03T20:25:16Z,C,6,available,False,BFI IMAX C 6
2026-10-03T20:25:16Z,C,5,available,False,BFI IMAX C 5
2026-10-03T20:25:16Z,C,4,available,False,BFI IMAX C 4
2026-10-03T20:25:16Z,C,3,available,False,BFI IMAX C 3
2026-10-03T20:25:16Z,C,2,available,False,BFI IMAX C 2
2026-10-03T20:25:16Z,C,1,available,False,BFI IMAX C 1
2026-10-03T20:25:16Z,D,37,available,False,BFI IMAX D 37
2026-10-03T20:25:16Z,D,36,available,False,BFI IMAX D 36
2026-10-03T20:25:16Z,D,35,available,False,BFI IMAX D 35
2026-10-03T20:25:16Z,D,34,available,False,BFI IMAX D 34
2026-10-03T20:25:16Z,D,33,available,False,BFI IMAX D 33
2026-10-03T20:25:16Z,D,32,available,False,BFI IMAX D 32
2026-10-03T20:25:16Z,D,31,available,False,BFI IMAX D 31
2026-10-03T20:25:16Z,D,30,available,False,BFI IMAX D 30
2026-10-03T20:25:16Z,D,29,available,False,BFI IMAX D 29
2026-10-03T20:25:16Z,D,28,available,False,BFI IMAX D 28
2026-10-03T20:25:16Z,D,27,available,False,BFI IMAX D 27
2026-10-03T20:25:16Z,D,26,available,False,BFI IMAX D 26
2026-10-03T20:25:16Z,D,25,available,False,BFI IMAX D 25
2026-10-03T20:25:16Z,D,24,available,False,BFI IMAX D 24
2026-10-03T20:25:16Z,D,23,available,False,BFI IMAX D 23
2026-10-03T20:25:16Z,D,22,available,False,BFI IMAX D 22
2026-10-03T20:25:16Z,D,21,available,False,BFI IMAX D 21
2026-10-03T20:25:16Z,D,20,available,False,BFI IMAX D 20
2026-10-03T20:25:16Z,D,19,available,False,BFI IMAX D 19
2026-10-03T20:25:16Z,D,18,available,False,BFI IMAX D 18
2026-10-03T20:25:16Z,D,17,available,False,BFI IMAX D 17
2026-10-03T20:25:16Z,D,16,available,False,BFI IMAX D 16
2026-10-03T20:25:16Z,D,15,available,False,BFI IMAX D 15
2026-10-03T20:25:16Z,D,14,available,False,BFI IMAX D 14
2026-10-03T20:25:16Z,D,13,available,False,BFI IMAX D 13
2026-10-03T20:25:16Z,D,12,available,False,BFI IMAX D 12
2026-10-03T20:25:16Z,D,11,available,False,BFI IMAX D 11
2026-10-03T20:25:16Z,D,10,available,False,BFI IMAX D 10
2026-10-03T20:25:16Z,D,9,available,False,BFI IMAX D 9
2026-10-03T20:25:16Z,D,8,available,False,BFI IMAX D 8
2026-10-03T20:25:16Z,D,7,available,False,BFI IMAX D 7
2026-10-03T20:25:16Z,D,6,available,False,BFI IMAX D 6
2026-10-03T20:25:16Z,D,5,available,False,BFI IMAX D 5
2026-10-03T20:25:16Z,D,4,available,False,BFI IMAX D 4
2026-10-03T20:25:16Z,D,3,available,False,BFI IMAX D 3
2026-10-03T20:25:16Z,D,2,available,False,BFI IMAX D 2
2026-10-03T20:25:16Z,D,1,available,False,BFI IMAX D 1
2026-10-03T20:25:16Z,E,37,available,False,BFI IMAX E 37
2026-10-03T20:25:16Z,E,36,available,False,BFI IMAX E 36
2026-10-03T20:25:16Z,E,35,available,False,BFI IMAX E 35
2026-10-03T20:25:16Z,E,34,available,False,BFI IMAX E 34
2026-10-03T20:25:16Z,E,33,available,False,BFI IMAX E 33
2026-10-03T20:25:16Z,E,32,available,False,BFI IMAX E 32
2026-10-03T20:25:16Z,E,31,available,False,BFI IMAX E 31
2026-10-03T20:25:16Z,E,30,available,False,BFI IMAX E 30
2026-10-03T20:25:16Z,E,29,available,False,BFI IMAX E 29
2026-10-03T20:25:16Z,E,28,available,False,BFI IMAX E 28
2026-10-03T20:25:16Z,E,27,available,False,BFI IMAX E 27
2026-10-03T20:25:16Z,E,26,available,False,BFI IMAX E 26
2026-10-03T20:25:16Z,E,25,available,False,BFI IMAX E 25
2026-10-03T20:25:16Z,E,24,available,False,BFI IMAX E 24
2026-10-03T20:25:16Z,E,23,available,False,BFI IMAX E 23
2026-10-03T20:25:16Z,E,22,available,False,BFI IMAX E 22
2026-10-03T20:25:16Z,E,21,available,False,BFI IMAX E 21
2026-10-03T20:25:16Z,E,20,available,False,BFI IMAX E 20
2026-10-03T20:25:16Z,E,19,available,False,BFI IMAX E 19
2026-10-03T20:25:16Z,E,18,available,False,BFI IMAX E 18
2026-10-03T20:25:16Z,E,17,available,False,BFI IMAX E 17
2026-10-03T20:25:16Z,E,16,available,False,BFI IMAX E 16
2026-10-03T20:25:16Z,E,15,available,False,BFI IMAX E 15
2026-10-03T20:25:16Z,E,14,available,False,BFI IMAX E 14
2026-10-03T20:25:16Z,E,13,available,False,BFI IMAX E 13
2026-10-03T20:25:16Z,E,12,available,False,BFI IMAX E 12
2026-10-03T20:25:16Z,E,11,available,False,BFI IMAX E 11
2026-10-03T20:25:16Z,E,10,available,False,BFI IMAX E 10
2026-10-03T20:25:16Z,E,9,available,False,BFI IMAX E 9
2026-10-03T20:25:16Z,E,8,available,False,BFI IMAX E 8
2026-10-03T20:25:16Z,E,7,available,False,BFI IMAX E 7
2026-10-03T20:25:16Z,E,6,available,False,BFI IMAX E 6
2026-10-03T20:25:16Z,E,5,available,False,BFI IMAX E 5
2026-10-03T20:25:16Z,E,4,available,False,BFI IMAX E 4
2026-10-03T20:25:16Z,E,3,available,False,BFI IMAX E 3
2026-10-03T20:25:16Z,E,2,available,False,BFI IMAX E 2
2026-10-03T20:25:16Z,E,1,available,False,BFI IMAX E 1
2026-10-03T20:25:16Z,F,38,available,False,BFI IMAX F 38
2026-10-03T20:25:16Z,F,37,available,False,BFI IMAX F 37
2026-10-03T20:25:16Z,F,36,available,False,BFI IMAX F 36
2026-10-03T20:25:16Z,F,35,available,False,BFI IMAX F 35
2026-10-03T20:25:16Z,F,34,available,False,BFI IMAX F 34
2026-10-03T20:25:16Z,F,33,available,False,BFI IMAX F 33
2026-10-03T20:25:16Z,F,32,available,False,BFI IMAX F 32
2026-10-03T20:25:16Z,F,31,available,False,BFI IMAX F 31
2026-10-03T20:25:16Z,F,30,available,False,BFI IMAX F 30
2026-10-03T20:25:16Z,F,29,available,False,BFI IMAX F 29
2026-10-03T20:25:16Z,F,28,available,False,BFI IMAX F 28
2026-10-03T20:25:16Z,F,27,available,False,BFI IMAX F 27
2026-10-03T20:25:16Z,F,26,available,False,BFI IMAX F 26
2026-10-03T20:25:16Z,F,25,available,False,BFI IMAX F 25
2026-10-03T20:25:16Z,F,24,available,False,BFI IMAX F 24
2026-10-03T20:25:16Z,F,23,available,False,BFI IMAX F 23
2026-10-03T20:25:16Z,F,22,available,False,BFI IMAX F 22
2026-10-03T20:25:16Z,F,21,available,False,BFI IMAX F 21
2026-10-03T20:25:16Z,F,20,available,False,BFI IMAX F 20
2026-10-03T20:25:16Z,F,19,available,False,BFI IMAX F 19
2026-10-03T20:25:16Z,F,18,available,False,BFI IMAX F 18
2026-10-03T20:25:16Z,F,17,available,False,BFI IMAX F 17
2026-10-03T20:25:16Z,F,16,available,False,BFI IMAX F 16
2026-10-03T20:25:16Z,F,15,available,False,BFI IMAX F 15
2026-10-03T20:25:16Z,F,14,available,False,BFI IMAX F 14
2026-10-03T20:25:16Z,F,13,available,False,BFI IMAX F 13
2026-10-03T20:25:16Z,F,12,available,False,BFI IMAX F 12
2026-10-03T20:25:16Z,F,11,available,False,BFI IMAX F 11
2026-10-03T20:25:16Z,F,10,available,False,BFI IMAX F 10
2026-10-03T20:25:16Z,F,9,available,False,BFI IMAX F 9
2026-10-03T20:25:16Z,F,8,available,False,BFI IMAX F 8
2026-10-03T20:25:16Z,F,7,available,False,BFI IMAX F 7
2026-10-03T20:25:16Z,F,6,available,False,BFI IMAX F 6
2026-10-03T20:25:16Z,F,5,available,False,BFI IMAX F 5
2026-10-03T20:25:16Z,F,4,available,False,BFI IMAX F 4
2026-10-03T20:25:16Z,F,3,available,False,BFI IMAX F 3
2026-10-03T20:25:16Z,F,2,available,False,BFI IMAX F 2
2026-10-03T20:25:16Z,F,1,available,False,BFI IMAX F 1
2026-10-03T20:25:16Z,G,37,available,False,BFI IMAX G 37
2026-10-03T20:25:16Z,G,36,available,False,BFI IMAX G 36
2026-10-03T20:25:16Z,G,35,available,False,BFI IMAX G 35
2026-10-03T20:25:16Z,G,34,available,False,BFI IMAX G 34
2026-10-03T20:25:16Z,G,33,available,False,BFI IMAX G 33
2026-10-03T20:25:16Z,G,32,available,False,BFI IMAX G 32
2026-10-03T20:25:16Z,G,31,available,False,BFI IMAX G 31
2026-10-03T20:25:16Z,G,30,available,False,BFI IMAX G 30
2026-10-03T20:25:16Z,G,29,available,False,BFI IMAX G 29
2026-10-03T20:25:16Z,G,28,available,False,BFI IMAX G 28
2026-10-03T20:25:16Z,G,27,available,False,BFI IMAX G 27
2026-10-03T20:25:16Z,G,26,available,False,BFI IMAX G 26
2026-10-03T20:25:16Z,G,25,available,False,BFI IMAX G 25
2026-10-03T20:25:16Z,G,24,available,False,BFI IMAX G 24
2026-10-03T20:25:16Z,G,23,available,False,BFI IMAX G 23
2026-10-03T20:25:16Z,G,22,available,False,BFI IMAX G 22
2026-10-03T20:25:16Z,G,21,available,False,BFI IMAX G 21
2026-10-03T20:25:16Z,G,20,available,False,BFI IMAX G 20
2026-10-03T20:25:16Z,G,19,available,False,BFI IMAX G 19
2026-10-03T20:25:16Z,G,18,available,False,BFI IMAX G 18
2026-10-03T20:25:16Z,G,17,available,False,BFI IMAX G 17
2026-10-03T20:25:16Z,G,16,available,False,BFI IMAX G 16
2026-10-03T20:25:16Z,G,15,available,False,BFI IMAX G 15
2026-10-03T20:25:16Z,G,14,available,False,BFI IMAX G 14
2026-10-03T20:25:16Z,G,13,available,False,BFI IMAX G 13
2026-10-03T20:25:16Z,G,12,available,False,BFI IMAX G 12
2026-10-03T20:25:16Z,G,11,available,False,BFI IMAX G 11
2026-10-03T20:25:16Z,G,10,available,False,BFI IMAX G 10
2026-10-03T20:25:16Z,G,9,available,False,BFI IMAX G 9
2026-10-03T20:25:16Z,G,8,available,False,BFI IMAX G 8
2026-10-03T20:25:16Z,G,7,available,False,BFI IMAX G 7
2026-10-03T20:25:16Z,G,6,available,False,BFI IMAX G 6
2026-10-03T20:25:16Z,G,5,available,False,BFI IMAX G 5
2026-10-03T20:25:16Z,G,4,available,False,BFI IMAX G 4
2026-10-03T20:25:16Z,G,3,available,False,BFI IMAX G 3
2026-10-03T20:25:16Z,G,2,available,False,BFI IMAX G 2
2026-10-03T20:25:16Z,G,1,available,False,BFI IMAX G 1
2026-10-03T20:25:16Z,H,37,available,False,BFI IMAX H 37
2026-10-03T20:25:16Z,H,36,available,False,BFI IMAX H 36
2026-10-03T20:25:16Z,H,35,available,False,BFI IMAX H 35
2026-10-03T20:25:16Z,H,34,available,False,BFI IMAX H 34
2026-10-03T20:25:16Z,H,33,available,False,BFI IMAX H 33
2026-10-03T20:25:16Z,H,32,available,False,BFI IMAX H 32
2026-10-03T20:25:16Z,H,31,available,False,BFI IMAX H 31
2026-10-03T20:25:16Z,H,30,available,False,BFI IMAX H 30
2026-10-03T20:25:16Z,H,29,available,False,BFI IMAX H 29
2026-10-03T20:25:16Z,H,28,available,False,BFI IMAX H 28
2026-10-03T20:25:16Z,H,27,available,False,BFI IMAX H 27
2026-10-03T20:25:16Z,H,26,available,False,BFI IMAX H 26
2026-10-03T20:25:16Z,H,25,available,False,BFI IMAX H 25
2026-10-03T20:25:16Z,H,24,available,False,BFI IMAX H 24
2026-10-03T20:25:16Z,H,23,available,False,BFI IMAX H 23
2026-10-03T20:25:16Z,H,22,available,False,BFI IMAX H 22
2026-10-03T20:25:16Z,H,21,available,False,BFI IMAX H 21
2026-10-03T20:25:16Z,H,20,available,False,BFI IMAX H 20
2026-10-03T20:25:16Z,H,19,available,False,BFI IMAX H 19
2026-10-03T20:25:16Z,H,18,available,False,BFI IMAX H 18
2026-10-03T20:25:16Z,H,17,available,False,BFI IMAX H 17
2026-10-03T20:25:16Z,H,16,available,False,BFI IMAX H 16
2026-10-03T20:25:16Z,H,15,available,False,BFI IMAX H 15
2026-10-03T20:25:16Z,H,14,available,False,BFI IMAX H 14
2026-10-03T20:25:16Z,H,13,available,False,BFI IMAX H 13
2026-10-03T20:25:16Z,H,12,available,False,BFI IMAX H 12
2026-10-03T20:25:16Z,H,11,available,False,BFI IMAX H 11
2026-10-03T20:25:16Z,H,10,available,False,BFI IMAX H 10
2026-10-03T20:25:16Z,H,9,available,False,BFI IMAX H 9
2026-10-03T20:25:16Z,H,8,available,False,BFI IMAX H 8
2026-10-03T20:25:16Z,H,7,available,False,BFI IMAX H 7
2026-10-03T20:25:16Z,H,6,available,False,BFI IMAX H 6
2026-10-03T20:25:16Z,H,5,available,False,BFI IMAX H 5
2026-10-03T20:25:16Z,H,4,available,False,BFI IMAX H 4
2026-10-03T20:25:16Z,H,3,available,False,BFI IMAX H 3
2026-10-03T20:25:16Z,H,2,available,False,BFI IMAX H 2
2026-10-03T20:25:16Z,H,1,available,False,BFI IMAX H 1
2026-10-03T20:25:16Z,J,36,available,False,BFI IMAX J 36
2026-10-03T20:25:16Z,J,35,available,False,BFI IMAX J 35
2026-10-03T20:25:16Z,J,34,available,False,BFI IMAX J 34
2026-10-03T20:25:16Z,J,33,available,False,BFI IMAX J 33
2026-10-03T20:25:16Z,J,32,available,False,BFI IMAX J 32
2026-10-03T20:25:16Z,J,31,available,False,BFI IMAX J 31
2026-10-03T20:25:16Z,J,30,available,False,BFI IMAX J 30
2026-10-03T20:25:16Z,J,29,available,False,BFI IMAX J 29
2026-10-03T20:25:16Z,J,28,available,False,BFI IMAX J 28
2026-10-03T20:25:16Z,J,27,available,False,BFI IMAX J 27
2026-10-03T20:25:16Z,J,26,available,False,BFI IMAX J 26
2026-10-03T20:25:16Z,J,25,available,False,BFI IMAX J 25
2026-10-03T20:25:16Z,J,24,available,False,BFI IMAX J 24
2026-10-03T20:25:16Z,J,23,available,False,BFI IMAX J 23
2026-10-03T20:25:16Z,J,22,available,False,BFI IMAX J 22
2026-10-03T20:25:16Z,J,21,available,False,BFI IMAX J 21
2026-10-03T20:25:16Z,J,20,sold,False,BFI IMAX J 20
2026-10-03T20:25:16Z,J,19,available,False,BFI IMAX J 19
2026-10-03T20:25:16Z,J,18,available,False,BFI IMAX J 18
2026-10-03T20:25:16Z,J,17,available,False,BFI IMAX J 17
2026-10-03T20:25:16Z,J,16,available,False,BFI IMAX J 16
2026-10-03T20:25:16Z,J,15,available,False,BFI IMAX J 15
2026-10-03T20:25:16Z,J,14,available,False,BFI IMAX J 14
2026-10-03T20:25:16Z,J,13,available,False,BFI IMAX J 13
2026-10-03T20:25:16Z,J,12,available,False,BFI IMAX J 12
2026-10-03T20:25:16Z,J,11,available,False,BFI IMAX J 11
2026-10-03T20:25:16Z,J,10,available,False,BFI IMAX J 10
2026-10-03T20:25:16Z,J,9,available,False,BFI IMAX J 9
2026-10-03T20:25:16Z,J,8,available,False,BFI IMAX J 8
2026-10-03T20:25:16Z,J,7,available,False,BFI IMAX J 7
2026-10-03T20:25:16Z,J,6,available,False,BFI IMAX J 6
2026-10-03T20:25:16Z,J,5,available,False,BFI IMAX J 5
2026-10-03T20:25:16Z,J,4,available,False,BFI IMAX J 4
2026-10-03T20:25:16Z,J,3,available,False,BFI IMAX J 3
2026-10-03T20:25:16Z,J,2,available,False,BFI IMAX J 2
2026-10-03T20:25:16Z,J,1,available,False,BFI IMAX J 1
2026-10-03T20:25:16Z,K,36,available,False,BFI IMAX K 36
2026-10-03T20:25:16Z,K,35,available,False,BFI IMAX K 35
2026-10-03T20:25:16Z,K,34,available,False,BFI IMAX K 34
2026-10-03T20:25:16Z,K,33,available,False,BFI IMAX K 33
2026-10-03T20:25:16Z,K,32,available,False,BFI IMAX K 32
2026-10-03T20:25:16Z,K,31,available,False,BFI IMAX K 31
2026-10-03T20:25:16Z,K,30,available,False,BFI IMAX K 30
2026-10-03T20:25:16Z,K,29,available,False,BFI IMAX K 29
2026-10-03T20:25:16Z,K,28,available,False,BFI IMAX K 28
2026-10-03T20:25:16Z,A,13,available,False,BFI IMAX A 13
2026-10-03T20:25:16Z,A,12,available,False,BFI IMAX A 12
2026-10-03T20:25:16Z,K,25,available,False,BFI IMAX K 25
2026-10-03T20:25:16Z,K,24,available,False,BFI IMAX K 24
2026-10-03T20:25:16Z,K,23,available,False,BFI IMAX K 23
2026-10-03T20:25:16Z,K,22,available,False,BFI IMAX K 22
2026-10-03T20:25:16Z,K,21,available,False,BFI IMAX K 21
2026-10-03T20:25:16Z,K,20,available,False,BFI IMAX K 20
2026-10-03T20:25:16Z,K,19,sold,False,BFI IMAX K 19
2026-10-03T20:25:16Z,K,18,available,False,BFI IMAX K 18
2026-10-03T20:25:16Z,K,17,available,False,BFI IMAX K 17
2026-10-03T20:25:16Z,K,16,available,False,BFI IMAX K 16
2026-10-03T20:25:16Z,K,15,available,False,BFI IMAX K 15
2026-10-03T20:25:16Z,K,14,available,False,BFI IMAX K 14
2026-10-03T20:25:16Z,K,13,available,False,BFI IMAX K 13
2026-10-03T20:25:16Z,K,12,available,False,BFI IMAX K 12
2026-10-03T20:25:16Z,K,11,available,False,BFI IMAX K 11
2026-10-03T20:25:16Z,K,10,available,False,BFI IMAX K 10
2026-10-03T20:25:16Z,K,9,available,False,BFI IMAX K 9
2026-10-03T20:25:16Z,K,8,available,False,BFI IMAX K 8
2026-10-03T20:25:16Z,K,7,available,False,BFI IMAX K 7
2026-10-03T20:25:16Z,K,6,available,False,BFI IMAX K 6
2026-10-03T20:25:16Z,K,5,available,False,BFI IMAX K 5
2026-10-03T20:25:16Z,K,4,available,False,BFI IMAX K 4
2026-10-03T20:25:16Z,K,3,available,False,BFI IMAX K 3
2026-10-03T20:25:16Z,K,2,available,False,BFI IMAX K 2
2026-10-03T20:25:16Z,K,1,available,False,BFI IMAX K 1
2026-10-03T20:25:16Z,L,33,available,False,BFI IMAX L 33
2026-10-03T20:25:16Z,L,32,available,False,BFI IMAX L 32
2026-10-03T20:25:16Z,L,31,available,False,BFI IMAX L 31
2026-10-03T20:25:16Z,L,30,available,False,BFI IMAX L 30
2026-10-03T20:25:16Z,L,29,available,False,BFI IMAX L 29
2026-10-03T20:25:16Z,L,28,available,False,BFI IMAX L 28
2026-10-03T20:25:16Z,L,27,available,False,BFI IMAX L 27
2026-10-03T20:25:16Z,L,26,available,False,BFI IMAX L 26
2026-10-03T20:25:16Z,L,8,available,False,BFI IMAX L 8
2026-10-03T20:25:16Z,L,7,available,False,BFI IMAX L 7
2026-10-03T20:25:16Z,L,6,available,False,BFI IMAX L 6
2026-10-03T20:25:16Z,L,5,available,False,BFI IMAX L 5
2026-10-03T20:25:16Z,L,4,available,False,BFI IMAX L 4
2026-10-03T20:25:16Z,L,3,available,False,BFI IMAX L 3
2026-10-03T20:25:16Z,L,2,available,False,BFI IMAX L 2
2026-10-03T20:25:16Z,L,1,available,False,BFI IMAX L 1
2026-10-03T20:25:16Z,M,34,available,False,BFI IMAX M 34
2026-10-03T20:25:16Z,M,33,available,False,BFI IMAX M 33
2026-10-03T20:25:16Z,M,32,available,False,BFI IMAX M 32
2026-10-03T20:25:16Z,M,31,available,False,BFI IMAX M 31
2026-10-03T20:25:16Z,M,30,available,False,BFI IMAX M 30
2026-10-03T20:25:16Z,M,29,available,False,BFI IMAX M 29
2026-10-03T20:25:16Z,M,28,available,False,BFI IMAX M 28
2026-10-03T20:25:16Z,M,27,sold,False,BFI IMAX M 27
2026-10-03T20:25:16Z,M,8,available,False,BFI IMAX M 8
2026-10-03T20:25:16Z,M,7,available,False,BFI IMAX M 7
2026-10-03T20:25:16Z,M,6,available,False,BFI IMAX M 6
2026-10-03T20:25:16Z,M,5,available,False,BFI IMAX M 5
2026-10-03T20:25:16Z,M,4,available,False,BFI IMAX M 4
2026-10-03T20:25:16Z,M,3,available,False,BFI IMAX M 3
2026-10-03T20:25:16Z,M,2,available,False,BFI IMAX M 2
2026-10-03T20:25:16Z,M,1,available,False,BFI IMAX M 1
2026-10-03T20:25:16Z,N,34,unavailable,False,BFI IMAX N 34
2026-10-03T20:25:16Z,N,33,unavailable,False,BFI IMAX N 33
2026-10-03T20:25:16Z,N,32,unavailable,False,BFI IMAX N 32
2026-10-03T20:25:16Z,N,31,unavailable,False,BFI IMAX N 31
2026-10-03T20:25:16Z,N,30,unavailable,False,BFI IMAX N 30
2026-10-03T20:25:16Z,N,29,unavailable,False,BFI IMAX N 29
2026-10-03T20:25:16Z,N,28,unavailable,False,BFI IMAX N 28
2026-10-03T20:25:16Z,N,27,unavailable,False,BFI IMAX N 27
2026-10-03T20:25:16Z,N,8,available,False,BFI IMAX N 8
2026-10-03T20:25:16Z,N,7,available,False,BFI IMAX N 7
2026-10-03T20:25:16Z,N,6,available,False,BFI IMAX N 6
2026-10-03T20:25:16Z,N,5,available,False,BFI IMAX N 5
2026-10-03T20:25:16Z,N,4,available,False,BFI IMAX N 4
2026-10-03T20:25:16Z,N,3,available,False,BFI IMAX N 3
2026-10-03T20:25:16Z,N,2,available,False,BFI IMAX N 2
2026-10-03T20:25:16Z,N,1,available,False,BFI IMAX N 1
2026-10-03T20:25:16Z,A,11,available,False,BFI IMAX A 11
2026-10-03T20:25:16Z,A,10,available,False,BFI IMAX A 10
2026-10-03T20:25:16Z,A,9,available,False,BFI IMAX A 9
2026-10-03T20:25:16Z,A,8,available,False,BFI IMAX A 8
2026-10-03T20:25:16Z,M,15,available,False,BFI IMAX M 15
2026-10-03T20:25:16Z,M,14,available,False,BFI IMAX M 14
2026-10-03T20:25:16Z,M,13,available,False,BFI IMAX M 13
2026-10-03T20:25:16Z,M,12,available,False,BFI IMAX M 12
2026-10-03T20:25:16Z,M,11,available,False,BFI IMAX M 11
2026-10-03T20:25:16Z,M,10,available,False,BFI IMAX M 10
2026-10-03T20:25:16Z,M,9,available,False,BFI IMAX M 9
2026-10-03T20:25:16Z,L,9,available,False,BFI IMAX L 9
2026-10-03T20:25:16Z,L,25,available,False,BFI IMAX L 25
2026-10-03T20:25:16Z,L,24,available,False,BFI IMAX L 24
2026-10-03T20:25:16Z,L,23,available,False,BFI IMAX L 23
2026-10-03T20:25:16Z,L,22,available,False,BFI IMAX L 22
2026-10-03T20:25:16Z,L,21,available,False,BFI IMAX L 21
2026-10-03T20:25:16Z,L,20,available,False,BFI IMAX L 20
2026-10-03T20:25:16Z,L,19,available,False,BFI IMAX L 19
2026-10-03T20:25:16Z,L,18,sold,False,BFI IMAX L 18
2026-10-03T20:25:16Z,L,17,sold,False,BFI IMAX L 17
2026-10-03T20:25:16Z,L,16,available,False,BFI IMAX L 16
2026-10-03T20:25:16Z,L,15,available,False,BFI IMAX L 15
2026-10-03T20:25:16Z,L,14,available,False,BFI IMAX L 14
2026-10-03T20:25:16Z,L,13,available,False,BFI IMAX L 13
2026-10-03T20:25:16Z,L,12,available,False,BFI IMAX L 12
2026-10-03T20:25:16Z,L,11,available,False,BFI IMAX L 11
2026-10-03T20:25:16Z,N,26,unavailable,False,BFI IMAX N 26
2026-10-03T20:25:16Z,N,25,unavailable,False,BFI IMAX N 25
2026-10-03T20:25:16Z,N,24,unavailable,False,BFI IMAX N 24
2026-10-03T20:25:16Z,N,23,unavailable,False,BFI IMAX N 23
2026-10-03T20:25:16Z,N,22,available,False,BFI IMAX N 22
2026-10-03T20:25:16Z,N,21,available,False,BFI IMAX N 21
2026-10-03T20:25:16Z,N,20,available,False,BFI IMAX N 20
2026-10-03T20:25:16Z,N,19,available,False,BFI IMAX N 19
2026-10-03T20:25:16Z,N,18,sold,False,BFI IMAX N 18
2026-10-03T20:25:16Z,N,17,available,False,BFI IMAX N 17
2026-10-03T20:25:16Z,N,16,available,False,BFI IMAX N 16
2026-10-03T20:25:16Z,N,15,available,False,BFI IMAX N 15
2026-10-03T20:25:16Z,N,14,available,False,BFI IMAX N 14
2026-10-03T20:25:16Z,N,13,available,False,BFI IMAX N 13
2026-10-03T20:25:16Z,N,12,unavailable,False,BFI IMAX N 12
2026-10-03T20:25:16Z,N,11,unavailable,False,BFI IMAX N 11
2026-10-03T20:25:16Z,N,10,unavailable,False,BFI IMAX N 10
2026-10-03T20:25:16Z,N,9,unavailable,False,BFI IMAX N 9
2026-10-03T20:25:16Z,L,10,available,False,BFI IMAX L 10
2026-10-03T20:25:16Z,M,26,available,False,BFI IMAX M 26
2026-10-03T20:25:16Z,M,25,available,False,BFI IMAX M 25
2026-10-03T20:25:16Z,M,24,available,False,BFI IMAX M 24
2026-10-03T20:25:16Z,M,23,available,False,BFI IMAX M 23
2026-10-03T20:25:16Z,M,22,available,False,BFI IMAX M 22
2026-10-03T20:25:16Z,M,21,available,False,BFI IMAX M 21
2026-10-03T20:25:16Z,M,20,available,False,BFI IMAX M 20
2026-10-03T20:25:16Z,M,19,sold,False,BFI IMAX M 19
2026-10-03T20:25:16Z,M,18,sold,False,BFI IMAX M 18
2026-10-03T20:25:16Z,M,17,sold,False,BFI IMAX M 17
2026-10-03T20:25:16Z,M,16,available,False,BFI IMAX M 16
2026-10-03T20:25:16Z,P,27,available,True,BFI IMAX P 27
2026-10-03T20:25:16Z,P,26,unavailable,False,BFI IMAX P 26
2026-10-03T20:25:16Z,P,6,unavailable,False,BFI IMAX P 6
2026-10-03T20:25:16Z,P,5,available,True,BFI IMAX P 5
2026-10-03T20:25:16Z,P,31,unavailable,False,BFI IMAX P 31
2026-10-03T20:25:16Z,P,30,available,True,BFI IMAX P 30
2026-10-03T20:25:16Z,P,2,available,True,BFI IMAX P 2
2026-10-03T20:25:16Z,P,1,unavailable,False,BFI IMAX P 1
2026-10-03T20:25:16Z,P,21,available,False,BFI IMAX P 21
2026-10-03T20:25:16Z,P,20,available,False,BFI IMAX P 20
2026-10-03T20:25:16Z,P,19,available,False,BFI IMAX P 19
2026-10-03T20:25:16Z,P,18,available,False,BFI IMAX P 18
2026-10-03T20:25:16Z,P,17,available,False,BFI IMAX P 17
2026-10-03T20:25:16Z,P,16,available,False,BFI IMAX P 16
2026-10-03T20:25:16Z,P,15,available,False,BFI IMAX P 15
2026-10-03T20:25:16Z,P,14,available,False,BFI IMAX P 14
2026-10-03T20:25:16Z,P,13,available,False,BFI IMAX P 13
2026-10-03T20:25:16Z,P,12,available,False,BFI IMAX P 12
2026-10-03T20:25:16Z,P,11,available,False,BFI IMAX P 11
2026-10-03T20:25:16Z,P,9,available,False,BFI IMAX P 9
2026-10-03T20:25:16Z,P,8,available,False,BFI IMAX P 8
2026-10-03T20:25:16Z,P,7,available,False,BFI IMAX P 7
2026-10-03T20:25:16Z,P,10,available,False,BFI IMAX P 10
2026-10-03T20:25:16Z,P,25,available,False,BFI IMAX P 25
2026-10-03T20:25:16Z,P,24,available,False,BFI IMAX P 24
2026-10-03T20:25:16Z,P,23,available,False,BFI IMAX P 23
2026-10-03T20:25:16Z,P,22,available,False,BFI IMAX P 22
2026-10-03T20:25:16Z,Q,18,sold,False,BFI IMAX Q 18
2026-10-03T20:25:16Z,Q,17,available,False,BFI IMAX Q 17
2026-10-03T20:25:16Z,Q,16,available,False,BFI IMAX Q 16
2026-10-03T20:25:16Z,Q,15,available,False,BFI IMAX Q 15
2026-10-03T20:25:16Z,Q,14,available,False,BFI IMAX Q 14
2026-10-03T20:25:16Z,Q,13,available,False,BFI IMAX Q 13
2026-10-03T20:25:16Z,Q,12,available,False,BFI IMAX Q 12
2026-10-03T20:25:16Z,Q,11,available,False,BFI IMAX Q 11
2026-10-03T20:25:16Z,Q,10,available,False,BFI IMAX Q 10
2026-10-03T20:25:16Z,Q,9,sold,False,BFI IMAX Q 9
2026-10-03T20:25:16Z,Q,8,sold,False,BFI IMAX Q 8
2026-10-03T20:25:16Z,Q,7,sold,False,BFI IMAX Q 7
2026-10-03T20:25:16Z,Q,6,available,False,BFI IMAX Q 6
2026-10-03T20:25:16Z,Q,5,available,False,BFI IMAX Q 5
2026-10-03T20:25:16Z,Q,4,available,False,BFI IMAX Q 4
2026-10-03T20:25:16Z,Q,3,available,False,BFI IMAX Q 3
2026-10-03T20:25:16Z,Q,2,available,False,BFI IMAX Q 2
2026-10-03T20:25:16Z,Q,1,available,False,BFI IMAX Q 1
2026-10-04T02:54:59Z,K,27,unavailable,False,BFI IMAX K 27
2026-10-04T02:54:59Z,K,26,unavailable,False,BFI IMAX K 26
2026-10-04T02:54:59Z,P,29,available,True,BFI IMAX P 29
2026-10-04T02:54:59Z,P,28,available,True,BFI IMAX P 28
2026-10-04T02:54:59Z,P,4,available,True,BFI IMAX P 4
2026-10-04T02:54:59Z,P,3,available,True,BFI IMAX P 3
2026-10-04T02:54:59Z,A,7,available,False,BFI IMAX A 7
2026-10-04T02:54:59Z,A,6,available,False,BFI IMAX A 6
2026-10-04T02:54:59Z,A,5,available,False,BFI IMAX A 5
2026-10-04T02:54:59Z,A,4,available,False,BFI IMAX A 4
2026-10-04T02:54:59Z,A,3,available,False,BFI IMAX A 3
2026-10-04T02:54:59Z,A,2,available,False,BFI IMAX A 2
2026-10-04T02:54:59Z,A,1,available,False,BFI IMAX A 1
2026-10-04T02:54:59Z,B,36,available,False,BFI IMAX B 36
2026-10-04T02:54:59Z,B,35,available,False,BFI IMAX B 35
2026-10-04T02:54:59Z,B,34,available,False,BFI IMAX B 34
2026-10-04T02:54:59Z,B,33,available,False,BFI IMAX B 33
2026-10-04T02:54:59Z,B,32,available,False,BFI IMAX B 32
2026-10-04T02:54:59Z,B,31,available,False,BFI IMAX B 31
2026-10-04T02:54:59Z,B,30,available,False,BFI IMAX B 30
2026-10-04T02:54:59Z,B,29,available,False,BFI IMAX B 29
2026-10-04T02:54:59Z,B,28,available,False,BFI IMAX B 28
2026-10-04T02:54:59Z,B,27,available,False,BFI IMAX B 27
2026-10-04T02:54:59Z,B,26,available,False,BFI IMAX B 26
2026-10-04T02:54:59Z,B,25,available,False,BFI IMAX B 25
2026-10-04T02:54:59Z,B,24,available,False,BFI IMAX B 24
2026-10-04T02:54:59Z,B,23,available,False,BFI IMAX B 23
2026-10-04T02:54:59Z,B,22,available,False,BFI IMAX B 22
2026-10-04T02:54:59Z,B,21,available,False,BFI IMAX B 21
2026-10-04T02:54:59Z,B,20,available,False,BFI IMAX B 20
2026-10-04T02:54:59Z,B,19,available,False,BFI IMAX B 19
2026-10-04T02:54:59Z,B,18,available,False,BFI IMAX B 18
2026-10-04T02:54:59Z,B,17,available,False,BFI IMAX B 17
2026-10-04T02:54:59Z,B,16,available,False,BFI IMAX B 16
2026-10-04T02:54:59Z,B,15,available,False,BFI IMAX B 15
2026-10-04T02:54:59Z,B,14,available,False,BFI IMAX B 14
2026-10-04T02:54:59Z,B,13,available,False,BFI IMAX B 13
2026-10-04T02:54:59Z,B,12,available,False,BFI IMAX B 12
2026-10-04T02:54:59Z,B,11,available,False,BFI IMAX B 11
2026-10-04T02:54:59Z,B,10,available,False,BFI IMAX B 10
2026-10-04T02:54:59Z,B,9,available,False,BFI IMAX B 9
2026-10-04T02:54:59Z,B,8,available,False,BFI IMAX B 8
2026-10-04T02:54:59Z,B,7,available,False,BFI IMAX B 7
2026-10-04T02:54:59Z,B,6,available,False,BFI IMAX B 6
2026-10-04T02:54:59Z,B,5,available,False,BFI IMAX B 5
2026-10-04T02:54:59Z,B,4,available,False,BFI IMAX B 4
2026-10-04T02:54:59Z,B,3,available,False,BFI IMAX B 3
2026-10-04T02:54:59Z,B,2,available,False,BFI IMAX B 2
2026-10-04T02:54:59Z,B,1,available,False,BFI IMAX B 1
2026-10-04T02:54:59Z,C,36,available,False,BFI IMAX C 36
2026-10-04T02:54:59Z,C,35,available,False,BFI IMAX C 35
2026-10-04T02:54:59Z,C,34,available,False,BFI IMAX C 34
2026-10-04T02:54:59Z,C,33,available,False,BFI IMAX C 33
2026-10-04T02:54:59Z,C,32,available,False,BFI IMAX C 32
2026-10-04T02:54:59Z,C,31,available,False,BFI IMAX C 31
2026-10-04T02:54:59Z,C,30,available,False,BFI IMAX C 30
2026-10-04T02:54:59Z,C,29,available,False,BFI IMAX C 29
2026-10-04T02:54:59Z,C,28,available,False,BFI IMAX C 28
2026-10-04T02:54:59Z,C,27,available,False,BFI IMAX C 27
2026-10-04T02:54:59Z,C,26,available,False,BFI IMAX C 26
2026-10-04T02:54:59Z,C,25,sold,False,BFI IMAX C 25
2026-10-04T02:54:59Z,C,24,available,False,BFI IMAX C 24
2026-10-04T02:54:59Z,C,23,available,False,BFI IMAX C 23
2026-10-04T02:54:59Z,C,22,available,False,BFI IMAX C 22
2026-10-04T02:54:59Z,C,21,available,False,BFI IMAX C 21
2026-10-04T02:54:59Z,C,20,available,False,BFI IMAX C 20
2026-10-04T02:54:59Z,C,19,available,False,BFI IMAX C 19
2026-10-04T02:54:59Z,C,18,available,False,BFI IMAX C 18
2026-10-04T02:54:59Z,C,17,available,False,BFI IMAX C 17
2026-10-04T02:54:59Z,C,16,available,False,BFI IMAX C 16
2026-10-04T02:54:59Z,C,15,available,False,BFI IMAX C 15
2026-10-04T02:54:59Z,C,14,available,False,BFI IMAX C 14
2026-10-04T02:54:59Z,C,13,available,False,BFI IMAX C 13
2026-10-04T02:54:59Z,C,12,available,False,BFI IMAX C 12
2026-10-04T02:54:59Z,C,11,available,False,BFI IMAX C 11
2026-10-04T02:54:59Z,C,10,available,False,BFI IMAX C 10
2026-10-04T02:54:59Z,C,9,available,False,BFI IMAX C 9
2026-10-04T02:54:59Z,C,8,available,False,BFI IMAX C 8
2026-10-04T02:54:59Z,C,7,available,False,BFI IMAX C 7
2026-10-04T02:54:59Z,C,6,available,False,BFI IMAX C 6
2026-10-04T02:54:59Z,C,5,available,False,BFI IMAX C 5
2026-10-04T02:54:59Z,C,4,available,False,BFI IMAX C 4
2026-10-04T02:54:59Z,C,3,available,False,BFI IMAX C 3
2026-10-04T02:54:59Z,C,2,available,False,BFI IMAX C 2
2026-10-04T02:54:59Z,C,1,available,False,BFI IMAX C 1
2026-10-04T02:54:59Z,D,37,available,False,BFI IMAX D 37
2026-10-04T02:54:59Z,D,36,available,False,BFI IMAX D 36
2026-10-04T02:54:59Z,D,35,available,False,BFI IMAX D 35
2026-10-04T02:54:59Z,D,34,available,False,BFI IMAX D 34
2026-10-04T02:54:59Z,D,33,available,False,BFI IMAX D 33
2026-10-04T02:54:59Z,D,32,available,False,BFI IMAX D 32
2026-10-04T02:54:59Z,D,31,available,False,BFI IMAX D 31
2026-10-04T02:54:59Z,D,30,available,False,BFI IMAX D 30
2026-10-04T02:54:59Z,D,29,available,False,BFI IMAX D 29
2026-10-04T02:54:59Z,D,28,available,False,BFI IMAX D 28
2026-10-04T02:54:59Z,D,27,available,False,BFI IMAX D 27
2026-10-04T02:54:59Z,D,26,available,False,BFI IMAX D 26
2026-10-04T02:54:59Z,D,25,available,False,BFI IMAX D 25
2026-10-04T02:54:59Z,D,24,available,False,BFI IMAX D 24
2026-10-04T02:54:59Z,D,23,available,False,BFI IMAX D 23
2026-10-04T02:54:59Z,D,22,available,False,BFI IMAX D 22
2026-10-04T02:54:59Z,D,21,available,False,BFI IMAX D 21
2026-10-04T02:54:59Z,D,20,available,False,BFI IMAX D 20
2026-10-04T02:54:59Z,D,19,available,False,BFI IMAX D 19
2026-10-04T02:54:59Z,D,18,available,False,BFI IMAX D 18
2026-10-04T02:54:59Z,D,17,available,False,BFI IMAX D 17
2026-10-04T02:54:59Z,D,16,available,False,BFI IMAX D 16
2026-10-04T02:54:59Z,D,15,available,False,BFI IMAX D 15
2026-10-04T02:54:59Z,D,14,available,False,BFI IMAX D 14
2026-10-04T02:54:59Z,D,13,available,False,BFI IMAX D 13
2026-10-04T02:54:59Z,D,12,available,False,BFI IMAX D 12
2026-10-04T02:54:59Z,D,11,available,False,BFI IMAX D 11
2026-10-04T02:54:59Z,D,10,available,False,BFI IMAX D 10
2026-10-04T02:54:59Z,D,9,available,False,BFI IMAX D 9
2026-10-04T02:54:59Z,D,8,available,False,BFI IMAX D 8
2026-10-04T02:54:59Z,D,7,available,False,BFI IMAX D 7
2026-10-04T02:54:59Z,D,6,available,False,BFI IMAX D 6
2026-10-04T02:54:59Z,D,5,available,False,BFI IMAX D 5
2026-10-04T02:54:59Z,D,4,available,False,BFI IMAX D 4
2026-10-04T02:54:59Z,D,3,available,False,BFI IMAX D 3
2026-10-04T02:54:59Z,D,2,available,False,BFI IMAX D 2
2026-10-04T02:54:59Z,D,1,available,False,BFI IMAX D 1
2026-10-04T02:54:59Z,E,37,available,False,BFI IMAX E 37
2026-10-04T02:54:59Z,E,36,available,False,BFI IMAX E 36
2026-10-04T02:54:59Z,E,35,available,False,BFI IMAX E 35
2026-10-04T02:54:59Z,E,34,available,False,BFI IMAX E 34
2026-10-04T02:54:59Z,E,33,available,False,BFI IMAX E 33
2026-10-04T02:54:59Z,E,32,available,False,BFI IMAX E 32
2026-10-04T02:54:59Z,E,31,available,False,BFI IMAX E 31
2026-10-04T02:54:59Z,E,30,available,False,BFI IMAX E 30
2026-10-04T02:54:59Z,E,29,available,False,BFI IMAX E 29
2026-10-04T02:54:59Z,E,28,available,False,BFI IMAX E 28
2026-10-04T02:54:59Z,E,27,available,False,BFI IMAX E 27
2026-10-04T02:54:59Z,E,26,available,False,BFI IMAX E 26
2026-10-04T02:54:59Z,E,25,available,False,BFI IMAX E 25
2026-10-04T02:54:59Z,E,24,available,False,BFI IMAX E 24
2026-10-04T02:54:59Z,E,23,available,False,BFI IMAX E 23
2026-10-04T02:54:59Z,E,22,available,False,BFI IMAX E 22
2026-10-04T02:54:59Z,E,21,available,False,BFI IMAX E 21
2026-10-04T02:54:59Z,E,20,available,False,BFI IMAX E 20
2026-10-04T02:54:59Z,E,19,available,False,BFI IMAX E 19
2026-10-04T02:54:59Z,E,18,available,False,BFI IMAX E 18
2026-10-04T02:54:59Z,E,17,available,False,BFI IMAX E 17
2026-10-04T02:54:59Z,E,16,available,False,BFI IMAX E 16
2026-10-04T02:54:59Z,E,15,available,False,BFI IMAX E 15
2026-10-04T02:54:59Z,E,14,available,False,BFI IMAX E 14
2026-10-04T02:54:59Z,E,13,available,False,BFI IMAX E 13
2026-10-04T02:54:59Z,E,12,available,False,BFI IMAX E 12
2026-10-04T02:54:59Z,E,11,available,False,BFI IMAX E 11
2026-10-04T02:54:59Z,E,10,available,False,BFI IMAX E 10
2026-10-04T02:54:59Z,E,9,available,False,BFI IMAX E 9
2026-10-04T02:54:59Z,E,8,available,False,BFI IMAX E 8
2026-10-04T02:54:59Z,E,7,available,False,BFI IMAX E 7
2026-10-04T02:54:59Z,E,6,available,False,BFI IMAX E 6
2026-10-04T02:54:59Z,E,5,available,False,BFI IMAX E 5
2026-10-04T02:54:59Z,E,4,available,False,BFI IMAX E 4
2026-10-04T02:54:59Z,E,3,available,False,BFI IMAX E 3
2026-10-04T02:54:59Z,E,2,available,False,BFI IMAX E 2
2026-10-04T02:54:59Z,E,1,available,False,BFI IMAX E 1
2026-10-04T02:54:59Z,F,38,available,False,BFI IMAX F 38
2026-10-04T02:54:59Z,F,37,available,False,BFI IMAX F 37
2026-10-04T02:54:59Z,F,36,available,False,BFI IMAX F 36
2026-10-04T02:54:59Z,F,35,available,False,BFI IMAX F 35
2026-10-04T02:54:59Z,F,34,available,False,BFI IMAX F 34
2026-10-04T02:54:59Z,F,33,available,False,BFI IMAX F 33
2026-10-04T02:54:59Z,F,32,available,False,BFI IMAX F 32
2026-10-04T02:54:59Z,F,31,available,False,BFI IMAX F 31
2026-10-04T02:54:59Z,F,30,available,False,BFI IMAX F 30
2026-10-04T02:54:59Z,F,29,available,False,BFI IMAX F 29
2026-10-04T02:54:59Z,F,28,available,False,BFI IMAX F 28
2026-10-04T02:54:59Z,F,27,available,False,BFI IMAX F 27
2026-10-04T02:54:59Z,F,26,available,False,BFI IMAX F 26
2026-10-04T02:54:59Z,F,25,available,False,BFI IMAX F 25
2026-10-04T02:54:59Z,F,24,available,False,BFI IMAX F 24
2026-10-04T02:54:59Z,F,23,available,False,BFI IMAX F 23
2026-10-04T02:54:59Z,F,22,available,False,BFI IMAX F 22
2026-10-04T02:54:59Z,F,21,available,False,BFI IMAX F 21
2026-10-04T02:54:59Z,F,20,available,False,BFI IMAX F 20
2026-10-04T02:54:59Z,F,19,available,False,BFI IMAX F 19
2026-10-04T02:54:59Z,F,18,available,False,BFI IMAX F 18
2026-10-04T02:54:59Z,F,17,available,False,BFI IMAX F 17
2026-10-04T02:54:59Z,F,16,available,False,BFI IMAX F 16
2026-10-04T02:54:59Z,F,15,available,False,BFI IMAX F 15
2026-10-04T02:54:59Z,F,14,available,False,BFI IMAX F 14
2026-10-04T02:54:59Z,F,13,available,False,BFI IMAX F 13
2026-10-04T02:54:59Z,F,12,available,False,BFI IMAX F 12
2026-10-04T02:54:59Z,F,11,available,False,BFI IMAX F 11
2026-10-04T02:54:59Z,F,10,available,False,BFI IMAX F 10
2026-10-04T02:54:59Z,F,9,available,False,BFI IMAX F 9
2026-10-04T02:54:59Z,F,8,available,False,BFI IMAX F 8
2026-10-04T02:54:59Z,F,7,available,False,BFI IMAX F 7
2026-10-04T02:54:59Z,F,6,available,False,BFI IMAX F 6
2026-10-04T02:54:59Z,F,5,available,False,BFI IMAX F 5
2026-10-04T02:54:59Z,F,4,available,False,BFI IMAX F 4
2026-10-04T02:54:59Z,F,3,available,False,BFI IMAX F 3
2026-10-04T02:54:59Z,F,2,available,False,BFI IMAX F 2
2026-10-04T02:54:59Z,F,1,available,False,BFI IMAX F 1
2026-10-04T02:54:59Z,G,37,available,False,BFI IMAX G 37
2026-10-04T02:54:59Z,G,36,available,False,BFI IMAX G 36
2026-10-04T02:54:59Z,G,35,available,False,BFI IMAX G 35
2026-10-04T02:54:59Z,G,34,available,False,BFI IMAX G 34
2026-10-04T02:54:59Z,G,33,available,False,BFI IMAX G 33
2026-10-04T02:54:59Z,G,32,available,False,BFI IMAX G 32
2026-10-04T02:54:59Z,G,31,available,False,BFI IMAX G 31
2026-10-04T02:54:59Z,G,30,available,False,BFI IMAX G 30
2026-10-04T02:54:59Z,G,29,available,False,BFI IMAX G 29
2026-10-04T02:54:59Z,G,28,available,False,BFI IMAX G 28
2026-10-04T02:54:59Z,G,27,available,False,BFI IMAX G 27
2026-10-04T02:54:59Z,G,26,available,False,BFI IMAX G 26
2026-10-04T02:54:59Z,G,25,available,False,BFI IMAX G 25
2026-10-04T02:54:59Z,G,24,available,False,BFI IMAX G 24
2026-10-04T02:54:59Z,G,23,available,False,BFI IMAX G 23
2026-10-04T02:54:59Z,G,22,available,False,BFI IMAX G 22
2026-10-04T02:54:59Z,G,21,available,False,BFI IMAX G 21
2026-10-04T02:54:59Z,G,20,available,False,BFI IMAX G 20
2026-10-04T02:54:59Z,G,19,available,False,BFI IMAX G 19
2026-10-04T02:54:59Z,G,18,available,False,BFI IMAX G 18
2026-10-04T02:54:59Z,G,17,available,False,BFI IMAX G 17
2026-10-04T02:54:59Z,G,16,available,False,BFI IMAX G 16
2026-10-04T02:54:59Z,G,15,available,False,BFI IMAX G 15
2026-10-04T02:54:59Z,G,14,available,False,BFI IMAX G 14
2026-10-04T02:54:59Z,G,13,available,False,BFI IMAX G 13
2026-10-04T02:54:59Z,G,12,available,False,BFI IMAX G 12
2026-10-04T02:54:59Z,G,11,available,False,BFI IMAX G 11
2026-10-04T02:54:59Z,G,10,available,False,BFI IMAX G 10
2026-10-04T02:54:59Z,G,9,available,False,BFI IMAX G 9
2026-10-04T02:54:59Z,G,8,available,False,BFI IMAX G 8
2026-10-04T02:54:59Z,G,7,available,False,BFI IMAX G 7
2026-10-04T02:54:59Z,G,6,available,False,BFI IMAX G 6
2026-10-04T02:54:59Z,G,5,available,False,BFI IMAX G 5
2026-10-04T02:54:59Z,G,4,available,False,BFI IMAX G 4
2026-10-04T02:54:59Z,G,3,available,False,BFI IMAX G 3
2026-10-04T02:54:59Z,G,2,available,False,BFI IMAX G 2
2026-10-04T02:54:59Z,G,1,available,False,BFI IMAX G 1
2026-10-04T02:54:59Z,H,37,available,False,BFI IMAX H 37
2026-10-04T02:54:59Z,H,36,available,False,BFI IMAX H 36
2026-10-04T02:54:59Z,H,35,available,False,BFI IMAX H 35
2026-10-04T02:54:59Z,H,34,available,False,BFI IMAX H 34
2026-10-04T02:54:59Z,H,33,available,False,BFI IMAX H 33
2026-10-04T02:54:59Z,H,32,available,False,BFI IMAX H 32
2026-10-04T02:54:59Z,H,31,available,False,BFI IMAX H 31
2026-10-04T02:54:59Z,H,30,available,False,BFI IMAX H 30
2026-10-04T02:54:59Z,H,29,available,False,BFI IMAX H 29
2026-10-04T02:54:59Z,H,28,available,False,BFI IMAX H 28
2026-10-04T02:54:59Z,H,27,available,False,BFI IMAX H 27
2026-10-04T02:54:59Z,H,26,available,False,BFI IMAX H 26
2026-10-04T02:54:59Z,H,25,available,False,BFI IMAX H 25
2026-10-04T02:54:59Z,H,24,available,False,BFI IMAX H 24
2026-10-04T02:54:59Z,H,23,available,False,BFI IMAX H 23
2026-10-04T02:54:59Z,H,22,available,False,BFI IMAX H 22
2026-10-04T02:54:59Z,H,21,available,False,BFI IMAX H 21
2026-10-04T02:54:59Z,H,20,available,False,BFI IMAX H 20
2026-10-04T02:54:59Z,H,19,available,False,BFI IMAX H 19
2026-10-04T02:54:59Z,H,18,available,False,BFI IMAX H 18
2026-10-04T02:54:59Z,H,17,available,False,BFI IMAX H 17
2026-10-04T02:54:59Z,H,16,available,False,BFI IMAX H 16
2026-10-04T02:54:59Z,H,15,available,False,BFI IMAX H 15
2026-10-04T02:54:59Z,H,14,available,False,BFI IMAX H 14
2026-10-04T02:54:59Z,H,13,available,False,BFI IMAX H 13
2026-10-04T02:54:59Z,H,12,available,False,BFI IMAX H 12
2026-10-04T02:54:59Z,H,11,available,False,BFI IMAX H 11
2026-10-04T02:54:59Z,H,10,available,False,BFI IMAX H 10
2026-10-04T02:54:59Z,H,9,available,False,BFI IMAX H 9
2026-10-04T02:54:59Z,H,8,available,False,BFI IMAX H 8
2026-10-04T02:54:59Z,H,7,available,False,BFI IMAX H 7
2026-10-04T02:54:59Z,H,6,available,False,BFI IMAX H 6
2026-10-04T02:54:59Z,H,5,available,False,BFI IMAX H 5
2026-10-04T02:54:59Z,H,4,available,False,BFI IMAX H 4
2026-10-04T02:54:59Z,H,3,available,False,BFI IMAX H 3
2026-10-04T02:54:59Z,H,2,available,False,BFI IMAX H 2
2026-10-04T02:54:59Z,H,1,available,False,BFI IMAX H 1
2026-10-04T02:54:59Z,J,36,available,False,BFI IMAX J 36
2026-10-04T02:54:59Z,J,35,available,False,BFI IMAX J 35
2026-10-04T02:54:59Z,J,34,available,False,BFI IMAX J 34
2026-10-04T02:54:59Z,J,33,available,False,BFI IMAX J 33
2026-10-04T02:54:59Z,J,32,available,False,BFI IMAX J 32
2026-10-04T02:54:59Z,J,31,available,False,BFI IMAX J 31
2026-10-04T02:54:59Z,J,30,available,False,BFI IMAX J 30
2026-10-04T02:54:59Z,J,29,available,False,BFI IMAX J 29
2026-10-04T02:54:59Z,J,28,available,False,BFI IMAX J 28
2026-10-04T02:54:59Z,J,27,available,False,BFI IMAX J 27
2026-10-04T02:54:59Z,J,26,available,False,BFI IMAX J 26
2026-10-04T02:54:59Z,J,25,available,False,BFI IMAX J 25
2026-10-04T02:54:59Z,J,24,available,False,BFI IMAX J 24
2026-10-04T02:54:59Z,J,23,available,False,BFI IMAX J 23
2026-10-04T02:54:59Z,J,22,available,False,BFI IMAX J 22
2026-10-04T02:54:59Z,J,21,available,False,BFI IMAX J 21
2026-10-04T02:54:59Z,J,20,sold,False,BFI IMAX J 20
2026-10-04T02:54:59Z,J,19,available,False,BFI IMAX J 19
2026-10-04T02:54:59Z,J,18,available,False,BFI IMAX J 18
2026-10-04T02:54:59Z,J,17,available,False,BFI IMAX J 17
2026-10-04T02:54:59Z,J,16,available,False,BFI IMAX J 16
2026-10-04T02:54:59Z,J,15,available,False,BFI IMAX J 15
2026-10-04T02:54:59Z,J,14,available,False,BFI IMAX J 14
2026-10-04T02:54:59Z,J,13,available,False,BFI IMAX J 13
2026-10-04T02:54:59Z,J,12,available,False,BFI IMAX J 12
2026-10-04T02:54:59Z,J,11,available,False,BFI IMAX J 11
2026-10-04T02:54:59Z,J,10,available,False,BFI IMAX J 10
2026-10-04T02:54:59Z,J,9,available,False,BFI IMAX J 9
2026-10-04T02:54:59Z,J,8,available,False,BFI IMAX J 8
2026-10-04T02:54:59Z,J,7,available,False,BFI IMAX J 7
2026-10-04T02:54:59Z,J,6,available,False,BFI IMAX J 6
2026-10-04T02:54:59Z,J,5,available,False,BFI IMAX J 5
2026-10-04T02:54:59Z,J,4,available,False,BFI IMAX J 4
2026-10-04T02:54:59Z,J,3,available,False,BFI IMAX J 3
2026-10-04T02:54:59Z,J,2,available,False,BFI IMAX J 2
2026-10-04T02:54:59Z,J,1,available,False,BFI IMAX J 1
2026-10-04T02:54:59Z,K,36,available,False,BFI IMAX K 36
2026-10-04T02:54:59Z,K,35,available,False,BFI IMAX K 35
2026-10-04T02:54:59Z,K,34,available,False,BFI IMAX K 34
2026-10-04T02:54:59Z,K,33,available,False,BFI IMAX K 33
2026-10-04T02:54:59Z,K,32,available,False,BFI IMAX K 32
2026-10-04T02:54:59Z,K,31,available,False,BFI IMAX K 31
2026-10-04T02:54:59Z,K,30,available,False,BFI IMAX K 30
2026-10-04T02:54:59Z,K,29,available,False,BFI IMAX K 29
2026-10-04T02:54:59Z,K,28,available,False,BFI IMAX K 28
2026-10-04T02:54:59Z,A,13,available,False,BFI IMAX A 13
2026-10-04T02:54:59Z,A,12,available,False,BFI IMAX A 12
2026-10-04T02:54:59Z,K,25,available,False,BFI IMAX K 25
2026-10-04T02:54:59Z,K,24,available,False,BFI IMAX K 24
2026-10-04T02:54:59Z,K,23,available,False,BFI IMAX K 23
2026-10-04T02:54:59Z,K,22,available,False,BFI IMAX K 22
2026-10-04T02:54:59Z,K,21,available,False,BFI IMAX K 21
2026-10-04T02:54:59Z,K,20,available,False,BFI IMAX K 20
2026-10-04T02:54:59Z,K,19,sold,False,BFI IMAX K 19
2026-10-04T02:54:59Z,K,18,sold,False,BFI IMAX K 18
2026-10-04T02:54:59Z,K,17,available,False,BFI IMAX K 17
2026-10-04T02:54:59Z,K,16,available,False,BFI IMAX K 16
2026-10-04T02:54:59Z,K,15,available,False,BFI IMAX K 15
2026-10-04T02:54:59Z,K,14,available,False,BFI IMAX K 14
2026-10-04T02:54:59Z,K,13,available,False,BFI IMAX K 13
2026-10-04T02:54:59Z,K,12,available,False,BFI IMAX K 12
2026-10-04T02:54:59Z,K,11,available,False,BFI IMAX K 11
2026-10-04T02:54:59Z,K,10,available,False,BFI IMAX K 10
2026-10-04T02:54:59Z,K,9,available,False,BFI IMAX K 9
2026-10-04T02:54:59Z,K,8,available,False,BFI IMAX K 8
2026-10-04T02:54:59Z,K,7,available,False,BFI IMAX K 7
2026-10-04T02:54:59Z,K,6,available,False,BFI IMAX K 6
2026-10-04T02:54:59Z,K,5,available,False,BFI IMAX K 5
2026-10-04T02:54:59Z,K,4,available,False,BFI IMAX K 4
2026-10-04T02:54:59Z,K,3,available,False,BFI IMAX K 3
2026-10-04T02:54:59Z,K,2,available,False,BFI IMAX K 2
2026-10-04T02:54:59Z,K,1,available,False,BFI IMAX K 1
2026-10-04T02:54:59Z,L,33,available,False,BFI IMAX L 33
2026-10-04T02:54:59Z,L,32,available,False,BFI IMAX L 32
2026-10-04T02:54:59Z,L,31,available,False,BFI IMAX L 31
2026-10-04T02:54:59Z,L,30,available,False,BFI IMAX L 30
2026-10-04T02:54:59Z,L,29,available,False,BFI IMAX L 29
2026-10-04T02:54:59Z,L,28,available,False,BFI IMAX L 28
2026-10-04T02:54:59Z,L,27,available,False,BFI IMAX L 27
2026-10-04T02:54:59Z,L,26,available,False,BFI IMAX L 26
2026-10-04T02:54:59Z,L,8,available,False,BFI IMAX L 8
2026-10-04T02:54:59Z,L,7,available,False,BFI IMAX L 7
2026-10-04T02:54:59Z,L,6,available,False,BFI IMAX L 6
2026-10-04T02:54:59Z,L,5,available,False,BFI IMAX L 5
2026-10-04T02:54:59Z,L,4,available,False,BFI IMAX L 4
2026-10-04T02:54:59Z,L,3,available,False,BFI IMAX L 3
2026-10-04T02:54:59Z,L,2,available,False,BFI IMAX L 2
2026-10-04T02:54:59Z,L,1,available,False,BFI IMAX L 1
2026-10-04T02:54:59Z,M,34,available,False,BFI IMAX M 34
2026-10-04T02:54:59Z,M,33,available,False,BFI IMAX M 33
2026-10-04T02:54:59Z,M,32,available,False,BFI IMAX M 32
2026-10-04T02:54:59Z,M,31,available,False,BFI IMAX M 31
2026-10-04T02:54:59Z,M,30,available,False,BFI IMAX M 30
2026-10-04T02:54:59Z,M,29,available,False,BFI IMAX M 29
2026-10-04T02:54:59Z,M,28,available,False,BFI IMAX M 28
2026-10-04T02:54:59Z,M,27,sold,False,BFI IMAX M 27
2026-10-04T02:54:59Z,M,8,available,False,BFI IMAX M 8
2026-10-04T02:54:59Z,M,7,available,False,BFI IMAX M 7
2026-10-04T02:54:59Z,M,6,available,False,BFI IMAX M 6
2026-10-04T02:54:59Z,M,5,available,False,BFI IMAX M 5
2026-10-04T02:54:59Z,M,4,available,False,BFI IMAX M 4
2026-10-04T02:54:59Z,M,3,available,False,BFI IMAX M 3
2026-10-04T02:54:59Z,M,2,available,False,BFI IMAX M 2
2026-10-04T02:54:59Z,M,1,available,False,BFI IMAX M 1
2026-10-04T02:54:59Z,N,34,unavailable,False,BFI IMAX N 34
2026-10-04T02:54:59Z,N,33,unavailable,False,BFI IMAX N 33
2026-10-04T02:54:59Z,N,32,unavailable,False,BFI IMAX N 32
2026-10-04T02:54:59Z,N,31,unavailable,False,BFI IMAX N 31
2026-10-04T02:54:59Z,N,30,unavailable,False,BFI IMAX N 30
2026-10-04T02:54:59Z,N,29,unavailable,False,BFI IMAX N 29
2026-10-04T02:54:59Z,N,28,unavailable,False,BFI IMAX N 28
2026-10-04T02:54:59Z,N,27,unavailable,False,BFI IMAX N 27
2026-10-04T02:54:59Z,N,8,available,False,BFI IMAX N 8
2026-10-04T02:54:59Z,N,7,available,False,BFI IMAX N 7
2026-10-04T02:54:59Z,N,6,available,False,BFI IMAX N 6
2026-10-04T02:54:59Z,N,5,available,False,BFI IMAX N 5
2026-10-04T02:54:59Z,N,4,available,False,BFI IMAX N 4
2026-10-04T02:54:59Z,N,3,available,False,BFI IMAX N 3
2026-10-04T02:54:59Z,N,2,available,False,BFI IMAX N 2
2026-10-04T02:54:59Z,N,1,available,False,BFI IMAX N 1
2026-10-04T02:54:59Z,A,11,available,False,BFI IMAX A 11
2026-10-04T02:54:59Z,A,10,available,False,BFI IMAX A 10
2026-10-04T02:54:59Z,A,9,available,False,BFI IMAX A 9
2026-10-04T02:54:59Z,A,8,available,False,BFI IMAX A 8
2026-10-04T02:54:59Z,M,15,available,False,BFI IMAX M 15
2026-10-04T02:54:59Z,M,14,available,False,BFI IMAX M 14
2026-10-04T02:54:59Z,M,13,available,False,BFI IMAX M 13
2026-10-04T02:54:59Z,M,12,available,False,BFI IMAX M 12
2026-10-04T02:54:59Z,M,11,available,False,BFI IMAX M 11
2026-10-04T02:54:59Z,M,10,available,False,BFI IMAX M 10
2026-10-04T02:54:59Z,M,9,available,False,BFI IMAX M 9
2026-10-04T02:54:59Z,L,9,available,False,BFI IMAX L 9
2026-10-04T02:54:59Z,L,25,available,False,BFI IMAX L 25
2026-10-04T02:54:59Z,L,24,available,False,BFI IMAX L 24
2026-10-04T02:54:59Z,L,23,available,False,BFI IMAX L 23
2026-10-04T02:54:59Z,L,22,available,False,BFI IMAX L 22
2026-10-04T02:54:59Z,L,21,available,False,BFI IMAX L 21
2026-10-04T02:54:59Z,L,20,available,False,BFI IMAX L 20
2026-10-04T02:54:59Z,L,19,available,False,BFI IMAX L 19
2026-10-04T02:54:59Z,L,18,sold,False,BFI IMAX L 18
2026-10-04T02:54:59Z,L,17,sold,False,BFI IMAX L 17
2026-10-04T02:54:59Z,L,16,available,False,BFI IMAX L 16
2026-10-04T02:54:59Z,L,15,available,False,BFI IMAX L 15
2026-10-04T02:54:59Z,L,14,available,False,BFI IMAX L 14
2026-10-04T02:54:59Z,L,13,available,False,BFI IMAX L 13
2026-10-04T02:54:59Z,L,12,available,False,BFI IMAX L 12
2026-10-04T02:54:59Z,L,11,available,False,BFI IMAX L 11
2026-10-04T02:54:59Z,N,26,unavailable,False,BFI IMAX N 26
2026-10-04T02:54:59Z,N,25,unavailable,False,BFI IMAX N 25
2026-10-04T02:54:59Z,N,24,unavailable,False,BFI IMAX N 24
2026-10-04T02:54:59Z,N,23,unavailable,False,BFI IMAX N 23
2026-10-04T02:54:59Z,N,22,available,False,BFI IMAX N 22
2026-10-04T02:54:59Z,N,21,available,False,BFI IMAX N 21
2026-10-04T02:54:59Z,N,20,available,False,BFI IMAX N 20
2026-10-04T02:54:59Z,N,19,available,False,BFI IMAX N 19
2026-10-04T02:54:59Z,N,18,sold,False,BFI IMAX N 18
2026-10-04T02:54:59Z,N,17,available,False,BFI IMAX N 17
2026-10-04T02:54:59Z,N,16,available,False,BFI IMAX N 16
2026-10-04T02:54:59Z,N,15,available,False,BFI IMAX N 15
2026-10-04T02:54:59Z,N,14,available,False,BFI IMAX N 14
2026-10-04T02:54:59Z,N,13,available,False,BFI IMAX N 13
2026-10-04T02:54:59Z,N,12,unavailable,False,BFI IMAX N 12
2026-10-04T02:54:59Z,N,11,unavailable,False,BFI IMAX N 11
2026-10-04T02:54:59Z,N,10,unavailable,False,BFI IMAX N 10
2026-10-04T02:54:59Z,N,9,unavailable,False,BFI IMAX N 9
2026-10-04T02:54:59Z,L,10,available,False,BFI IMAX L 10
2026-10-04T02:54:59Z,M,26,available,False,BFI IMAX M 26
2026-10-04T02:54:59Z,M,25,available,False,BFI IMAX M 25
2026-10-04T02:54:59Z,M,24,available,False,BFI IMAX M 24
2026-10-04T02:54:59Z,M,23,available,False,BFI IMAX M 23
2026-10-04T02:54:59Z,M,22,available,False,BFI IMAX M 22
2026-10-04T02:54:59Z,M,21,available,False,BFI IMAX M 21
2026-10-04T02:54:59Z,M,20,available,False,BFI IMAX M 20
2026-10-04T02:54:59Z,M,19,sold,False,BFI IMAX M 19
2026-10-04T02:54:59Z,M,18,sold,False,BFI IMAX M 18
2026-10-04T02:54:59Z,M,17,sold,False,BFI IMAX M 17
2026-10-04T02:54:59Z,M,16,available,False,BFI IMAX M 16
2026-10-04T02:54:59Z,P,27,available,True,BFI IMAX P 27
2026-10-04T02:54:59Z,P,26,unavailable,False,BFI IMAX P 26
2026-10-04T02:54:59Z,P,6,unavailable,False,BFI IMAX P 6
2026-10-04T02:54:59Z,P,5,available,True,BFI IMAX P 5
2026-10-04T02:54:59Z,P,31,unavailable,False,BFI IMAX P 31
2026-10-04T02:54:59Z,P,30,available,True,BFI IMAX P 30
2026-10-04T02:54:59Z,P,2,available,True,BFI IMAX P 2
2026-10-04T02:54:59Z,P,1,unavailable,False,BFI IMAX P 1
2026-10-04T02:54:59Z,P,21,available,False,BFI IMAX P 21
2026-10-04T02:54:59Z,P,20,available,False,BFI IMAX P 20
2026-10-04T02:54:59Z,P,19,available,False,BFI IMAX P 19
2026-10-04T02:54:59Z,P,18,available,False,BFI IMAX P 18
2026-10-04T02:54:59Z,P,17,available,False,BFI IMAX P 17
2026-10-04T02:54:59Z,P,16,available,False,BFI IMAX P 16
2026-10-04T02:54:59Z,P,15,available,False,BFI IMAX P 15
2026-10-04T02:54:59Z,P,14,available,False,BFI IMAX P 14
2026-10-04T02:54:59Z,P,13,available,False,BFI IMAX P 13
2026-10-04T02:54:59Z,P,12,available,False,BFI IMAX P 12
2026-10-04T02:54:59Z,P,11,available,False,BFI IMAX P 11
2026-10-04T02:54:59Z,P,9,available,False,BFI IMAX P 9
2026-10-04T02:54:59Z,P,8,available,False,BFI IMAX P 8
2026-10-04T02:54:59Z,P,7,available,False,BFI IMAX P 7
2026-10-04T02:54:59Z,P,10,available,False,BFI IMAX P 10
2026-10-04T02:54:59Z,P,25,available,False,BFI IMAX P 25
2026-10-04T02:54:59Z,P,24,available,False,BFI IMAX P 24
2026-10-04T02:54:59Z,P,23,available,False,BFI IMAX P 23
2026-10-04T02:54:59Z,P,22,available,False,BFI IMAX P 22
2026-10-04T02:54:59Z,Q,18,sold,False,BFI IMAX Q 18
2026-10-04T02:54:59Z,Q,17,available,False,BFI IMAX Q 17
2026-10-04T02:54:59Z,Q,16,available,False,BFI IMAX Q 16
2026-10-04T02:54:59Z,Q,15,available,False,BFI IMAX Q 15
2026-10-04T02:54:59Z,Q,14,available,False,BFI IMAX Q 14
2026-10-04T02:54:59Z,Q,13,available,False,BFI IMAX Q 13
2026-10-04T02:54:59Z,Q,12,available,False,BFI IMAX Q 12
2026-10-04T02:54:59Z,Q,11,available,False,BFI IMAX Q 11
2026-10-04T02:54:59Z,Q,10,available,False,BFI IMAX Q 10
2026-10-04T02:54:59Z,Q,9,sold,False,BFI IMAX Q 9
2026-10-04T02:54:59Z,Q,8,sold,False,BFI IMAX Q 8
2026-10-04T02:54:59Z,Q,7,sold,False,BFI IMAX Q 7
2026-10-04T02:54:59Z,Q,6,available,False,BFI IMAX Q 6
2026-10-04T02:54:59Z,Q,5,available,False,BFI IMAX Q 5
2026-10-04T02:54:59Z,Q,4,available,False,BFI IMAX Q 4
2026-10-04T02:54:59Z,Q,3,available,False,BFI IMAX Q 3
2026-10-04T02:54:59Z,Q,2,available,False,BFI IMAX Q 2
2026-10-04T02:54:59Z,Q,1,available,False,BFI IMAX Q 1
2026-10-04T18:25:21Z,K,27,unavailable,False,BFI IMAX K 27
2026-10-04T18:25:21Z,K,26,unavailable,False,BFI IMAX K 26
2026-10-04T18:25:21Z,P,29,available,True,BFI IMAX P 29
2026-10-04T18:25:21Z,P,28,available,True,BFI IMAX P 28
2026-10-04T18:25:21Z,P,4,available,True,BFI IMAX P 4
2026-10-04T18:25:21Z,P,3,available,True,BFI IMAX P 3
2026-10-04T18:25:21Z,A,7,available,False,BFI IMAX A 7
2026-10-04T18:25:21Z,A,6,available,False,BFI IMAX A 6
2026-10-04T18:25:21Z,A,5,available,False,BFI IMAX A 5
2026-10-04T18:25:21Z,A,4,available,False,BFI IMAX A 4
2026-10-04T18:25:21Z,A,3,available,False,BFI IMAX A 3
2026-10-04T18:25:21Z,A,2,available,False,BFI IMAX A 2
2026-10-04T18:25:21Z,A,1,available,False,BFI IMAX A 1
2026-10-04T18:25:21Z,B,36,available,False,BFI IMAX B 36
2026-10-04T18:25:21Z,B,35,available,False,BFI IMAX B 35
2026-10-04T18:25:21Z,B,34,available,False,BFI IMAX B 34
2026-10-04T18:25:21Z,B,33,available,False,BFI IMAX B 33
2026-10-04T18:25:21Z,B,32,available,False,BFI IMAX B 32
2026-10-04T18:25:21Z,B,31,available,False,BFI IMAX B 31
2026-10-04T18:25:21Z,B,30,available,False,BFI IMAX B 30
2026-10-04T18:25:21Z,B,29,available,False,BFI IMAX B 29
2026-10-04T18:25:21Z,B,28,available,False,BFI IMAX B 28
2026-10-04T18:25:21Z,B,27,available,False,BFI IMAX B 27
2026-10-04T18:25:21Z,B,26,available,False,BFI IMAX B 26
2026-10-04T18:25:21Z,B,25,available,False,BFI IMAX B 25
2026-10-04T18:25:21Z,B,24,available,False,BFI IMAX B 24
2026-10-04T18:25:21Z,B,23,available,False,BFI IMAX B 23
2026-10-04T18:25:21Z,B,22,available,False,BFI IMAX B 22
2026-10-04T18:25:21Z,B,21,available,False,BFI IMAX B 21
2026-10-04T18:25:21Z,B,20,available,False,BFI IMAX B 20
2026-10-04T18:25:21Z,B,19,available,False,BFI IMAX B 19
2026-10-04T18:25:21Z,B,18,available,False,BFI IMAX B 18
2026-10-04T18:25:21Z,B,17,available,False,BFI IMAX B 17
2026-10-04T18:25:21Z,B,16,available,False,BFI IMAX B 16
2026-10-04T18:25:21Z,B,15,available,False,BFI IMAX B 15
2026-10-04T18:25:21Z,B,14,available,False,BFI IMAX B 14
2026-10-04T18:25:21Z,B,13,available,False,BFI IMAX B 13
2026-10-04T18:25:21Z,B,12,available,False,BFI IMAX B 12
2026-10-04T18:25:21Z,B,11,available,False,BFI IMAX B 11
2026-10-04T18:25:21Z,B,10,available,False,BFI IMAX B 10
2026-10-04T18:25:21Z,B,9,available,False,BFI IMAX B 9
2026-10-04T18:25:21Z,B,8,available,False,BFI IMAX B 8
2026-10-04T18:25:21Z,B,7,available,False,BFI IMAX B 7
2026-10-04T18:25:21Z,B,6,available,False,BFI IMAX B 6
2026-10-04T18:25:21Z,B,5,available,False,BFI IMAX B 5
2026-10-04T18:25:21Z,B,4,available,False,BFI IMAX B 4
2026-10-04T18:25:21Z,B,3,available,False,BFI IMAX B 3
2026-10-04T18:25:21Z,B,2,available,False,BFI IMAX B 2
2026-10-04T18:25:21Z,B,1,available,False,BFI IMAX B 1
2026-10-04T18:25:21Z,C,36,available,False,BFI IMAX C 36
2026-10-04T18:25:21Z,C,35,available,False,BFI IMAX C 35
2026-10-04T18:25:21Z,C,34,available,False,BFI IMAX C 34
2026-10-04T18:25:21Z,C,33,available,False,BFI IMAX C 33
2026-10-04T18:25:21Z,C,32,available,False,BFI IMAX C 32
2026-10-04T18:25:21Z,C,31,available,False,BFI IMAX C 31
2026-10-04T18:25:21Z,C,30,available,False,BFI IMAX C 30
2026-10-04T18:25:21Z,C,29,available,False,BFI IMAX C 29
2026-10-04T18:25:21Z,C,28,available,False,BFI IMAX C 28
2026-10-04T18:25:21Z,C,27,available,False,BFI IMAX C 27
2026-10-04T18:25:21Z,C,26,available,False,BFI IMAX C 26
2026-10-04T18:25:21Z,C,25,sold,False,BFI IMAX C 25
2026-10-04T18:25:21Z,C,24,available,False,BFI IMAX C 24
2026-10-04T18:25:21Z,C,23,available,False,BFI IMAX C 23
2026-10-04T18:25:21Z,C,22,available,False,BFI IMAX C 22
2026-10-04T18:25:21Z,C,21,available,False,BFI IMAX C 21
2026-10-04T18:25:21Z,C,20,available,False,BFI IMAX C 20
2026-10-04T18:25:21Z,C,19,available,False,BFI IMAX C 19
2026-10-04T18:25:21Z,C,18,available,False,BFI IMAX C 18
2026-10-04T18:25:21Z,C,17,available,False,BFI IMAX C 17
2026-10-04T18:25:21Z,C,16,available,False,BFI IMAX C 16
2026-10-04T18:25:21Z,C,15,available,False,BFI IMAX C 15
2026-10-04T18:25:21Z,C,14,available,False,BFI IMAX C 14
2026-10-04T18:25:21Z,C,13,available,False,BFI IMAX C 13
2026-10-04T18:25:21Z,C,12,available,False,BFI IMAX C 12
2026-10-04T18:25:21Z,C,11,available,False,BFI IMAX C 11
2026-10-04T18:25:21Z,C,10,available,False,BFI IMAX C 10
2026-10-04T18:25:21Z,C,9,available,False,BFI IMAX C 9
2026-10-04T18:25:21Z,C,8,available,False,BFI IMAX C 8
2026-10-04T18:25:21Z,C,7,available,False,BFI IMAX C 7
2026-10-04T18:25:21Z,C,6,available,False,BFI IMAX C 6
2026-10-04T18:25:21Z,C,5,available,False,BFI IMAX C 5
2026-10-04T18:25:21Z,C,4,available,False,BFI IMAX C 4
2026-10-04T18:25:21Z,C,3,available,False,BFI IMAX C 3
2026-10-04T18:25:21Z,C,2,available,False,BFI IMAX C 2
2026-10-04T18:25:21Z,C,1,available,False,BFI IMAX C 1
2026-10-04T18:25:21Z,D,37,available,False,BFI IMAX D 37
2026-10-04T18:25:21Z,D,36,available,False,BFI IMAX D 36
2026-10-04T18:25:21Z,D,35,available,False,BFI IMAX D 35
2026-10-04T18:25:21Z,D,34,available,False,BFI IMAX D 34
2026-10-04T18:25:21Z,D,33,available,False,BFI IMAX D 33
2026-10-04T18:25:21Z,D,32,available,False,BFI IMAX D 32
2026-10-04T18:25:21Z,D,31,available,False,BFI IMAX D 31
2026-10-04T18:25:21Z,D,30,available,False,BFI IMAX D 30
2026-10-04T18:25:21Z,D,29,available,False,BFI IMAX D 29
2026-10-04T18:25:21Z,D,28,available,False,BFI IMAX D 28
2026-10-04T18:25:21Z,D,27,available,False,BFI IMAX D 27
2026-10-04T18:25:21Z,D,26,available,False,BFI IMAX D 26
2026-10-04T18:25:21Z,D,25,available,False,BFI IMAX D 25
2026-10-04T18:25:21Z,D,24,available,False,BFI IMAX D 24
2026-10-04T18:25:21Z,D,23,available,False,BFI IMAX D 23
2026-10-04T18:25:21Z,D,22,available,False,BFI IMAX D 22
2026-10-04T18:25:21Z,D,21,available,False,BFI IMAX D 21
2026-10-04T18:25:21Z,D,20,available,False,BFI IMAX D 20
2026-10-04T18:25:21Z,D,19,available,False,BFI IMAX D 19
2026-10-04T18:25:21Z,D,18,available,False,BFI IMAX D 18
2026-10-04T18:25:21Z,D,17,available,False,BFI IMAX D 17
2026-10-04T18:25:21Z,D,16,available,False,BFI IMAX D 16
2026-10-04T18:25:21Z,D,15,available,False,BFI IMAX D 15
2026-10-04T18:25:21Z,D,14,available,False,BFI IMAX D 14
2026-10-04T18:25:21Z,D,13,available,False,BFI IMAX D 13
2026-10-04T18:25:21Z,D,12,available,False,BFI IMAX D 12
2026-10-04T18:25:21Z,D,11,available,False,BFI IMAX D 11
2026-10-04T18:25:21Z,D,10,available,False,BFI IMAX D 10
2026-10-04T18:25:21Z,D,9,available,False,BFI IMAX D 9
2026-10-04T18:25:21Z,D,8,available,False,BFI IMAX D 8
2026-10-04T18:25:21Z,D,7,available,False,BFI IMAX D 7
2026-10-04T18:25:21Z,D,6,available,False,BFI IMAX D 6
2026-10-04T18:25:21Z,D,5,available,False,BFI IMAX D 5
2026-10-04T18:25:21Z,D,4,available,False,BFI IMAX D 4
2026-10-04T18:25:21Z,D,3,available,False,BFI IMAX D 3
2026-10-04T18:25:21Z,D,2,available,False,BFI IMAX D 2
2026-10-04T18:25:21Z,D,1,available,False,BFI IMAX D 1
2026-10-04T18:25:21Z,E,37,available,False,BFI IMAX E 37
2026-10-04T18:25:21Z,E,36,available,False,BFI IMAX E 36
2026-10-04T18:25:21Z,E,35,available,False,BFI IMAX E 35
2026-10-04T18:25:21Z,E,34,available,False,BFI IMAX E 34
2026-10-04T18:25:21Z,E,33,available,False,BFI IMAX E 33
2026-10-04T18:25:21Z,E,32,available,False,BFI IMAX E 32
2026-10-04T18:25:21Z,E,31,available,False,BFI IMAX E 31
2026-10-04T18:25:21Z,E,30,available,False,BFI IMAX E 30
2026-10-04T18:25:21Z,E,29,available,False,BFI IMAX E 29
2026-10-04T18:25:21Z,E,28,available,False,BFI IMAX E 28
2026-10-04T18:25:21Z,E,27,available,False,BFI IMAX E 27
2026-10-04T18:25:21Z,E,26,available,False,BFI IMAX E 26
2026-10-04T18:25:21Z,E,25,available,False,BFI IMAX E 25
2026-10-04T18:25:21Z,E,24,available,False,BFI IMAX E 24
2026-10-04T18:25:21Z,E,23,available,False,BFI IMAX E 23
2026-10-04T18:25:21Z,E,22,available,False,BFI IMAX E 22
2026-10-04T18:25:21Z,E,21,available,False,BFI IMAX E 21
2026-10-04T18:25:21Z,E,20,available,False,BFI IMAX E 20
2026-10-04T18:25:21Z,E,19,available,False,BFI IMAX E 19
2026-10-04T18:25:21Z,E,18,available,False,BFI IMAX E 18
2026-10-04T18:25:21Z,E,17,available,False,BFI IMAX E 17
2026-10-04T18:25:21Z,E,16,available,False,BFI IMAX E 16
2026-10-04T18:25:21Z,E,15,available,False,BFI IMAX E 15
2026-10-04T18:25:21Z,E,14,available,False,BFI IMAX E 14
2026-10-04T18:25:21Z,E,13,available,False,BFI IMAX E 13
2026-10-04T18:25:21Z,E,12,available,False,BFI IMAX E 12
2026-10-04T18:25:21Z,E,11,available,False,BFI IMAX E 11
2026-10-04T18:25:21Z,E,10,available,False,BFI IMAX E 10
2026-10-04T18:25:21Z,E,9,available,False,BFI IMAX E 9
2026-10-04T18:25:21Z,E,8,available,False,BFI IMAX E 8
2026-10-04T18:25:21Z,E,7,available,False,BFI IMAX E 7
2026-10-04T18:25:21Z,E,6,available,False,BFI IMAX E 6
2026-10-04T18:25:21Z,E,5,available,False,BFI IMAX E 5
2026-10-04T18:25:21Z,E,4,available,False,BFI IMAX E 4
2026-10-04T18:25:21Z,E,3,available,False,BFI IMAX E 3
2026-10-04T18:25:21Z,E,2,available,False,BFI IMAX E 2
2026-10-04T18:25:21Z,E,1,available,False,BFI IMAX E 1
2026-10-04T18:25:21Z,F,38,available,False,BFI IMAX F 38
2026-10-04T18:25:21Z,F,37,available,False,BFI IMAX F 37
2026-10-04T18:25:21Z,F,36,available,False,BFI IMAX F 36
2026-10-04T18:25:21Z,F,35,available,False,BFI IMAX F 35
2026-10-04T18:25:21Z,F,34,available,False,BFI IMAX F 34
2026-10-04T18:25:21Z,F,33,available,False,BFI IMAX F 33
2026-10-04T18:25:21Z,F,32,available,False,BFI IMAX F 32
2026-10-04T18:25:21Z,F,31,available,False,BFI IMAX F 31
2026-10-04T18:25:21Z,F,30,available,False,BFI IMAX F 30
2026-10-04T18:25:21Z,F,29,available,False,BFI IMAX F 29
2026-10-04T18:25:21Z,F,28,available,False,BFI IMAX F 28
2026-10-04T18:25:21Z,F,27,available,False,BFI IMAX F 27
2026-10-04T18:25:21Z,F,26,available,False,BFI IMAX F 26
2026-10-04T18:25:21Z,F,25,available,False,BFI IMAX F 25
2026-10-04T18:25:21Z,F,24,available,False,BFI IMAX F 24
2026-10-04T18:25:21Z,F,23,available,False,BFI IMAX F 23
2026-10-04T18:25:21Z,F,22,available,False,BFI IMAX F 22
2026-10-04T18:25:21Z,F,21,available,False,BFI IMAX F 21
2026-10-04T18:25:21Z,F,20,available,False,BFI IMAX F 20
2026-10-04T18:25:21Z,F,19,available,False,BFI IMAX F 19
2026-10-04T18:25:21Z,F,18,available,False,BFI IMAX F 18
2026-10-04T18:25:21Z,F,17,available,False,BFI IMAX F 17
2026-10-04T18:25:21Z,F,16,available,False,BFI IMAX F 16
2026-10-04T18:25:21Z,F,15,available,False,BFI IMAX F 15
2026-10-04T18:25:21Z,F,14,available,False,BFI IMAX F 14
2026-10-04T18:25:21Z,F,13,available,False,BFI IMAX F 13
2026-10-04T18:25:21Z,F,12,available,False,BFI IMAX F 12
2026-10-04T18:25:21Z,F,11,available,False,BFI IMAX F 11
2026-10-04T18:25:21Z,F,10,available,False,BFI IMAX F 10
2026-10-04T18:25:21Z,F,9,available,False,BFI IMAX F 9
2026-10-04T18:25:21Z,F,8,available,False,BFI IMAX F 8
2026-10-04T18:25:21Z,F,7,available,False,BFI IMAX F 7
2026-10-04T18:25:21Z,F,6,available,False,BFI IMAX F 6
2026-10-04T18:25:21Z,F,5,available,False,BFI IMAX F 5
2026-10-04T18:25:21Z,F,4,available,False,BFI IMAX F 4
2026-10-04T18:25:21Z,F,3,available,False,BFI IMAX F 3
2026-10-04T18:25:21Z,F,2,available,False,BFI IMAX F 2
2026-10-04T18:25:21Z,F,1,available,False,BFI IMAX F 1
2026-10-04T18:25:21Z,G,37,available,False,BFI IMAX G 37
2026-10-04T18:25:21Z,G,36,available,False,BFI IMAX G 36
2026-10-04T18:25:21Z,G,35,available,False,BFI IMAX G 35
2026-10-04T18:25:21Z,G,34,available,False,BFI IMAX G 34
2026-10-04T18:25:21Z,G,33,available,False,BFI IMAX G 33
2026-10-04T18:25:21Z,G,32,available,False,BFI IMAX G 32
2026-10-04T18:25:21Z,G,31,available,False,BFI IMAX G 31
2026-10-04T18:25:21Z,G,30,available,False,BFI IMAX G 30
2026-10-04T18:25:21Z,G,29,available,False,BFI IMAX G 29
2026-10-04T18:25:21Z,G,28,available,False,BFI IMAX G 28
2026-10-04T18:25:21Z,G,27,available,False,BFI IMAX G 27
2026-10-04T18:25:21Z,G,26,available,False,BFI IMAX G 26
2026-10-04T18:25:21Z,G,25,available,False,BFI IMAX G 25
2026-10-04T18:25:21Z,G,24,available,False,BFI IMAX G 24
2026-10-04T18:25:21Z,G,23,available,False,BFI IMAX G 23
2026-10-04T18:25:21Z,G,22,available,False,BFI IMAX G 22
2026-10-04T18:25:21Z,G,21,available,False,BFI IMAX G 21
2026-10-04T18:25:21Z,G,20,available,False,BFI IMAX G 20
2026-10-04T18:25:21Z,G,19,available,False,BFI IMAX G 19
2026-10-04T18:25:21Z,G,18,available,False,BFI IMAX G 18
2026-10-04T18:25:21Z,G,17,available,False,BFI IMAX G 17
2026-10-04T18:25:21Z,G,16,available,False,BFI IMAX G 16
2026-10-04T18:25:21Z,G,15,available,False,BFI IMAX G 15
2026-10-04T18:25:21Z,G,14,available,False,BFI IMAX G 14
2026-10-04T18:25:21Z,G,13,available,False,BFI IMAX G 13
2026-10-04T18:25:21Z,G,12,available,False,BFI IMAX G 12
2026-10-04T18:25:21Z,G,11,available,False,BFI IMAX G 11
2026-10-04T18:25:21Z,G,10,available,False,BFI IMAX G 10
2026-10-04T18:25:21Z,G,9,available,False,BFI IMAX G 9
2026-10-04T18:25:21Z,G,8,available,False,BFI IMAX G 8
2026-10-04T18:25:21Z,G,7,available,False,BFI IMAX G 7
2026-10-04T18:25:21Z,G,6,available,False,BFI IMAX G 6
2026-10-04T18:25:21Z,G,5,available,False,BFI IMAX G 5
2026-10-04T18:25:21Z,G,4,available,False,BFI IMAX G 4
2026-10-04T18:25:21Z,G,3,available,False,BFI IMAX G 3
2026-10-04T18:25:21Z,G,2,available,False,BFI IMAX G 2
2026-10-04T18:25:21Z,G,1,available,False,BFI IMAX G 1
2026-10-04T18:25:21Z,H,37,available,False,BFI IMAX H 37
2026-10-04T18:25:21Z,H,36,available,False,BFI IMAX H 36
2026-10-04T18:25:21Z,H,35,available,False,BFI IMAX H 35
2026-10-04T18:25:21Z,H,34,available,False,BFI IMAX H 34
2026-10-04T18:25:21Z,H,33,available,False,BFI IMAX H 33
2026-10-04T18:25:21Z,H,32,available,False,BFI IMAX H 32
2026-10-04T18:25:21Z,H,31,available,False,BFI IMAX H 31
2026-10-04T18:25:21Z,H,30,available,False,BFI IMAX H 30
2026-10-04T18:25:21Z,H,29,available,False,BFI IMAX H 29
2026-10-04T18:25:21Z,H,28,available,False,BFI IMAX H 28
2026-10-04T18:25:21Z,H,27,available,False,BFI IMAX H 27
2026-10-04T18:25:21Z,H,26,available,False,BFI IMAX H 26
2026-10-04T18:25:21Z,H,25,available,False,BFI IMAX H 25
2026-10-04T18:25:21Z,H,24,available,False,BFI IMAX H 24
2026-10-04T18:25:21Z,H,23,available,False,BFI IMAX H 23
2026-10-04T18:25:21Z,H,22,available,False,BFI IMAX H 22
2026-10-04T18:25:21Z,H,21,available,False,BFI IMAX H 21
2026-10-04T18:25:21Z,H,20,available,False,BFI IMAX H 20
2026-10-04T18:25:21Z,H,19,sold,False,BFI IMAX H 19
2026-10-04T18:25:21Z,H,18,sold,False,BFI IMAX H 18
2026-10-04T18:25:21Z,H,17,available,False,BFI IMAX H 17
2026-10-04T18:25:21Z,H,16,available,False,BFI IMAX H 16
2026-10-04T18:25:21Z,H,15,available,False,BFI IMAX H 15
2026-10-04T18:25:21Z,H,14,available,False,BFI IMAX H 14
2026-10-04T18:25:21Z,H,13,available,False,BFI IMAX H 13
2026-10-04T18:25:21Z,H,12,available,False,BFI IMAX H 12
2026-10-04T18:25:21Z,H,11,available,False,BFI IMAX H 11
2026-10-04T18:25:21Z,H,10,available,False,BFI IMAX H 10
2026-10-04T18:25:21Z,H,9,available,False,BFI IMAX H 9
2026-10-04T18:25:21Z,H,8,available,False,BFI IMAX H 8
2026-10-04T18:25:21Z,H,7,available,False,BFI IMAX H 7
2026-10-04T18:25:21Z,H,6,available,False,BFI IMAX H 6
2026-10-04T18:25:21Z,H,5,available,False,BFI IMAX H 5
2026-10-04T18:25:21Z,H,4,available,False,BFI IMAX H 4
2026-10-04T18:25:21Z,H,3,available,False,BFI IMAX H 3
2026-10-04T18:25:21Z,H,2,available,False,BFI IMAX H 2
2026-10-04T18:25:21Z,H,1,available,False,BFI IMAX H 1
2026-10-04T18:25:21Z,J,36,available,False,BFI IMAX J 36
2026-10-04T18:25:21Z,J,35,available,False,BFI IMAX J 35
2026-10-04T18:25:21Z,J,34,available,False,BFI IMAX J 34
2026-10-04T18:25:21Z,J,33,available,False,BFI IMAX J 33
2026-10-04T18:25:21Z,J,32,available,False,BFI IMAX J 32
2026-10-04T18:25:21Z,J,31,available,False,BFI IMAX J 31
2026-10-04T18:25:21Z,J,30,available,False,BFI IMAX J 30
2026-10-04T18:25:21Z,J,29,available,False,BFI IMAX J 29
2026-10-04T18:25:21Z,J,28,available,False,BFI IMAX J 28
2026-10-04T18:25:21Z,J,27,available,False,BFI IMAX J 27
2026-10-04T18:25:21Z,J,26,available,False,BFI IMAX J 26
2026-10-04T18:25:21Z,J,25,available,False,BFI IMAX J 25
2026-10-04T18:25:21Z,J,24,available,False,BFI IMAX J 24
2026-10-04T18:25:21Z,J,23,available,False,BFI IMAX J 23
2026-10-04T18:25:21Z,J,22,available,False,BFI IMAX J 22
2026-10-04T18:25:21Z,J,21,available,False,BFI IMAX J 21
2026-10-04T18:25:21Z,J,20,sold,False,BFI IMAX J 20
2026-10-04T18:25:21Z,J,19,available,False,BFI IMAX J 19
2026-10-04T18:25:21Z,J,18,available,False,BFI IMAX J 18
2026-10-04T18:25:21Z,J,17,available,False,BFI IMAX J 17
2026-10-04T18:25:21Z,J,16,available,False,BFI IMAX J 16
2026-10-04T18:25:21Z,J,15,available,False,BFI IMAX J 15
2026-10-04T18:25:21Z,J,14,available,False,BFI IMAX J 14
2026-10-04T18:25:21Z,J,13,available,False,BFI IMAX J 13
2026-10-04T18:25:21Z,J,12,available,False,BFI IMAX J 12
2026-10-04T18:25:21Z,J,11,available,False,BFI IMAX J 11
2026-10-04T18:25:21Z,J,10,available,False,BFI IMAX J 10
2026-10-04T18:25:21Z,J,9,available,False,BFI IMAX J 9
2026-10-04T18:25:21Z,J,8,available,False,BFI IMAX J 8
2026-10-04T18:25:21Z,J,7,available,False,BFI IMAX J 7
2026-10-04T18:25:21Z,J,6,available,False,BFI IMAX J 6
2026-10-04T18:25:21Z,J,5,available,False,BFI IMAX J 5
2026-10-04T18:25:21Z,J,4,available,False,BFI IMAX J 4
2026-10-04T18:25:21Z,J,3,available,False,BFI IMAX J 3
2026-10-04T18:25:21Z,J,2,available,False,BFI IMAX J 2
2026-10-04T18:25:21Z,J,1,available,False,BFI IMAX J 1
2026-10-04T18:25:21Z,K,36,available,False,BFI IMAX K 36
2026-10-04T18:25:21Z,K,35,available,False,BFI IMAX K 35
2026-10-04T18:25:21Z,K,34,available,False,BFI IMAX K 34
2026-10-04T18:25:21Z,K,33,available,False,BFI IMAX K 33
2026-10-04T18:25:21Z,K,32,available,False,BFI IMAX K 32
2026-10-04T18:25:21Z,K,31,available,False,BFI IMAX K 31
2026-10-04T18:25:21Z,K,30,available,False,BFI IMAX K 30
2026-10-04T18:25:21Z,K,29,available,False,BFI IMAX K 29
2026-10-04T18:25:21Z,K,28,available,False,BFI IMAX K 28
2026-10-04T18:25:21Z,A,13,available,False,BFI IMAX A 13
2026-10-04T18:25:21Z,A,12,available,False,BFI IMAX A 12
2026-10-04T18:25:21Z,K,25,available,False,BFI IMAX K 25
2026-10-04T18:25:21Z,K,24,available,False,BFI IMAX K 24
2026-10-04T18:25:21Z,K,23,available,False,BFI IMAX K 23
2026-10-04T18:25:21Z,K,22,available,False,BFI IMAX K 22
2026-10-04T18:25:21Z,K,21,available,False,BFI IMAX K 21
2026-10-04T18:25:21Z,K,20,available,False,BFI IMAX K 20
2026-10-04T18:25:21Z,K,19,sold,False,BFI IMAX K 19
2026-10-04T18:25:21Z,K,18,sold,False,BFI IMAX K 18
2026-10-04T18:25:21Z,K,17,available,False,BFI IMAX K 17
2026-10-04T18:25:21Z,K,16,available,False,BFI IMAX K 16
2026-10-04T18:25:21Z,K,15,available,False,BFI IMAX K 15
2026-10-04T18:25:21Z,K,14,available,False,BFI IMAX K 14
2026-10-04T18:25:21Z,K,13,available,False,BFI IMAX K 13
2026-10-04T18:25:21Z,K,12,available,False,BFI IMAX K 12
2026-10-04T18:25:21Z,K,11,available,False,BFI IMAX K 11
2026-10-04T18:25:21Z,K,10,available,False,BFI IMAX K 10
2026-10-04T18:25:21Z,K,9,available,False,BFI IMAX K 9
2026-10-04T18:25:21Z,K,8,available,False,BFI IMAX K 8
2026-10-04T18:25:21Z,K,7,available,False,BFI IMAX K 7
2026-10-04T18:25:21Z,K,6,available,False,BFI IMAX K 6
2026-10-04T18:25:21Z,K,5,available,False,BFI IMAX K 5
2026-10-04T18:25:21Z,K,4,available,False,BFI IMAX K 4
2026-10-04T18:25:21Z,K,3,available,False,BFI IMAX K 3
2026-10-04T18:25:21Z,K,2,available,False,BFI IMAX K 2
2026-10-04T18:25:21Z,K,1,available,False,BFI IMAX K 1
2026-10-04T18:25:21Z,L,33,available,False,BFI IMAX L 33
2026-10-04T18:25:21Z,L,32,available,False,BFI IMAX L 32
2026-10-04T18:25:21Z,L,31,available,False,BFI IMAX L 31
2026-10-04T18:25:21Z,L,30,available,False,BFI IMAX L 30
2026-10-04T18:25:21Z,L,29,available,False,BFI IMAX L 29
2026-10-04T18:25:21Z,L,28,available,False,BFI IMAX L 28
2026-10-04T18:25:21Z,L,27,available,False,BFI IMAX L 27
2026-10-04T18:25:21Z,L,26,available,False,BFI IMAX L 26
2026-10-04T18:25:21Z,L,8,available,False,BFI IMAX L 8
2026-10-04T18:25:21Z,L,7,available,False,BFI IMAX L 7
2026-10-04T18:25:21Z,L,6,available,False,BFI IMAX L 6
2026-10-04T18:25:21Z,L,5,available,False,BFI IMAX L 5
2026-10-04T18:25:21Z,L,4,available,False,BFI IMAX L 4
2026-10-04T18:25:21Z,L,3,available,False,BFI IMAX L 3
2026-10-04T18:25:21Z,L,2,available,False,BFI IMAX L 2
2026-10-04T18:25:21Z,L,1,available,False,BFI IMAX L 1
2026-10-04T18:25:21Z,M,34,available,False,BFI IMAX M 34
2026-10-04T18:25:21Z,M,33,available,False,BFI IMAX M 33
2026-10-04T18:25:21Z,M,32,available,False,BFI IMAX M 32
2026-10-04T18:25:21Z,M,31,available,False,BFI IMAX M 31
2026-10-04T18:25:21Z,M,30,available,False,BFI IMAX M 30
2026-10-04T18:25:21Z,M,29,available,False,BFI IMAX M 29
2026-10-04T18:25:21Z,M,28,available,False,BFI IMAX M 28
2026-10-04T18:25:21Z,M,27,sold,False,BFI IMAX M 27
2026-10-04T18:25:21Z,M,8,available,False,BFI IMAX M 8
2026-10-04T18:25:21Z,M,7,available,False,BFI IMAX M 7
2026-10-04T18:25:21Z,M,6,available,False,BFI IMAX M 6
2026-10-04T18:25:21Z,M,5,available,False,BFI IMAX M 5
2026-10-04T18:25:21Z,M,4,available,False,BFI IMAX M 4
2026-10-04T18:25:21Z,M,3,available,False,BFI IMAX M 3
2026-10-04T18:25:21Z,M,2,available,False,BFI IMAX M 2
2026-10-04T18:25:21Z,M,1,available,False,BFI IMAX M 1
2026-10-04T18:25:21Z,N,34,unavailable,False,BFI IMAX N 34
2026-10-04T18:25:21Z,N,33,unavailable,False,BFI IMAX N 33
2026-10-04T18:25:21Z,N,32,unavailable,False,BFI IMAX N 32
2026-10-04T18:25:21Z,N,31,unavailable,False,BFI IMAX N 31
2026-10-04T18:25:21Z,N,30,unavailable,False,BFI IMAX N 30
2026-10-04T18:25:21Z,N,29,unavailable,False,BFI IMAX N 29
2026-10-04T18:25:21Z,N,28,unavailable,False,BFI IMAX N 28
2026-10-04T18:25:21Z,N,27,unavailable,False,BFI IMAX N 27
2026-10-04T18:25:21Z,N,8,available,False,BFI IMAX N 8
2026-10-04T18:25:21Z,N,7,available,False,BFI IMAX N 7
2026-10-04T18:25:21Z,N,6,available,False,BFI IMAX N 6
2026-10-04T18:25:21Z,N,5,available,False,BFI IMAX N 5
2026-10-04T18:25:21Z,N,4,available,False,BFI IMAX N 4
2026-10-04T18:25:21Z,N,3,available,False,BFI IMAX N 3
2026-10-04T18:25:21Z,N,2,available,False,BFI IMAX N 2
2026-10-04T18:25:21Z,N,1,available,False,BFI IMAX N 1
2026-10-04T18:25:21Z,A,11,available,False,BFI IMAX A 11
2026-10-04T18:25:21Z,A,10,available,False,BFI IMAX A 10
2026-10-04T18:25:21Z,A,9,available,False,BFI IMAX A 9
2026-10-04T18:25:21Z,A,8,available,False,BFI IMAX A 8
2026-10-04T18:25:21Z,M,15,available,False,BFI IMAX M 15
2026-10-04T18:25:21Z,M,14,available,False,BFI IMAX M 14
2026-10-04T18:25:21Z,M,13,available,False,BFI IMAX M 13
2026-10-04T18:25:21Z,M,12,available,False,BFI IMAX M 12
2026-10-04T18:25:21Z,M,11,available,False,BFI IMAX M 11
2026-10-04T18:25:21Z,M,10,available,False,BFI IMAX M 10
2026-10-04T18:25:21Z,M,9,available,False,BFI IMAX M 9
2026-10-04T18:25:21Z,L,9,available,False,BFI IMAX L 9
2026-10-04T18:25:21Z,L,25,available,False,BFI IMAX L 25
2026-10-04T18:25:21Z,L,24,available,False,BFI IMAX L 24
2026-10-04T18:25:21Z,L,23,available,False,BFI IMAX L 23
2026-10-04T18:25:21Z,L,22,available,False,BFI IMAX L 22
2026-10-04T18:25:21Z,L,21,available,False,BFI IMAX L 21
2026-10-04T18:25:21Z,L,20,available,False,BFI IMAX L 20
2026-10-04T18:25:21Z,L,19,available,False,BFI IMAX L 19
2026-10-04T18:25:21Z,L,18,sold,False,BFI IMAX L 18
2026-10-04T18:25:21Z,L,17,sold,False,BFI IMAX L 17
2026-10-04T18:25:21Z,L,16,available,False,BFI IMAX L 16
2026-10-04T18:25:21Z,L,15,available,False,BFI IMAX L 15
2026-10-04T18:25:21Z,L,14,available,False,BFI IMAX L 14
2026-10-04T18:25:21Z,L,13,available,False,BFI IMAX L 13
2026-10-04T18:25:21Z,L,12,available,False,BFI IMAX L 12
2026-10-04T18:25:21Z,L,11,available,False,BFI IMAX L 11
2026-10-04T18:25:21Z,N,26,unavailable,False,BFI IMAX N 26
2026-10-04T18:25:21Z,N,25,unavailable,False,BFI IMAX N 25
2026-10-04T18:25:21Z,N,24,unavailable,False,BFI IMAX N 24
2026-10-04T18:25:21Z,N,23,unavailable,False,BFI IMAX N 23
2026-10-04T18:25:21Z,N,22,available,False,BFI IMAX N 22
2026-10-04T18:25:21Z,N,21,available,False,BFI IMAX N 21
2026-10-04T18:25:21Z,N,20,available,False,BFI IMAX N 20
2026-10-04T18:25:21Z,N,19,available,False,BFI IMAX N 19
2026-10-04T18:25:21Z,N,18,sold,False,BFI IMAX N 18
2026-10-04T18:25:21Z,N,17,available,False,BFI IMAX N 17
2026-10-04T18:25:21Z,N,16,available,False,BFI IMAX N 16
2026-10-04T18:25:21Z,N,15,available,False,BFI IMAX N 15
2026-10-04T18:25:21Z,N,14,available,False,BFI IMAX N 14
2026-10-04T18:25:21Z,N,13,available,False,BFI IMAX N 13
2026-10-04T18:25:21Z,N,12,unavailable,False,BFI IMAX N 12
2026-10-04T18:25:21Z,N,11,unavailable,False,BFI IMAX N 11
2026-10-04T18:25:21Z,N,10,unavailable,False,BFI IMAX N 10
2026-10-04T18:25:21Z,N,9,unavailable,False,BFI IMAX N 9
2026-10-04T18:25:21Z,L,10,available,False,BFI IMAX L 10
2026-10-04T18:25:21Z,M,26,available,False,BFI IMAX M 26
2026-10-04T18:25:21Z,M,25,available,False,BFI IMAX M 25
2026-10-04T18:25:21Z,M,24,available,False,BFI IMAX M 24
2026-10-04T18:25:21Z,M,23,available,False,BFI IMAX M 23
2026-10-04T18:25:21Z,M,22,available,False,BFI IMAX M 22
2026-10-04T18:25:21Z,M,21,available,False,BFI IMAX M 21
2026-10-04T18:25:21Z,M,20,available,False,BFI IMAX M 20
2026-10-04T18:25:21Z,M,19,sold,False,BFI IMAX M 19
2026-10-04T18:25:21Z,M,18,sold,False,BFI IMAX M 18
2026-10-04T18:25:21Z,M,17,sold,False,BFI IMAX M 17
2026-10-04T18:25:21Z,M,16,available,False,BFI IMAX M 16
2026-10-04T18:25:21Z,P,27,available,True,BFI IMAX P 27
2026-10-04T18:25:21Z,P,26,unavailable,False,BFI IMAX P 26
2026-10-04T18:25:21Z,P,6,unavailable,False,BFI IMAX P 6
2026-10-04T18:25:21Z,P,5,available,True,BFI IMAX P 5
2026-10-04T18:25:21Z,P,31,unavailable,False,BFI IMAX P 31
2026-10-04T18:25:21Z,P,30,available,True,BFI IMAX P 30
2026-10-04T18:25:21Z,P,2,available,True,BFI IMAX P 2
2026-10-04T18:25:21Z,P,1,unavailable,False,BFI IMAX P 1
2026-10-04T18:25:21Z,P,21,available,False,BFI IMAX P 21
2026-10-04T18:25:21Z,P,20,available,False,BFI IMAX P 20
2026-10-04T18:25:21Z,P,19,available,False,BFI IMAX P 19
2026-10-04T18:25:21Z,P,18,available,False,BFI IMAX P 18
2026-10-04T18:25:21Z,P,17,available,False,BFI IMAX P 17
2026-10-04T18:25:21Z,P,16,available,False,BFI IMAX P 16
2026-10-04T18:25:21Z,P,15,available,False,BFI IMAX P 15
2026-10-04T18:25:21Z,P,14,available,False,BFI IMAX P 14
2026-10-04T18:25:21Z,P,13,available,False,BFI IMAX P 13
2026-10-04T18:25:21Z,P,12,available,False,BFI IMAX P 12
2026-10-04T18:25:21Z,P,11,available,False,BFI IMAX P 11
2026-10-04T18:25:21Z,P,9,available,False,BFI IMAX P 9
2026-10-04T18:25:21Z,P,8,available,False,BFI IMAX P 8
2026-10-04T18:25:21Z,P,7,available,False,BFI IMAX P 7
2026-10-04T18:25:21Z,P,10,available,False,BFI IMAX P 10
2026-10-04T18:25:21Z,P,25,available,False,BFI IMAX P 25
2026-10-04T18:25:21Z,P,24,available,False,BFI IMAX P 24
2026-10-04T18:25:21Z,P,23,available,False,BFI IMAX P 23
2026-10-04T18:25:21Z,P,22,available,False,BFI IMAX P 22
2026-10-04T18:25:21Z,Q,18,sold,False,BFI IMAX Q 18
2026-10-04T18:25:21Z,Q,17,available,False,BFI IMAX Q 17
2026-10-04T18:25:21Z,Q,16,available,False,BFI IMAX Q 16
2026-10-04T18:25:21Z,Q,15,available,False,BFI IMAX Q 15
2026-10-04T18:25:21Z,Q,14,available,False,BFI IMAX Q 14
2026-10-04T18:25:21Z,Q,13,available,False,BFI IMAX Q 13
2026-10-04T18:25:21Z,Q,12,available,False,BFI IMAX Q 12
2026-10-04T18:25:21Z,Q,11,available,False,BFI IMAX Q 11
2026-10-04T18:25:21Z,Q,10,available,False,BFI IMAX Q 10
2026-10-04T18:25:21Z,Q,9,sold,False,BFI IMAX Q 9
2026-10-04T18:25:21Z,Q,8,sold,False,BFI IMAX Q 8
2026-10-04T18:25:21Z,Q,7,sold,False,BFI IMAX Q 7
2026-10-04T18:25:21Z,Q,6,available,False,BFI IMAX Q 6
2026-10-04T18:25:21Z,Q,5,available,False,BFI IMAX Q 5
2026-10-04T18:25:21Z,Q,4,available,False,BFI IMAX Q 4
2026-10-04T18:25:21Z,Q,3,available,False,BFI IMAX Q 3
2026-10-04T18:25:21Z,Q,2,available,False,BFI IMAX Q 2
2026-10-04T18:25:21Z,Q,1,available,False,BFI IMAX Q 1
2026-10-05T00:25:01Z,K,27,unavailable,False,BFI IMAX K 27
2026-10-05T00:25:01Z,K,26,unavailable,False,BFI IMAX K 26
2026-10-05T00:25:01Z,P,29,available,True,BFI IMAX P 29
2026-10-05T00:25:01Z,P,28,available,True,BFI IMAX P 28
2026-10-05T00:25:01Z,P,4,available,True,BFI IMAX P 4
2026-10-05T00:25:01Z,P,3,available,True,BFI IMAX P 3
2026-10-05T00:25:01Z,A,7,available,False,BFI IMAX A 7
2026-10-05T00:25:01Z,A,6,available,False,BFI IMAX A 6
2026-10-05T00:25:01Z,A,5,available,False,BFI IMAX A 5
2026-10-05T00:25:01Z,A,4,available,False,BFI IMAX A 4
2026-10-05T00:25:01Z,A,3,available,False,BFI IMAX A 3
2026-10-05T00:25:01Z,A,2,available,False,BFI IMAX A 2
2026-10-05T00:25:01Z,A,1,available,False,BFI IMAX A 1
2026-10-05T00:25:01Z,B,36,available,False,BFI IMAX B 36
2026-10-05T00:25:01Z,B,35,available,False,BFI IMAX B 35
2026-10-05T00:25:01Z,B,34,available,False,BFI IMAX B 34
2026-10-05T00:25:01Z,B,33,available,False,BFI IMAX B 33
2026-10-05T00:25:01Z,B,32,available,False,BFI IMAX B 32
2026-10-05T00:25:01Z,B,31,available,False,BFI IMAX B 31
2026-10-05T00:25:01Z,B,30,available,False,BFI IMAX B 30
2026-10-05T00:25:01Z,B,29,available,False,BFI IMAX B 29
2026-10-05T00:25:01Z,B,28,available,False,BFI IMAX B 28
2026-10-05T00:25:01Z,B,27,available,False,BFI IMAX B 27
2026-10-05T00:25:01Z,B,26,available,False,BFI IMAX B 26
2026-10-05T00:25:01Z,B,25,available,False,BFI IMAX B 25
2026-10-05T00:25:01Z,B,24,available,False,BFI IMAX B 24
2026-10-05T00:25:01Z,B,23,available,False,BFI IMAX B 23
2026-10-05T00:25:01Z,B,22,available,False,BFI IMAX B 22
2026-10-05T00:25:01Z,B,21,available,False,BFI IMAX B 21
2026-10-05T00:25:01Z,B,20,available,False,BFI IMAX B 20
2026-10-05T00:25:01Z,B,19,available,False,BFI IMAX B 19
2026-10-05T00:25:01Z,B,18,available,False,BFI IMAX B 18
2026-10-05T00:25:01Z,B,17,available,False,BFI IMAX B 17
2026-10-05T00:25:01Z,B,16,available,False,BFI IMAX B 16
2026-10-05T00:25:01Z,B,15,available,False,BFI IMAX B 15
2026-10-05T00:25:01Z,B,14,available,False,BFI IMAX B 14
2026-10-05T00:25:01Z,B,13,available,False,BFI IMAX B 13
2026-10-05T00:25:01Z,B,12,available,False,BFI IMAX B 12
2026-10-05T00:25:01Z,B,11,available,False,BFI IMAX B 11
2026-10-05T00:25:01Z,B,10,available,False,BFI IMAX B 10
2026-10-05T00:25:01Z,B,9,available,False,BFI IMAX B 9
2026-10-05T00:25:01Z,B,8,available,False,BFI IMAX B 8
2026-10-05T00:25:01Z,B,7,available,False,BFI IMAX B 7
2026-10-05T00:25:01Z,B,6,available,False,BFI IMAX B 6
2026-10-05T00:25:01Z,B,5,available,False,BFI IMAX B 5
2026-10-05T00:25:01Z,B,4,available,False,BFI IMAX B 4
2026-10-05T00:25:01Z,B,3,available,False,BFI IMAX B 3
2026-10-05T00:25:01Z,B,2,available,False,BFI IMAX B 2
2026-10-05T00:25:01Z,B,1,available,False,BFI IMAX B 1
2026-10-05T00:25:01Z,C,36,available,False,BFI IMAX C 36
2026-10-05T00:25:01Z,C,35,available,False,BFI IMAX C 35
2026-10-05T00:25:01Z,C,34,available,False,BFI IMAX C 34
2026-10-05T00:25:01Z,C,33,available,False,BFI IMAX C 33
2026-10-05T00:25:01Z,C,32,available,False,BFI IMAX C 32
2026-10-05T00:25:01Z,C,31,available,False,BFI IMAX C 31
2026-10-05T00:25:01Z,C,30,available,False,BFI IMAX C 30
2026-10-05T00:25:01Z,C,29,available,False,BFI IMAX C 29
2026-10-05T00:25:01Z,C,28,available,False,BFI IMAX C 28
2026-10-05T00:25:01Z,C,27,available,False,BFI IMAX C 27
2026-10-05T00:25:01Z,C,26,available,False,BFI IMAX C 26
2026-10-05T00:25:01Z,C,25,sold,False,BFI IMAX C 25
2026-10-05T00:25:01Z,C,24,available,False,BFI IMAX C 24
2026-10-05T00:25:01Z,C,23,available,False,BFI IMAX C 23
2026-10-05T00:25:01Z,C,22,available,False,BFI IMAX C 22
2026-10-05T00:25:01Z,C,21,available,False,BFI IMAX C 21
2026-10-05T00:25:01Z,C,20,available,False,BFI IMAX C 20
2026-10-05T00:25:01Z,C,19,available,False,BFI IMAX C 19
2026-10-05T00:25:01Z,C,18,available,False,BFI IMAX C 18
2026-10-05T00:25:01Z,C,17,available,False,BFI IMAX C 17
2026-10-05T00:25:01Z,C,16,available,False,BFI IMAX C 16
2026-10-05T00:25:01Z,C,15,available,False,BFI IMAX C 15
2026-10-05T00:25:01Z,C,14,available,False,BFI IMAX C 14
2026-10-05T00:25:01Z,C,13,available,False,BFI IMAX C 13
2026-10-05T00:25:01Z,C,12,available,False,BFI IMAX C 12
2026-10-05T00:25:01Z,C,11,available,False,BFI IMAX C 11
2026-10-05T00:25:01Z,C,10,available,False,BFI IMAX C 10
2026-10-05T00:25:01Z,C,9,available,False,BFI IMAX C 9
2026-10-05T00:25:01Z,C,8,available,False,BFI IMAX C 8
2026-10-05T00:25:01Z,C,7,available,False,BFI IMAX C 7
2026-10-05T00:25:01Z,C,6,available,False,BFI IMAX C 6
2026-10-05T00:25:01Z,C,5,available,False,BFI IMAX C 5
2026-10-05T00:25:01Z,C,4,available,False,BFI IMAX C 4
2026-10-05T00:25:01Z,C,3,available,False,BFI IMAX C 3
2026-10-05T00:25:01Z,C,2,available,False,BFI IMAX C 2
2026-10-05T00:25:01Z,C,1,available,False,BFI IMAX C 1
2026-10-05T00:25:01Z,D,37,available,False,BFI IMAX D 37
2026-10-05T00:25:01Z,D,36,available,False,BFI IMAX D 36
2026-10-05T00:25:01Z,D,35,available,False,BFI IMAX D 35
2026-10-05T00:25:01Z,D,34,available,False,BFI IMAX D 34
2026-10-05T00:25:01Z,D,33,available,False,BFI IMAX D 33
2026-10-05T00:25:01Z,D,32,available,False,BFI IMAX D 32
2026-10-05T00:25:01Z,D,31,available,False,BFI IMAX D 31
2026-10-05T00:25:01Z,D,30,available,False,BFI IMAX D 30
2026-10-05T00:25:01Z,D,29,available,False,BFI IMAX D 29
2026-10-05T00:25:01Z,D,28,available,False,BFI IMAX D 28
2026-10-05T00:25:01Z,D,27,available,False,BFI IMAX D 27
2026-10-05T00:25:01Z,D,26,available,False,BFI IMAX D 26
2026-10-05T00:25:01Z,D,25,available,False,BFI IMAX D 25
2026-10-05T00:25:01Z,D,24,available,False,BFI IMAX D 24
2026-10-05T00:25:01Z,D,23,available,False,BFI IMAX D 23
2026-10-05T00:25:01Z,D,22,available,False,BFI IMAX D 22
2026-10-05T00:25:01Z,D,21,available,False,BFI IMAX D 21
2026-10-05T00:25:01Z,D,20,available,False,BFI IMAX D 20
2026-10-05T00:25:01Z,D,19,available,False,BFI IMAX D 19
2026-10-05T00:25:01Z,D,18,available,False,BFI IMAX D 18
2026-10-05T00:25:01Z,D,17,available,False,BFI IMAX D 17
2026-10-05T00:25:01Z,D,16,available,False,BFI IMAX D 16
2026-10-05T00:25:01Z,D,15,available,False,BFI IMAX D 15
2026-10-05T00:25:01Z,D,14,available,False,BFI IMAX D 14
2026-10-05T00:25:01Z,D,13,available,False,BFI IMAX D 13
2026-10-05T00:25:01Z,D,12,available,False,BFI IMAX D 12
2026-10-05T00:25:01Z,D,11,available,False,BFI IMAX D 11
2026-10-05T00:25:01Z,D,10,available,False,BFI IMAX D 10
2026-10-05T00:25:01Z,D,9,available,False,BFI IMAX D 9
2026-10-05T00:25:01Z,D,8,available,False,BFI IMAX D 8
2026-10-05T00:25:01Z,D,7,available,False,BFI IMAX D 7
2026-10-05T00:25:01Z,D,6,available,False,BFI IMAX D 6
2026-10-05T00:25:01Z,D,5,available,False,BFI IMAX D 5
2026-10-05T00:25:01Z,D,4,available,False,BFI IMAX D 4
2026-10-05T00:25:01Z,D,3,available,False,BFI IMAX D 3
2026-10-05T00:25:01Z,D,2,available,False,BFI IMAX D 2
2026-10-05T00:25:01Z,D,1,available,False,BFI IMAX D 1
2026-10-05T00:25:01Z,E,37,available,False,BFI IMAX E 37
2026-10-05T00:25:01Z,E,36,available,False,BFI IMAX E 36
2026-10-05T00:25:01Z,E,35,available,False,BFI IMAX E 35
2026-10-05T00:25:01Z,E,34,available,False,BFI IMAX E 34
2026-10-05T00:25:01Z,E,33,available,False,BFI IMAX E 33
2026-10-05T00:25:01Z,E,32,available,False,BFI IMAX E 32
2026-10-05T00:25:01Z,E,31,available,False,BFI IMAX E 31
2026-10-05T00:25:01Z,E,30,available,False,BFI IMAX E 30
2026-10-05T00:25:01Z,E,29,available,False,BFI IMAX E 29
2026-10-05T00:25:01Z,E,28,available,False,BFI IMAX E 28
2026-10-05T00:25:01Z,E,27,available,False,BFI IMAX E 27
2026-10-05T00:25:01Z,E,26,available,False,BFI IMAX E 26
2026-10-05T00:25:01Z,E,25,available,False,BFI IMAX E 25
2026-10-05T00:25:01Z,E,24,available,False,BFI IMAX E 24
2026-10-05T00:25:01Z,E,23,available,False,BFI IMAX E 23
2026-10-05T00:25:01Z,E,22,available,False,BFI IMAX E 22
2026-10-05T00:25:01Z,E,21,available,False,BFI IMAX E 21
2026-10-05T00:25:01Z,E,20,available,False,BFI IMAX E 20
2026-10-05T00:25:01Z,E,19,available,False,BFI IMAX E 19
2026-10-05T00:25:01Z,E,18,available,False,BFI IMAX E 18
2026-10-05T00:25:01Z,E,17,available,False,BFI IMAX E 17
2026-10-05T00:25:01Z,E,16,available,False,BFI IMAX E 16
2026-10-05T00:25:01Z,E,15,available,False,BFI IMAX E 15
2026-10-05T00:25:01Z,E,14,available,False,BFI IMAX E 14
2026-10-05T00:25:01Z,E,13,available,False,BFI IMAX E 13
2026-10-05T00:25:01Z,E,12,available,False,BFI IMAX E 12
2026-10-05T00:25:01Z,E,11,available,False,BFI IMAX E 11
2026-10-05T00:25:01Z,E,10,available,False,BFI IMAX E 10
2026-10-05T00:25:01Z,E,9,available,False,BFI IMAX E 9
2026-10-05T00:25:01Z,E,8,available,False,BFI IMAX E 8
2026-10-05T00:25:01Z,E,7,available,False,BFI IMAX E 7
2026-10-05T00:25:01Z,E,6,available,False,BFI IMAX E 6
2026-10-05T00:25:01Z,E,5,available,False,BFI IMAX E 5
2026-10-05T00:25:01Z,E,4,available,False,BFI IMAX E 4
2026-10-05T00:25:01Z,E,3,available,False,BFI IMAX E 3
2026-10-05T00:25:01Z,E,2,available,False,BFI IMAX E 2
2026-10-05T00:25:01Z,E,1,available,False,BFI IMAX E 1
2026-10-05T00:25:01Z,F,38,available,False,BFI IMAX F 38
2026-10-05T00:25:01Z,F,37,available,False,BFI IMAX F 37
2026-10-05T00:25:01Z,F,36,available,False,BFI IMAX F 36
2026-10-05T00:25:01Z,F,35,available,False,BFI IMAX F 35
2026-10-05T00:25:01Z,F,34,available,False,BFI IMAX F 34
2026-10-05T00:25:01Z,F,33,available,False,BFI IMAX F 33
2026-10-05T00:25:01Z,F,32,available,False,BFI IMAX F 32
2026-10-05T00:25:01Z,F,31,available,False,BFI IMAX F 31
2026-10-05T00:25:01Z,F,30,available,False,BFI IMAX F 30
2026-10-05T00:25:01Z,F,29,available,False,BFI IMAX F 29
2026-10-05T00:25:01Z,F,28,available,False,BFI IMAX F 28
2026-10-05T00:25:01Z,F,27,available,False,BFI IMAX F 27
2026-10-05T00:25:01Z,F,26,available,False,BFI IMAX F 26
2026-10-05T00:25:01Z,F,25,available,False,BFI IMAX F 25
2026-10-05T00:25:01Z,F,24,available,False,BFI IMAX F 24
2026-10-05T00:25:01Z,F,23,available,False,BFI IMAX F 23
2026-10-05T00:25:01Z,F,22,available,False,BFI IMAX F 22
2026-10-05T00:25:01Z,F,21,available,False,BFI IMAX F 21
2026-10-05T00:25:01Z,F,20,available,False,BFI IMAX F 20
2026-10-05T00:25:01Z,F,19,available,False,BFI IMAX F 19
2026-10-05T00:25:01Z,F,18,available,False,BFI IMAX F 18
2026-10-05T00:25:01Z,F,17,available,False,BFI IMAX F 17
2026-10-05T00:25:01Z,F,16,available,False,BFI IMAX F 16
2026-10-05T00:25:01Z,F,15,available,False,BFI IMAX F 15
2026-10-05T00:25:01Z,F,14,available,False,BFI IMAX F 14
2026-10-05T00:25:01Z,F,13,available,False,BFI IMAX F 13
2026-10-05T00:25:01Z,F,12,available,False,BFI IMAX F 12
2026-10-05T00:25:01Z,F,11,available,False,BFI IMAX F 11
2026-10-05T00:25:01Z,F,10,available,False,BFI IMAX F 10
2026-10-05T00:25:01Z,F,9,available,False,BFI IMAX F 9
2026-10-05T00:25:01Z,F,8,available,False,BFI IMAX F 8
2026-10-05T00:25:01Z,F,7,available,False,BFI IMAX F 7
2026-10-05T00:25:01Z,F,6,available,False,BFI IMAX F 6
2026-10-05T00:25:01Z,F,5,available,False,BFI IMAX F 5
2026-10-05T00:25:01Z,F,4,available,False,BFI IMAX F 4
2026-10-05T00:25:01Z,F,3,available,False,BFI IMAX F 3
2026-10-05T00:25:01Z,F,2,available,False,BFI IMAX F 2
2026-10-05T00:25:01Z,F,1,available,False,BFI IMAX F 1
2026-10-05T00:25:01Z,G,37,available,False,BFI IMAX G 37
2026-10-05T00:25:01Z,G,36,available,False,BFI IMAX G 36
2026-10-05T00:25:01Z,G,35,available,False,BFI IMAX G 35
2026-10-05T00:25:01Z,G,34,available,False,BFI IMAX G 34
2026-10-05T00:25:01Z,G,33,available,False,BFI IMAX G 33
2026-10-05T00:25:01Z,G,32,available,False,BFI IMAX G 32
2026-10-05T00:25:01Z,G,31,available,False,BFI IMAX G 31
2026-10-05T00:25:01Z,G,30,available,False,BFI IMAX G 30
2026-10-05T00:25:01Z,G,29,available,False,BFI IMAX G 29
2026-10-05T00:25:01Z,G,28,available,False,BFI IMAX G 28
2026-10-05T00:25:01Z,G,27,available,False,BFI IMAX G 27
2026-10-05T00:25:01Z,G,26,available,False,BFI IMAX G 26
2026-10-05T00:25:01Z,G,25,available,False,BFI IMAX G 25
2026-10-05T00:25:01Z,G,24,available,False,BFI IMAX G 24
2026-10-05T00:25:01Z,G,23,available,False,BFI IMAX G 23
2026-10-05T00:25:01Z,G,22,available,False,BFI IMAX G 22
2026-10-05T00:25:01Z,G,21,available,False,BFI IMAX G 21
2026-10-05T00:25:01Z,G,20,available,False,BFI IMAX G 20
2026-10-05T00:25:01Z,G,19,available,False,BFI IMAX G 19
2026-10-05T00:25:01Z,G,18,available,False,BFI IMAX G 18
2026-10-05T00:25:01Z,G,17,available,False,BFI IMAX G 17
2026-10-05T00:25:01Z,G,16,available,False,BFI IMAX G 16
2026-10-05T00:25:01Z,G,15,available,False,BFI IMAX G 15
2026-10-05T00:25:01Z,G,14,available,False,BFI IMAX G 14
2026-10-05T00:25:01Z,G,13,available,False,BFI IMAX G 13
2026-10-05T00:25:01Z,G,12,available,False,BFI IMAX G 12
2026-10-05T00:25:01Z,G,11,available,False,BFI IMAX G 11
2026-10-05T00:25:01Z,G,10,available,False,BFI IMAX G 10
2026-10-05T00:25:01Z,G,9,available,False,BFI IMAX G 9
2026-10-05T00:25:01Z,G,8,available,False,BFI IMAX G 8
2026-10-05T00:25:01Z,G,7,available,False,BFI IMAX G 7
2026-10-05T00:25:01Z,G,6,available,False,BFI IMAX G 6
2026-10-05T00:25:01Z,G,5,available,False,BFI IMAX G 5
2026-10-05T00:25:01Z,G,4,available,False,BFI IMAX G 4
2026-10-05T00:25:01Z,G,3,available,False,BFI IMAX G 3
2026-10-05T00:25:01Z,G,2,available,False,BFI IMAX G 2
2026-10-05T00:25:01Z,G,1,available,False,BFI IMAX G 1
2026-10-05T00:25:01Z,H,37,available,False,BFI IMAX H 37
2026-10-05T00:25:01Z,H,36,available,False,BFI IMAX H 36
2026-10-05T00:25:01Z,H,35,available,False,BFI IMAX H 35
2026-10-05T00:25:01Z,H,34,available,False,BFI IMAX H 34
2026-10-05T00:25:01Z,H,33,available,False,BFI IMAX H 33
2026-10-05T00:25:01Z,H,32,available,False,BFI IMAX H 32
2026-10-05T00:25:01Z,H,31,available,False,BFI IMAX H 31
2026-10-05T00:25:01Z,H,30,available,False,BFI IMAX H 30
2026-10-05T00:25:01Z,H,29,available,False,BFI IMAX H 29
2026-10-05T00:25:01Z,H,28,available,False,BFI IMAX H 28
2026-10-05T00:25:01Z,H,27,available,False,BFI IMAX H 27
2026-10-05T00:25:01Z,H,26,available,False,BFI IMAX H 26
2026-10-05T00:25:01Z,H,25,available,False,BFI IMAX H 25
2026-10-05T00:25:01Z,H,24,available,False,BFI IMAX H 24
2026-10-05T00:25:01Z,H,23,available,False,BFI IMAX H 23
2026-10-05T00:25:01Z,H,22,available,False,BFI IMAX H 22
2026-10-05T00:25:01Z,H,21,available,False,BFI IMAX H 21
2026-10-05T00:25:01Z,H,20,available,False,BFI IMAX H 20
2026-10-05T00:25:01Z,H,19,sold,False,BFI IMAX H 19
2026-10-05T00:25:01Z,H,18,sold,False,BFI IMAX H 18
2026-10-05T00:25:01Z,H,17,available,False,BFI IMAX H 17
2026-10-05T00:25:01Z,H,16,available,False,BFI IMAX H 16
2026-10-05T00:25:01Z,H,15,available,False,BFI IMAX H 15
2026-10-05T00:25:01Z,H,14,available,False,BFI IMAX H 14
2026-10-05T00:25:01Z,H,13,available,False,BFI IMAX H 13
2026-10-05T00:25:01Z,H,12,available,False,BFI IMAX H 12
2026-10-05T00:25:01Z,H,11,available,False,BFI IMAX H 11
2026-10-05T00:25:01Z,H,10,available,False,BFI IMAX H 10
2026-10-05T00:25:01Z,H,9,available,False,BFI IMAX H 9
2026-10-05T00:25:01Z,H,8,available,False,BFI IMAX H 8
2026-10-05T00:25:01Z,H,7,available,False,BFI IMAX H 7
2026-10-05T00:25:01Z,H,6,available,False,BFI IMAX H 6
2026-10-05T00:25:01Z,H,5,available,False,BFI IMAX H 5
2026-10-05T00:25:01Z,H,4,available,False,BFI IMAX H 4
2026-10-05T00:25:01Z,H,3,available,False,BFI IMAX H 3
2026-10-05T00:25:01Z,H,2,available,False,BFI IMAX H 2
2026-10-05T00:25:01Z,H,1,available,False,BFI IMAX H 1
2026-10-05T00:25:01Z,J,36,available,False,BFI IMAX J 36
2026-10-05T00:25:01Z,J,35,available,False,BFI IMAX J 35
2026-10-05T00:25:01Z,J,34,available,False,BFI IMAX J 34
2026-10-05T00:25:01Z,J,33,available,False,BFI IMAX J 33
2026-10-05T00:25:01Z,J,32,available,False,BFI IMAX J 32
2026-10-05T00:25:01Z,J,31,available,False,BFI IMAX J 31
2026-10-05T00:25:01Z,J,30,available,False,BFI IMAX J 30
2026-10-05T00:25:01Z,J,29,available,False,BFI IMAX J 29
2026-10-05T00:25:01Z,J,28,available,False,BFI IMAX J 28
2026-10-05T00:25:01Z,J,27,available,False,BFI IMAX J 27
2026-10-05T00:25:01Z,J,26,available,False,BFI IMAX J 26
2026-10-05T00:25:01Z,J,25,available,False,BFI IMAX J 25
2026-10-05T00:25:01Z,J,24,available,False,BFI IMAX J 24
2026-10-05T00:25:01Z,J,23,available,False,BFI IMAX J 23
2026-10-05T00:25:01Z,J,22,available,False,BFI IMAX J 22
2026-10-05T00:25:01Z,J,21,available,False,BFI IMAX J 21
2026-10-05T00:25:01Z,J,20,sold,False,BFI IMAX J 20
2026-10-05T00:25:01Z,J,19,available,False,BFI IMAX J 19
2026-10-05T00:25:01Z,J,18,available,False,BFI IMAX J 18
2026-10-05T00:25:01Z,J,17,available,False,BFI IMAX J 17
2026-10-05T00:25:01Z,J,16,available,False,BFI IMAX J 16
2026-10-05T00:25:01Z,J,15,available,False,BFI IMAX J 15
2026-10-05T00:25:01Z,J,14,available,False,BFI IMAX J 14
2026-10-05T00:25:01Z,J,13,available,False,BFI IMAX J 13
2026-10-05T00:25:01Z,J,12,available,False,BFI IMAX J 12
2026-10-05T00:25:01Z,J,11,available,False,BFI IMAX J 11
2026-10-05T00:25:01Z,J,10,available,False,BFI IMAX J 10
2026-10-05T00:25:01Z,J,9,available,False,BFI IMAX J 9
2026-10-05T00:25:01Z,J,8,available,False,BFI IMAX J 8
2026-10-05T00:25:01Z,J,7,available,False,BFI IMAX J 7
2026-10-05T00:25:01Z,J,6,available,False,BFI IMAX J 6
2026-10-05T00:25:01Z,J,5,available,False,BFI IMAX J 5
2026-10-05T00:25:01Z,J,4,available,False,BFI IMAX J 4
2026-10-05T00:25:01Z,J,3,available,False,BFI IMAX J 3
2026-10-05T00:25:01Z,J,2,available,False,BFI IMAX J 2
2026-10-05T00:25:01Z,J,1,available,False,BFI IMAX J 1
2026-10-05T00:25:01Z,K,36,available,False,BFI IMAX K 36
2026-10-05T00:25:01Z,K,35,available,False,BFI IMAX K 35
2026-10-05T00:25:01Z,K,34,available,False,BFI IMAX K 34
2026-10-05T00:25:01Z,K,33,available,False,BFI IMAX K 33
2026-10-05T00:25:01Z,K,32,available,False,BFI IMAX K 32
2026-10-05T00:25:01Z,K,31,available,False,BFI IMAX K 31
2026-10-05T00:25:01Z,K,30,available,False,BFI IMAX K 30
2026-10-05T00:25:01Z,K,29,available,False,BFI IMAX K 29
2026-10-05T00:25:01Z,K,28,available,False,BFI IMAX K 28
2026-10-05T00:25:01Z,A,13,available,False,BFI IMAX A 13
2026-10-05T00:25:01Z,A,12,available,False,BFI IMAX A 12
2026-10-05T00:25:01Z,K,25,available,False,BFI IMAX K 25
2026-10-05T00:25:01Z,K,24,available,False,BFI IMAX K 24
2026-10-05T00:25:01Z,K,23,available,False,BFI IMAX K 23
2026-10-05T00:25:01Z,K,22,available,False,BFI IMAX K 22
2026-10-05T00:25:01Z,K,21,available,False,BFI IMAX K 21
2026-10-05T00:25:01Z,K,20,available,False,BFI IMAX K 20
2026-10-05T00:25:01Z,K,19,sold,False,BFI IMAX K 19
2026-10-05T00:25:01Z,K,18,sold,False,BFI IMAX K 18
2026-10-05T00:25:01Z,K,17,available,False,BFI IMAX K 17
2026-10-05T00:25:01Z,K,16,available,False,BFI IMAX K 16
2026-10-05T00:25:01Z,K,15,available,False,BFI IMAX K 15
2026-10-05T00:25:01Z,K,14,available,False,BFI IMAX K 14
2026-10-05T00:25:01Z,K,13,available,False,BFI IMAX K 13
2026-10-05T00:25:01Z,K,12,available,False,BFI IMAX K 12
2026-10-05T00:25:01Z,K,11,available,False,BFI IMAX K 11
2026-10-05T00:25:01Z,K,10,available,False,BFI IMAX K 10
2026-10-05T00:25:01Z,K,9,available,False,BFI IMAX K 9
2026-10-05T00:25:01Z,K,8,available,False,BFI IMAX K 8
2026-10-05T00:25:01Z,K,7,available,False,BFI IMAX K 7
2026-10-05T00:25:01Z,K,6,available,False,BFI IMAX K 6
2026-10-05T00:25:01Z,K,5,available,False,BFI IMAX K 5
2026-10-05T00:25:01Z,K,4,available,False,BFI IMAX K 4
2026-10-05T00:25:01Z,K,3,available,False,BFI IMAX K 3
2026-10-05T00:25:01Z,K,2,available,False,BFI IMAX K 2
2026-10-05T00:25:01Z,K,1,available,False,BFI IMAX K 1
2026-10-05T00:25:01Z,L,33,available,False,BFI IMAX L 33
2026-10-05T00:25:01Z,L,32,available,False,BFI IMAX L 32
2026-10-05T00:25:01Z,L,31,available,False,BFI IMAX L 31
2026-10-05T00:25:01Z,L,30,available,False,BFI IMAX L 30
2026-10-05T00:25:01Z,L,29,available,False,BFI IMAX L 29
2026-10-05T00:25:01Z,L,28,available,False,BFI IMAX L 28
2026-10-05T00:25:01Z,L,27,available,False,BFI IMAX L 27
2026-10-05T00:25:01Z,L,26,available,False,BFI IMAX L 26
2026-10-05T00:25:01Z,L,8,available,False,BFI IMAX L 8
2026-10-05T00:25:01Z,L,7,available,False,BFI IMAX L 7
2026-10-05T00:25:01Z,L,6,available,False,BFI IMAX L 6
2026-10-05T00:25:01Z,L,5,available,False,BFI IMAX L 5
2026-10-05T00:25:01Z,L,4,available,False,BFI IMAX L 4
2026-10-05T00:25:01Z,L,3,available,False,BFI IMAX L 3
2026-10-05T00:25:01Z,L,2,available,False,BFI IMAX L 2
2026-10-05T00:25:01Z,L,1,available,False,BFI IMAX L 1
2026-10-05T00:25:01Z,M,34,available,False,BFI IMAX M 34
2026-10-05T00:25:01Z,M,33,available,False,BFI IMAX M 33
2026-10-05T00:25:01Z,M,32,available,False,BFI IMAX M 32
2026-10-05T00:25:01Z,M,31,available,False,BFI IMAX M 31
2026-10-05T00:25:01Z,M,30,available,False,BFI IMAX M 30
2026-10-05T00:25:01Z,M,29,available,False,BFI IMAX M 29
2026-10-05T00:25:01Z,M,28,available,False,BFI IMAX M 28
2026-10-05T00:25:01Z,M,27,sold,False,BFI IMAX M 27
2026-10-05T00:25:01Z,M,8,available,False,BFI IMAX M 8
2026-10-05T00:25:01Z,M,7,available,False,BFI IMAX M 7
2026-10-05T00:25:01Z,M,6,available,False,BFI IMAX M 6
2026-10-05T00:25:01Z,M,5,available,False,BFI IMAX M 5
2026-10-05T00:25:01Z,M,4,available,False,BFI IMAX M 4
2026-10-05T00:25:01Z,M,3,available,False,BFI IMAX M 3
2026-10-05T00:25:01Z,M,2,available,False,BFI IMAX M 2
2026-10-05T00:25:01Z,M,1,available,False,BFI IMAX M 1
2026-10-05T00:25:01Z,N,34,unavailable,False,BFI IMAX N 34
2026-10-05T00:25:01Z,N,33,unavailable,False,BFI IMAX N 33
2026-10-05T00:25:01Z,N,32,unavailable,False,BFI IMAX N 32
2026-10-05T00:25:01Z,N,31,unavailable,False,BFI IMAX N 31
2026-10-05T00:25:01Z,N,30,unavailable,False,BFI IMAX N 30
2026-10-05T00:25:01Z,N,29,unavailable,False,BFI IMAX N 29
2026-10-05T00:25:01Z,N,28,unavailable,False,BFI IMAX N 28
2026-10-05T00:25:01Z,N,27,unavailable,False,BFI IMAX N 27
2026-10-05T00:25:01Z,N,8,available,False,BFI IMAX N 8
2026-10-05T00:25:01Z,N,7,available,False,BFI IMAX N 7
2026-10-05T00:25:01Z,N,6,available,False,BFI IMAX N 6
2026-10-05T00:25:01Z,N,5,available,False,BFI IMAX N 5
2026-10-05T00:25:01Z,N,4,available,False,BFI IMAX N 4
2026-10-05T00:25:01Z,N,3,available,False,BFI IMAX N 3
2026-10-05T00:25:01Z,N,2,available,False,BFI IMAX N 2
2026-10-05T00:25:01Z,N,1,available,False,BFI IMAX N 1
2026-10-05T00:25:01Z,A,11,available,False,BFI IMAX A 11
2026-10-05T00:25:01Z,A,10,available,False,BFI IMAX A 10
2026-10-05T00:25:01Z,A,9,available,False,BFI IMAX A 9
2026-10-05T00:25:01Z,A,8,available,False,BFI IMAX A 8
2026-10-05T00:25:01Z,M,15,available,False,BFI IMAX M 15
2026-10-05T00:25:01Z,M,14,available,False,BFI IMAX M 14
2026-10-05T00:25:01Z,M,13,available,False,BFI IMAX M 13
2026-10-05T00:25:01Z,M,12,available,False,BFI IMAX M 12
2026-10-05T00:25:01Z,M,11,available,False,BFI IMAX M 11
2026-10-05T00:25:01Z,M,10,available,False,BFI IMAX M 10
2026-10-05T00:25:01Z,M,9,available,False,BFI IMAX M 9
2026-10-05T00:25:01Z,L,9,available,False,BFI IMAX L 9
2026-10-05T00:25:01Z,L,25,available,False,BFI IMAX L 25
2026-10-05T00:25:01Z,L,24,available,False,BFI IMAX L 24
2026-10-05T00:25:01Z,L,23,available,False,BFI IMAX L 23
2026-10-05T00:25:01Z,L,22,available,False,BFI IMAX L 22
2026-10-05T00:25:01Z,L,21,available,False,BFI IMAX L 21
2026-10-05T00:25:01Z,L,20,available,False,BFI IMAX L 20
2026-10-05T00:25:01Z,L,19,available,False,BFI IMAX L 19
2026-10-05T00:25:01Z,L,18,sold,False,BFI IMAX L 18
2026-10-05T00:25:01Z,L,17,sold,False,BFI IMAX L 17
2026-10-05T00:25:01Z,L,16,available,False,BFI IMAX L 16
2026-10-05T00:25:01Z,L,15,available,False,BFI IMAX L 15
2026-10-05T00:25:01Z,L,14,available,False,BFI IMAX L 14
2026-10-05T00:25:01Z,L,13,available,False,BFI IMAX L 13
2026-10-05T00:25:01Z,L,12,available,False,BFI IMAX L 12
2026-10-05T00:25:01Z,L,11,available,False,BFI IMAX L 11
2026-10-05T00:25:01Z,N,26,unavailable,False,BFI IMAX N 26
2026-10-05T00:25:01Z,N,25,unavailable,False,BFI IMAX N 25
2026-10-05T00:25:01Z,N,24,unavailable,False,BFI IMAX N 24
2026-10-05T00:25:01Z,N,23,unavailable,False,BFI IMAX N 23
2026-10-05T00:25:01Z,N,22,available,False,BFI IMAX N 22
2026-10-05T00:25:01Z,N,21,available,False,BFI IMAX N 21
2026-10-05T00:25:01Z,N,20,available,False,BFI IMAX N 20
2026-10-05T00:25:01Z,N,19,available,False,BFI IMAX N 19
2026-10-05T00:25:01Z,N,18,sold,False,BFI IMAX N 18
2026-10-05T00:25:01Z,N,17,available,False,BFI IMAX N 17
2026-10-05T00:25:01Z,N,16,available,False,BFI IMAX N 16
2026-10-05T00:25:01Z,N,15,available,False,BFI IMAX N 15
2026-10-05T00:25:01Z,N,14,available,False,BFI IMAX N 14
2026-10-05T00:25:01Z,N,13,available,False,BFI IMAX N 13
2026-10-05T00:25:01Z,N,12,unavailable,False,BFI IMAX N 12
2026-10-05T00:25:01Z,N,11,unavailable,False,BFI IMAX N 11
2026-10-05T00:25:01Z,N,10,unavailable,False,BFI IMAX N 10
2026-10-05T00:25:01Z,N,9,unavailable,False,BFI IMAX N 9
2026-10-05T00:25:01Z,L,10,available,False,BFI IMAX L 10
2026-10-05T00:25:01Z,M,26,available,False,BFI IMAX M 26
2026-10-05T00:25:01Z,M,25,available,False,BFI IMAX M 25
2026-10-05T00:25:01Z,M,24,available,False,BFI IMAX M 24
2026-10-05T00:25:01Z,M,23,available,False,BFI IMAX M 23
2026-10-05T00:25:01Z,M,22,available,False,BFI IMAX M 22
2026-10-05T00:25:01Z,M,21,available,False,BFI IMAX M 21
2026-10-05T00:25:01Z,M,20,available,False,BFI IMAX M 20
2026-10-05T00:25:01Z,M,19,sold,False,BFI IMAX M 19
2026-10-05T00:25:01Z,M,18,sold,False,BFI IMAX M 18
2026-10-05T00:25:01Z,M,17,sold,False,BFI IMAX M 17
2026-10-05T00:25:01Z,M,16,available,False,BFI IMAX M 16
2026-10-05T00:25:01Z,P,27,available,True,BFI IMAX P 27
2026-10-05T00:25:01Z,P,26,unavailable,False,BFI IMAX P 26
2026-10-05T00:25:01Z,P,6,unavailable,False,BFI IMAX P 6
2026-10-05T00:25:01Z,P,5,available,True,BFI IMAX P 5
2026-10-05T00:25:01Z,P,31,unavailable,False,BFI IMAX P 31
2026-10-05T00:25:01Z,P,30,available,True,BFI IMAX P 30
2026-10-05T00:25:01Z,P,2,available,True,BFI IMAX P 2
2026-10-05T00:25:01Z,P,1,unavailable,False,BFI IMAX P 1
2026-10-05T00:25:01Z,P,21,available,False,BFI IMAX P 21
2026-10-05T00:25:01Z,P,20,available,False,BFI IMAX P 20
2026-10-05T00:25:01Z,P,19,available,False,BFI IMAX P 19
2026-10-05T00:25:01Z,P,18,available,False,BFI IMAX P 18
2026-10-05T00:25:01Z,P,17,available,False,BFI IMAX P 17
2026-10-05T00:25:01Z,P,16,available,False,BFI IMAX P 16
2026-10-05T00:25:01Z,P,15,available,False,BFI IMAX P 15
2026-10-05T00:25:01Z,P,14,available,False,BFI IMAX P 14
2026-10-05T00:25:01Z,P,13,available,False,BFI IMAX P 13
2026-10-05T00:25:01Z,P,12,available,False,BFI IMAX P 12
2026-10-05T00:25:01Z,P,11,available,False,BFI IMAX P 11
2026-10-05T00:25:01Z,P,9,available,False,BFI IMAX P 9
2026-10-05T00:25:01Z,P,8,available,False,BFI IMAX P 8
2026-10-05T00:25:01Z,P,7,available,False,BFI IMAX P 7
2026-10-05T00:25:01Z,P,10,available,False,BFI IMAX P 10
2026-10-05T00:25:01Z,P,25,available,False,BFI IMAX P 25
2026-10-05T00:25:01Z,P,24,available,False,BFI IMAX P 24
2026-10-05T00:25:01Z,P,23,available,False,BFI IMAX P 23
2026-10-05T00:25:01Z,P,22,available,False,BFI IMAX P 22
2026-10-05T00:25:01Z,Q,18,sold,False,BFI IMAX Q 18
2026-10-05T00:25:01Z,Q,17,available,False,BFI IMAX Q 17
2026-10-05T00:25:01Z,Q,16,available,False,BFI IMAX Q 16
2026-10-05T00:25:01Z,Q,15,available,False,BFI IMAX Q 15
2026-10-05T00:25:01Z,Q,14,available,False,BFI IMAX Q 14
2026-10-05T00:25:01Z,Q,13,available,False,BFI IMAX Q 13
2026-10-05T00:25:01Z,Q,12,available,False,BFI IMAX Q 12
2026-10-05T00:25:01Z,Q,11,available,False,BFI IMAX Q 11
2026-10-05T00:25:01Z,Q,10,available,False,BFI IMAX Q 10
2026-10-05T00:25:01Z,Q,9,sold,False,BFI IMAX Q 9
2026-10-05T00:25:01Z,Q,8,sold,False,BFI IMAX Q 8
2026-10-05T00:25:01Z,Q,7,sold,False,BFI IMAX Q 7
2026-10-05T00:25:01Z,Q,6,available,False,BFI IMAX Q 6
2026-10-05T00:25:01Z,Q,5,available,False,BFI IMAX Q 5
2026-10-05T00:25:01Z,Q,4,available,False,BFI IMAX Q 4
2026-10-05T00:25:01Z,Q,3,available,False,BFI IMAX Q 3
2026-10-05T00:25:01Z,Q,2,available,False,BFI IMAX Q 2
2026-10-05T00:25:01Z,Q,1,available,False,BFI IMAX Q 1
2026-10-05T06:08:09Z,K,27,unavailable,False,BFI IMAX K 27
2026-10-05T06:08:09Z,K,26,unavailable,False,BFI IMAX K 26
2026-10-05T06:08:09Z,P,29,available,True,BFI IMAX P 29
2026-10-05T06:08:09Z,P,28,available,True,BFI IMAX P 28
2026-10-05T06:08:09Z,P,4,available,True,BFI IMAX P 4
2026-10-05T06:08:09Z,P,3,available,True,BFI IMAX P 3
2026-10-05T06:08:09Z,A,7,available,False,BFI IMAX A 7
2026-10-05T06:08:09Z,A,6,available,False,BFI IMAX A 6
2026-10-05T06:08:09Z,A,5,available,False,BFI IMAX A 5
2026-10-05T06:08:09Z,A,4,available,False,BFI IMAX A 4
2026-10-05T06:08:09Z,A,3,available,False,BFI IMAX A 3
2026-10-05T06:08:09Z,A,2,available,False,BFI IMAX A 2
2026-10-05T06:08:09Z,A,1,available,False,BFI IMAX A 1
2026-10-05T06:08:09Z,B,36,available,False,BFI IMAX B 36
2026-10-05T06:08:09Z,B,35,available,False,BFI IMAX B 35
2026-10-05T06:08:09Z,B,34,available,False,BFI IMAX B 34
2026-10-05T06:08:09Z,B,33,available,False,BFI IMAX B 33
2026-10-05T06:08:09Z,B,32,available,False,BFI IMAX B 32
2026-10-05T06:08:09Z,B,31,available,False,BFI IMAX B 31
2026-10-05T06:08:09Z,B,30,available,False,BFI IMAX B 30
2026-10-05T06:08:09Z,B,29,available,False,BFI IMAX B 29
2026-10-05T06:08:09Z,B,28,available,False,BFI IMAX B 28
2026-10-05T06:08:09Z,B,27,available,False,BFI IMAX B 27
2026-10-05T06:08:09Z,B,26,available,False,BFI IMAX B 26
2026-10-05T06:08:09Z,B,25,available,False,BFI IMAX B 25
2026-10-05T06:08:09Z,B,24,available,False,BFI IMAX B 24
2026-10-05T06:08:09Z,B,23,available,False,BFI IMAX B 23
2026-10-05T06:08:09Z,B,22,available,False,BFI IMAX B 22
2026-10-05T06:08:09Z,B,21,available,False,BFI IMAX B 21
2026-10-05T06:08:09Z,B,20,available,False,BFI IMAX B 20
2026-10-05T06:08:09Z,B,19,available,False,BFI IMAX B 19
2026-10-05T06:08:09Z,B,18,available,False,BFI IMAX B 18
2026-10-05T06:08:09Z,B,17,available,False,BFI IMAX B 17
2026-10-05T06:08:09Z,B,16,available,False,BFI IMAX B 16
2026-10-05T06:08:09Z,B,15,available,False,BFI IMAX B 15
2026-10-05T06:08:09Z,B,14,available,False,BFI IMAX B 14
2026-10-05T06:08:09Z,B,13,available,False,BFI IMAX B 13
2026-10-05T06:08:09Z,B,12,available,False,BFI IMAX B 12
2026-10-05T06:08:09Z,B,11,available,False,BFI IMAX B 11
2026-10-05T06:08:09Z,B,10,available,False,BFI IMAX B 10
2026-10-05T06:08:09Z,B,9,available,False,BFI IMAX B 9
2026-10-05T06:08:09Z,B,8,available,False,BFI IMAX B 8
2026-10-05T06:08:09Z,B,7,available,False,BFI IMAX B 7
2026-10-05T06:08:09Z,B,6,available,False,BFI IMAX B 6
2026-10-05T06:08:09Z,B,5,available,False,BFI IMAX B 5
2026-10-05T06:08:09Z,B,4,available,False,BFI IMAX B 4
2026-10-05T06:08:09Z,B,3,available,False,BFI IMAX B 3
2026-10-05T06:08:09Z,B,2,available,False,BFI IMAX B 2
2026-10-05T06:08:09Z,B,1,available,False,BFI IMAX B 1
2026-10-05T06:08:09Z,C,36,available,False,BFI IMAX C 36
2026-10-05T06:08:09Z,C,35,available,False,BFI IMAX C 35
2026-10-05T06:08:09Z,C,34,available,False,BFI IMAX C 34
2026-10-05T06:08:09Z,C,33,available,False,BFI IMAX C 33
2026-10-05T06:08:09Z,C,32,available,False,BFI IMAX C 32
2026-10-05T06:08:09Z,C,31,available,False,BFI IMAX C 31
2026-10-05T06:08:09Z,C,30,available,False,BFI IMAX C 30
2026-10-05T06:08:09Z,C,29,available,False,BFI IMAX C 29
2026-10-05T06:08:09Z,C,28,available,False,BFI IMAX C 28
2026-10-05T06:08:09Z,C,27,available,False,BFI IMAX C 27
2026-10-05T06:08:09Z,C,26,available,False,BFI IMAX C 26
2026-10-05T06:08:09Z,C,25,sold,False,BFI IMAX C 25
2026-10-05T06:08:09Z,C,24,available,False,BFI IMAX C 24
2026-10-05T06:08:09Z,C,23,available,False,BFI IMAX C 23
2026-10-05T06:08:09Z,C,22,available,False,BFI IMAX C 22
2026-10-05T06:08:09Z,C,21,available,False,BFI IMAX C 21
2026-10-05T06:08:09Z,C,20,available,False,BFI IMAX C 20
2026-10-05T06:08:09Z,C,19,available,False,BFI IMAX C 19
2026-10-05T06:08:09Z,C,18,available,False,BFI IMAX C 18
2026-10-05T06:08:09Z,C,17,available,False,BFI IMAX C 17
2026-10-05T06:08:09Z,C,16,available,False,BFI IMAX C 16
2026-10-05T06:08:09Z,C,15,available,False,BFI IMAX C 15
2026-10-05T06:08:09Z,C,14,available,False,BFI IMAX C 14
2026-10-05T06:08:09Z,C,13,available,False,BFI IMAX C 13
2026-10-05T06:08:09Z,C,12,available,False,BFI IMAX C 12
2026-10-05T06:08:09Z,C,11,available,False,BFI IMAX C 11
2026-10-05T06:08:09Z,C,10,available,False,BFI IMAX C 10
2026-10-05T06:08:09Z,C,9,available,False,BFI IMAX C 9
2026-10-05T06:08:09Z,C,8,available,False,BFI IMAX C 8
2026-10-05T06:08:09Z,C,7,available,False,BFI IMAX C 7
2026-10-05T06:08:09Z,C,6,available,False,BFI IMAX C 6
2026-10-05T06:08:09Z,C,5,available,False,BFI IMAX C 5
2026-10-05T06:08:09Z,C,4,available,False,BFI IMAX C 4
2026-10-05T06:08:09Z,C,3,available,False,BFI IMAX C 3
2026-10-05T06:08:09Z,C,2,available,False,BFI IMAX C 2
2026-10-05T06:08:09Z,C,1,available,False,BFI IMAX C 1
2026-10-05T06:08:09Z,D,37,available,False,BFI IMAX D 37
2026-10-05T06:08:09Z,D,36,available,False,BFI IMAX D 36
2026-10-05T06:08:09Z,D,35,available,False,BFI IMAX D 35
2026-10-05T06:08:09Z,D,34,available,False,BFI IMAX D 34
2026-10-05T06:08:09Z,D,33,available,False,BFI IMAX D 33
2026-10-05T06:08:09Z,D,32,available,False,BFI IMAX D 32
2026-10-05T06:08:09Z,D,31,available,False,BFI IMAX D 31
2026-10-05T06:08:09Z,D,30,available,False,BFI IMAX D 30
2026-10-05T06:08:09Z,D,29,available,False,BFI IMAX D 29
2026-10-05T06:08:09Z,D,28,available,False,BFI IMAX D 28
2026-10-05T06:08:09Z,D,27,available,False,BFI IMAX D 27
2026-10-05T06:08:09Z,D,26,available,False,BFI IMAX D 26
2026-10-05T06:08:09Z,D,25,available,False,BFI IMAX D 25
2026-10-05T06:08:09Z,D,24,available,False,BFI IMAX D 24
2026-10-05T06:08:09Z,D,23,available,False,BFI IMAX D 23
2026-10-05T06:08:09Z,D,22,available,False,BFI IMAX D 22
2026-10-05T06:08:09Z,D,21,available,False,BFI IMAX D 21
2026-10-05T06:08:09Z,D,20,available,False,BFI IMAX D 20
2026-10-05T06:08:09Z,D,19,available,False,BFI IMAX D 19
2026-10-05T06:08:09Z,D,18,available,False,BFI IMAX D 18
2026-10-05T06:08:09Z,D,17,available,False,BFI IMAX D 17
2026-10-05T06:08:09Z,D,16,available,False,BFI IMAX D 16
2026-10-05T06:08:09Z,D,15,available,False,BFI IMAX D 15
2026-10-05T06:08:09Z,D,14,available,False,BFI IMAX D 14
2026-10-05T06:08:09Z,D,13,available,False,BFI IMAX D 13
2026-10-05T06:08:09Z,D,12,available,False,BFI IMAX D 12
2026-10-05T06:08:09Z,D,11,available,False,BFI IMAX D 11
2026-10-05T06:08:09Z,D,10,available,False,BFI IMAX D 10
2026-10-05T06:08:09Z,D,9,available,False,BFI IMAX D 9
2026-10-05T06:08:09Z,D,8,available,False,BFI IMAX D 8
2026-10-05T06:08:09Z,D,7,available,False,BFI IMAX D 7
2026-10-05T06:08:09Z,D,6,available,False,BFI IMAX D 6
2026-10-05T06:08:09Z,D,5,available,False,BFI IMAX D 5
2026-10-05T06:08:09Z,D,4,available,False,BFI IMAX D 4
2026-10-05T06:08:09Z,D,3,available,False,BFI IMAX D 3
2026-10-05T06:08:09Z,D,2,available,False,BFI IMAX D 2
2026-10-05T06:08:09Z,D,1,available,False,BFI IMAX D 1
2026-10-05T06:08:09Z,E,37,available,False,BFI IMAX E 37
2026-10-05T06:08:09Z,E,36,available,False,BFI IMAX E 36
2026-10-05T06:08:09Z,E,35,available,False,BFI IMAX E 35
2026-10-05T06:08:09Z,E,34,available,False,BFI IMAX E 34
2026-10-05T06:08:09Z,E,33,available,False,BFI IMAX E 33
2026-10-05T06:08:09Z,E,32,available,False,BFI IMAX E 32
2026-10-05T06:08:09Z,E,31,available,False,BFI IMAX E 31
2026-10-05T06:08:09Z,E,30,available,False,BFI IMAX E 30
2026-10-05T06:08:09Z,E,29,available,False,BFI IMAX E 29
2026-10-05T06:08:09Z,E,28,available,False,BFI IMAX E 28
2026-10-05T06:08:09Z,E,27,available,False,BFI IMAX E 27
2026-10-05T06:08:09Z,E,26,available,False,BFI IMAX E 26
2026-10-05T06:08:09Z,E,25,available,False,BFI IMAX E 25
2026-10-05T06:08:09Z,E,24,available,False,BFI IMAX E 24
2026-10-05T06:08:09Z,E,23,available,False,BFI IMAX E 23
2026-10-05T06:08:09Z,E,22,available,False,BFI IMAX E 22
2026-10-05T06:08:09Z,E,21,available,False,BFI IMAX E 21
2026-10-05T06:08:09Z,E,20,available,False,BFI IMAX E 20
2026-10-05T06:08:09Z,E,19,available,False,BFI IMAX E 19
2026-10-05T06:08:09Z,E,18,available,False,BFI IMAX E 18
2026-10-05T06:08:09Z,E,17,available,False,BFI IMAX E 17
2026-10-05T06:08:09Z,E,16,available,False,BFI IMAX E 16
2026-10-05T06:08:09Z,E,15,available,False,BFI IMAX E 15
2026-10-05T06:08:09Z,E,14,available,False,BFI IMAX E 14
2026-10-05T06:08:09Z,E,13,available,False,BFI IMAX E 13
2026-10-05T06:08:09Z,E,12,available,False,BFI IMAX E 12
2026-10-05T06:08:09Z,E,11,available,False,BFI IMAX E 11
2026-10-05T06:08:09Z,E,10,available,False,BFI IMAX E 10
2026-10-05T06:08:09Z,E,9,available,False,BFI IMAX E 9
2026-10-05T06:08:09Z,E,8,available,False,BFI IMAX E 8
2026-10-05T06:08:09Z,E,7,available,False,BFI IMAX E 7
2026-10-05T06:08:09Z,E,6,available,False,BFI IMAX E 6
2026-10-05T06:08:09Z,E,5,available,False,BFI IMAX E 5
2026-10-05T06:08:09Z,E,4,available,False,BFI IMAX E 4
2026-10-05T06:08:09Z,E,3,available,False,BFI IMAX E 3
2026-10-05T06:08:09Z,E,2,available,False,BFI IMAX E 2
2026-10-05T06:08:09Z,E,1,available,False,BFI IMAX E 1
2026-10-05T06:08:09Z,F,38,available,False,BFI IMAX F 38
2026-10-05T06:08:09Z,F,37,available,False,BFI IMAX F 37
2026-10-05T06:08:09Z,F,36,available,False,BFI IMAX F 36
2026-10-05T06:08:09Z,F,35,available,False,BFI IMAX F 35
2026-10-05T06:08:09Z,F,34,available,False,BFI IMAX F 34
2026-10-05T06:08:09Z,F,33,available,False,BFI IMAX F 33
2026-10-05T06:08:09Z,F,32,available,False,BFI IMAX F 32
2026-10-05T06:08:09Z,F,31,available,False,BFI IMAX F 31
2026-10-05T06:08:09Z,F,30,available,False,BFI IMAX F 30
2026-10-05T06:08:09Z,F,29,available,False,BFI IMAX F 29
2026-10-05T06:08:09Z,F,28,available,False,BFI IMAX F 28
2026-10-05T06:08:09Z,F,27,available,False,BFI IMAX F 27
2026-10-05T06:08:09Z,F,26,available,False,BFI IMAX F 26
2026-10-05T06:08:09Z,F,25,available,False,BFI IMAX F 25
2026-10-05T06:08:09Z,F,24,available,False,BFI IMAX F 24
2026-10-05T06:08:09Z,F,23,available,False,BFI IMAX F 23
2026-10-05T06:08:09Z,F,22,available,False,BFI IMAX F 22
2026-10-05T06:08:09Z,F,21,available,False,BFI IMAX F 21
2026-10-05T06:08:09Z,F,20,available,False,BFI IMAX F 20
2026-10-05T06:08:09Z,F,19,available,False,BFI IMAX F 19
2026-10-05T06:08:09Z,F,18,available,False,BFI IMAX F 18
2026-10-05T06:08:09Z,F,17,available,False,BFI IMAX F 17
2026-10-05T06:08:09Z,F,16,available,False,BFI IMAX F 16
2026-10-05T06:08:09Z,F,15,available,False,BFI IMAX F 15
2026-10-05T06:08:09Z,F,14,available,False,BFI IMAX F 14
2026-10-05T06:08:09Z,F,13,available,False,BFI IMAX F 13
2026-10-05T06:08:09Z,F,12,available,False,BFI IMAX F 12
2026-10-05T06:08:09Z,F,11,available,False,BFI IMAX F 11
2026-10-05T06:08:09Z,F,10,available,False,BFI IMAX F 10
2026-10-05T06:08:09Z,F,9,available,False,BFI IMAX F 9
2026-10-05T06:08:09Z,F,8,available,False,BFI IMAX F 8
2026-10-05T06:08:09Z,F,7,available,False,BFI IMAX F 7
2026-10-05T06:08:09Z,F,6,available,False,BFI IMAX F 6
2026-10-05T06:08:09Z,F,5,available,False,BFI IMAX F 5
2026-10-05T06:08:09Z,F,4,available,False,BFI IMAX F 4
2026-10-05T06:08:09Z,F,3,available,False,BFI IMAX F 3
2026-10-05T06:08:09Z,F,2,available,False,BFI IMAX F 2
2026-10-05T06:08:09Z,F,1,available,False,BFI IMAX F 1
2026-10-05T06:08:09Z,G,37,available,False,BFI IMAX G 37
2026-10-05T06:08:09Z,G,36,available,False,BFI IMAX G 36
2026-10-05T06:08:09Z,G,35,available,False,BFI IMAX G 35
2026-10-05T06:08:09Z,G,34,available,False,BFI IMAX G 34
2026-10-05T06:08:09Z,G,33,available,False,BFI IMAX G 33
2026-10-05T06:08:09Z,G,32,available,False,BFI IMAX G 32
2026-10-05T06:08:09Z,G,31,available,False,BFI IMAX G 31
2026-10-05T06:08:09Z,G,30,available,False,BFI IMAX G 30
2026-10-05T06:08:09Z,G,29,available,False,BFI IMAX G 29
2026-10-05T06:08:09Z,G,28,available,False,BFI IMAX G 28
2026-10-05T06:08:09Z,G,27,available,False,BFI IMAX G 27
2026-10-05T06:08:09Z,G,26,available,False,BFI IMAX G 26
2026-10-05T06:08:09Z,G,25,available,False,BFI IMAX G 25
2026-10-05T06:08:09Z,G,24,available,False,BFI IMAX G 24
2026-10-05T06:08:09Z,G,23,available,False,BFI IMAX G 23
2026-10-05T06:08:09Z,G,22,available,False,BFI IMAX G 22
2026-10-05T06:08:09Z,G,21,available,False,BFI IMAX G 21
2026-10-05T06:08:09Z,G,20,available,False,BFI IMAX G 20
2026-10-05T06:08:09Z,G,19,available,False,BFI IMAX G 19
2026-10-05T06:08:09Z,G,18,available,False,BFI IMAX G 18
2026-10-05T06:08:09Z,G,17,available,False,BFI IMAX G 17
2026-10-05T06:08:09Z,G,16,available,False,BFI IMAX G 16
2026-10-05T06:08:09Z,G,15,available,False,BFI IMAX G 15
2026-10-05T06:08:09Z,G,14,available,False,BFI IMAX G 14
2026-10-05T06:08:09Z,G,13,available,False,BFI IMAX G 13
2026-10-05T06:08:09Z,G,12,available,False,BFI IMAX G 12
2026-10-05T06:08:09Z,G,11,available,False,BFI IMAX G 11
2026-10-05T06:08:09Z,G,10,available,False,BFI IMAX G 10
2026-10-05T06:08:09Z,G,9,available,False,BFI IMAX G 9
2026-10-05T06:08:09Z,G,8,available,False,BFI IMAX G 8
2026-10-05T06:08:09Z,G,7,available,False,BFI IMAX G 7
2026-10-05T06:08:09Z,G,6,available,False,BFI IMAX G 6
2026-10-05T06:08:09Z,G,5,available,False,BFI IMAX G 5
2026-10-05T06:08:09Z,G,4,available,False,BFI IMAX G 4
2026-10-05T06:08:09Z,G,3,available,False,BFI IMAX G 3
2026-10-05T06:08:09Z,G,2,available,False,BFI IMAX G 2
2026-10-05T06:08:09Z,G,1,available,False,BFI IMAX G 1
2026-10-05T06:08:09Z,H,37,available,False,BFI IMAX H 37
2026-10-05T06:08:09Z,H,36,available,False,BFI IMAX H 36
2026-10-05T06:08:09Z,H,35,available,False,BFI IMAX H 35
2026-10-05T06:08:09Z,H,34,available,False,BFI IMAX H 34
2026-10-05T06:08:09Z,H,33,available,False,BFI IMAX H 33
2026-10-05T06:08:09Z,H,32,available,False,BFI IMAX H 32
2026-10-05T06:08:09Z,H,31,available,False,BFI IMAX H 31
2026-10-05T06:08:09Z,H,30,available,False,BFI IMAX H 30
2026-10-05T06:08:09Z,H,29,available,False,BFI IMAX H 29
2026-10-05T06:08:09Z,H,28,available,False,BFI IMAX H 28
2026-10-05T06:08:09Z,H,27,available,False,BFI IMAX H 27
2026-10-05T06:08:09Z,H,26,available,False,BFI IMAX H 26
2026-10-05T06:08:09Z,H,25,available,False,BFI IMAX H 25
2026-10-05T06:08:09Z,H,24,available,False,BFI IMAX H 24
2026-10-05T06:08:09Z,H,23,available,False,BFI IMAX H 23
2026-10-05T06:08:09Z,H,22,available,False,BFI IMAX H 22
2026-10-05T06:08:09Z,H,21,available,False,BFI IMAX H 21
2026-10-05T06:08:09Z,H,20,available,False,BFI IMAX H 20
2026-10-05T06:08:09Z,H,19,sold,False,BFI IMAX H 19
2026-10-05T06:08:09Z,H,18,sold,False,BFI IMAX H 18
2026-10-05T06:08:09Z,H,17,available,False,BFI IMAX H 17
2026-10-05T06:08:09Z,H,16,available,False,BFI IMAX H 16
2026-10-05T06:08:09Z,H,15,available,False,BFI IMAX H 15
2026-10-05T06:08:09Z,H,14,available,False,BFI IMAX H 14
2026-10-05T06:08:09Z,H,13,available,False,BFI IMAX H 13
2026-10-05T06:08:09Z,H,12,available,False,BFI IMAX H 12
2026-10-05T06:08:09Z,H,11,available,False,BFI IMAX H 11
2026-10-05T06:08:09Z,H,10,available,False,BFI IMAX H 10
2026-10-05T06:08:09Z,H,9,available,False,BFI IMAX H 9
2026-10-05T06:08:09Z,H,8,available,False,BFI IMAX H 8
2026-10-05T06:08:09Z,H,7,available,False,BFI IMAX H 7
2026-10-05T06:08:09Z,H,6,available,False,BFI IMAX H 6
2026-10-05T06:08:09Z,H,5,available,False,BFI IMAX H 5
2026-10-05T06:08:09Z,H,4,available,False,BFI IMAX H 4
2026-10-05T06:08:09Z,H,3,available,False,BFI IMAX H 3
2026-10-05T06:08:09Z,H,2,available,False,BFI IMAX H 2
2026-10-05T06:08:09Z,H,1,available,False,BFI IMAX H 1
2026-10-05T06:08:09Z,J,36,available,False,BFI IMAX J 36
2026-10-05T06:08:09Z,J,35,available,False,BFI IMAX J 35
2026-10-05T06:08:09Z,J,34,available,False,BFI IMAX J 34
2026-10-05T06:08:09Z,J,33,available,False,BFI IMAX J 33
2026-10-05T06:08:09Z,J,32,available,False,BFI IMAX J 32
2026-10-05T06:08:09Z,J,31,available,False,BFI IMAX J 31
2026-10-05T06:08:09Z,J,30,available,False,BFI IMAX J 30
2026-10-05T06:08:09Z,J,29,available,False,BFI IMAX J 29
2026-10-05T06:08:09Z,J,28,available,False,BFI IMAX J 28
2026-10-05T06:08:09Z,J,27,available,False,BFI IMAX J 27
2026-10-05T06:08:09Z,J,26,available,False,BFI IMAX J 26
2026-10-05T06:08:09Z,J,25,available,False,BFI IMAX J 25
2026-10-05T06:08:09Z,J,24,available,False,BFI IMAX J 24
2026-10-05T06:08:09Z,J,23,available,False,BFI IMAX J 23
2026-10-05T06:08:09Z,J,22,available,False,BFI IMAX J 22
2026-10-05T06:08:09Z,J,21,available,False,BFI IMAX J 21
2026-10-05T06:08:09Z,J,20,sold,False,BFI IMAX J 20
2026-10-05T06:08:09Z,J,19,available,False,BFI IMAX J 19
2026-10-05T06:08:09Z,J,18,available,False,BFI IMAX J 18
2026-10-05T06:08:09Z,J,17,available,False,BFI IMAX J 17
2026-10-05T06:08:09Z,J,16,available,False,BFI IMAX J 16
2026-10-05T06:08:09Z,J,15,available,False,BFI IMAX J 15
2026-10-05T06:08:09Z,J,14,available,False,BFI IMAX J 14
2026-10-05T06:08:09Z,J,13,available,False,BFI IMAX J 13
2026-10-05T06:08:09Z,J,12,available,False,BFI IMAX J 12
2026-10-05T06:08:09Z,J,11,available,False,BFI IMAX J 11
2026-10-05T06:08:09Z,J,10,available,False,BFI IMAX J 10
2026-10-05T06:08:09Z,J,9,available,False,BFI IMAX J 9
2026-10-05T06:08:09Z,J,8,available,False,BFI IMAX J 8
2026-10-05T06:08:09Z,J,7,available,False,BFI IMAX J 7
2026-10-05T06:08:09Z,J,6,available,False,BFI IMAX J 6
2026-10-05T06:08:09Z,J,5,available,False,BFI IMAX J 5
2026-10-05T06:08:09Z,J,4,available,False,BFI IMAX J 4
2026-10-05T06:08:09Z,J,3,available,False,BFI IMAX J 3
2026-10-05T06:08:09Z,J,2,available,False,BFI IMAX J 2
2026-10-05T06:08:09Z,J,1,available,False,BFI IMAX J 1
2026-10-05T06:08:09Z,K,36,available,False,BFI IMAX K 36
2026-10-05T06:08:09Z,K,35,available,False,BFI IMAX K 35
2026-10-05T06:08:09Z,K,34,available,False,BFI IMAX K 34
2026-10-05T06:08:09Z,K,33,available,False,BFI IMAX K 33
2026-10-05T06:08:09Z,K,32,available,False,BFI IMAX K 32
2026-10-05T06:08:09Z,K,31,available,False,BFI IMAX K 31
2026-10-05T06:08:09Z,K,30,available,False,BFI IMAX K 30
2026-10-05T06:08:09Z,K,29,available,False,BFI IMAX K 29
2026-10-05T06:08:09Z,K,28,available,False,BFI IMAX K 28
2026-10-05T06:08:09Z,A,13,available,False,BFI IMAX A 13
2026-10-05T06:08:09Z,A,12,available,False,BFI IMAX A 12
2026-10-05T06:08:09Z,K,25,available,False,BFI IMAX K 25
2026-10-05T06:08:09Z,K,24,available,False,BFI IMAX K 24
2026-10-05T06:08:09Z,K,23,available,False,BFI IMAX K 23
2026-10-05T06:08:09Z,K,22,available,False,BFI IMAX K 22
2026-10-05T06:08:09Z,K,21,available,False,BFI IMAX K 21
2026-10-05T06:08:09Z,K,20,available,False,BFI IMAX K 20
2026-10-05T06:08:09Z,K,19,sold,False,BFI IMAX K 19
2026-10-05T06:08:09Z,K,18,sold,False,BFI IMAX K 18
2026-10-05T06:08:09Z,K,17,available,False,BFI IMAX K 17
2026-10-05T06:08:09Z,K,16,available,False,BFI IMAX K 16
2026-10-05T06:08:09Z,K,15,available,False,BFI IMAX K 15
2026-10-05T06:08:09Z,K,14,available,False,BFI IMAX K 14
2026-10-05T06:08:09Z,K,13,available,False,BFI IMAX K 13
2026-10-05T06:08:09Z,K,12,available,False,BFI IMAX K 12
2026-10-05T06:08:09Z,K,11,available,False,BFI IMAX K 11
2026-10-05T06:08:09Z,K,10,available,False,BFI IMAX K 10
2026-10-05T06:08:09Z,K,9,available,False,BFI IMAX K 9
2026-10-05T06:08:09Z,K,8,available,False,BFI IMAX K 8
2026-10-05T06:08:09Z,K,7,available,False,BFI IMAX K 7
2026-10-05T06:08:09Z,K,6,available,False,BFI IMAX K 6
2026-10-05T06:08:09Z,K,5,available,False,BFI IMAX K 5
2026-10-05T06:08:09Z,K,4,available,False,BFI IMAX K 4
2026-10-05T06:08:09Z,K,3,available,False,BFI IMAX K 3
2026-10-05T06:08:09Z,K,2,available,False,BFI IMAX K 2
2026-10-05T06:08:09Z,K,1,available,False,BFI IMAX K 1
2026-10-05T06:08:09Z,L,33,available,False,BFI IMAX L 33
2026-10-05T06:08:09Z,L,32,available,False,BFI IMAX L 32
2026-10-05T06:08:09Z,L,31,available,False,BFI IMAX L 31
2026-10-05T06:08:09Z,L,30,available,False,BFI IMAX L 30
2026-10-05T06:08:09Z,L,29,available,False,BFI IMAX L 29
2026-10-05T06:08:09Z,L,28,available,False,BFI IMAX L 28
2026-10-05T06:08:09Z,L,27,available,False,BFI IMAX L 27
2026-10-05T06:08:09Z,L,26,available,False,BFI IMAX L 26
2026-10-05T06:08:09Z,L,8,available,False,BFI IMAX L 8
2026-10-05T06:08:09Z,L,7,available,False,BFI IMAX L 7
2026-10-05T06:08:09Z,L,6,available,False,BFI IMAX L 6
2026-10-05T06:08:09Z,L,5,available,False,BFI IMAX L 5
2026-10-05T06:08:09Z,L,4,available,False,BFI IMAX L 4
2026-10-05T06:08:09Z,L,3,available,False,BFI IMAX L 3
2026-10-05T06:08:09Z,L,2,available,False,BFI IMAX L 2
2026-10-05T06:08:09Z,L,1,available,False,BFI IMAX L 1
2026-10-05T06:08:09Z,M,34,available,False,BFI IMAX M 34
2026-10-05T06:08:09Z,M,33,available,False,BFI IMAX M 33
2026-10-05T06:08:09Z,M,32,available,False,BFI IMAX M 32
2026-10-05T06:08:09Z,M,31,available,False,BFI IMAX M 31
2026-10-05T06:08:09Z,M,30,available,False,BFI IMAX M 30
2026-10-05T06:08:09Z,M,29,available,False,BFI IMAX M 29
2026-10-05T06:08:09Z,M,28,available,False,BFI IMAX M 28
2026-10-05T06:08:09Z,M,27,sold,False,BFI IMAX M 27
2026-10-05T06:08:09Z,M,8,available,False,BFI IMAX M 8
2026-10-05T06:08:09Z,M,7,available,False,BFI IMAX M 7
2026-10-05T06:08:09Z,M,6,available,False,BFI IMAX M 6
2026-10-05T06:08:09Z,M,5,available,False,BFI IMAX M 5
2026-10-05T06:08:09Z,M,4,available,False,BFI IMAX M 4
2026-10-05T06:08:09Z,M,3,available,False,BFI IMAX M 3
2026-10-05T06:08:09Z,M,2,available,False,BFI IMAX M 2
2026-10-05T06:08:09Z,M,1,available,False,BFI IMAX M 1
2026-10-05T06:08:09Z,N,34,unavailable,False,BFI IMAX N 34
2026-10-05T06:08:09Z,N,33,unavailable,False,BFI IMAX N 33
2026-10-05T06:08:09Z,N,32,unavailable,False,BFI IMAX N 32
2026-10-05T06:08:09Z,N,31,unavailable,False,BFI IMAX N 31
2026-10-05T06:08:09Z,N,30,unavailable,False,BFI IMAX N 30
2026-10-05T06:08:09Z,N,29,unavailable,False,BFI IMAX N 29
2026-10-05T06:08:09Z,N,28,unavailable,False,BFI IMAX N 28
2026-10-05T06:08:09Z,N,27,unavailable,False,BFI IMAX N 27
2026-10-05T06:08:09Z,N,8,available,False,BFI IMAX N 8
2026-10-05T06:08:09Z,N,7,available,False,BFI IMAX N 7
2026-10-05T06:08:09Z,N,6,available,False,BFI IMAX N 6
2026-10-05T06:08:09Z,N,5,available,False,BFI IMAX N 5
2026-10-05T06:08:09Z,N,4,available,False,BFI IMAX N 4
2026-10-05T06:08:09Z,N,3,available,False,BFI IMAX N 3
2026-10-05T06:08:09Z,N,2,available,False,BFI IMAX N 2
2026-10-05T06:08:09Z,N,1,available,False,BFI IMAX N 1
2026-10-05T06:08:09Z,A,11,available,False,BFI IMAX A 11
2026-10-05T06:08:09Z,A,10,available,False,BFI IMAX A 10
2026-10-05T06:08:09Z,A,9,available,False,BFI IMAX A 9
2026-10-05T06:08:09Z,A,8,available,False,BFI IMAX A 8
2026-10-05T06:08:09Z,M,15,available,False,BFI IMAX M 15
2026-10-05T06:08:09Z,M,14,available,False,BFI IMAX M 14
2026-10-05T06:08:09Z,M,13,available,False,BFI IMAX M 13
2026-10-05T06:08:09Z,M,12,available,False,BFI IMAX M 12
2026-10-05T06:08:09Z,M,11,available,False,BFI IMAX M 11
2026-10-05T06:08:09Z,M,10,available,False,BFI IMAX M 10
2026-10-05T06:08:09Z,M,9,available,False,BFI IMAX M 9
2026-10-05T06:08:09Z,L,9,available,False,BFI IMAX L 9
2026-10-05T06:08:09Z,L,25,available,False,BFI IMAX L 25
2026-10-05T06:08:09Z,L,24,available,False,BFI IMAX L 24
2026-10-05T06:08:09Z,L,23,available,False,BFI IMAX L 23
2026-10-05T06:08:09Z,L,22,available,False,BFI IMAX L 22
2026-10-05T06:08:09Z,L,21,available,False,BFI IMAX L 21
2026-10-05T06:08:09Z,L,20,available,False,BFI IMAX L 20
2026-10-05T06:08:09Z,L,19,available,False,BFI IMAX L 19
2026-10-05T06:08:09Z,L,18,sold,False,BFI IMAX L 18
2026-10-05T06:08:09Z,L,17,sold,False,BFI IMAX L 17
2026-10-05T06:08:09Z,L,16,available,False,BFI IMAX L 16
2026-10-05T06:08:09Z,L,15,available,False,BFI IMAX L 15
2026-10-05T06:08:09Z,L,14,available,False,BFI IMAX L 14
2026-10-05T06:08:09Z,L,13,available,False,BFI IMAX L 13
2026-10-05T06:08:09Z,L,12,available,False,BFI IMAX L 12
2026-10-05T06:08:09Z,L,11,available,False,BFI IMAX L 11
2026-10-05T06:08:09Z,N,26,unavailable,False,BFI IMAX N 26
2026-10-05T06:08:09Z,N,25,unavailable,False,BFI IMAX N 25
2026-10-05T06:08:09Z,N,24,unavailable,False,BFI IMAX N 24
2026-10-05T06:08:09Z,N,23,unavailable,False,BFI IMAX N 23
2026-10-05T06:08:09Z,N,22,available,False,BFI IMAX N 22
2026-10-05T06:08:09Z,N,21,available,False,BFI IMAX N 21
2026-10-05T06:08:09Z,N,20,available,False,BFI IMAX N 20
2026-10-05T06:08:09Z,N,19,available,False,BFI IMAX N 19
2026-10-05T06:08:09Z,N,18,sold,False,BFI IMAX N 18
2026-10-05T06:08:09Z,N,17,available,False,BFI IMAX N 17
2026-10-05T06:08:09Z,N,16,available,False,BFI IMAX N 16
2026-10-05T06:08:09Z,N,15,available,False,BFI IMAX N 15
2026-10-05T06:08:09Z,N,14,available,False,BFI IMAX N 14
2026-10-05T06:08:09Z,N,13,available,False,BFI IMAX N 13
2026-10-05T06:08:09Z,N,12,unavailable,False,BFI IMAX N 12
2026-10-05T06:08:09Z,N,11,unavailable,False,BFI IMAX N 11
2026-10-05T06:08:09Z,N,10,unavailable,False,BFI IMAX N 10
2026-10-05T06:08:09Z,N,9,unavailable,False,BFI IMAX N 9
2026-10-05T06:08:09Z,L,10,available,False,BFI IMAX L 10
2026-10-05T06:08:09Z,M,26,available,False,BFI IMAX M 26
2026-10-05T06:08:09Z,M,25,available,False,BFI IMAX M 25
2026-10-05T06:08:09Z,M,24,available,False,BFI IMAX M 24
2026-10-05T06:08:09Z,M,23,available,False,BFI IMAX M 23
2026-10-05T06:08:09Z,M,22,available,False,BFI IMAX M 22
2026-10-05T06:08:09Z,M,21,available,False,BFI IMAX M 21
2026-10-05T06:08:09Z,M,20,available,False,BFI IMAX M 20
2026-10-05T06:08:09Z,M,19,sold,False,BFI IMAX M 19
2026-10-05T06:08:09Z,M,18,sold,False,BFI IMAX M 18
2026-10-05T06:08:09Z,M,17,sold,False,BFI IMAX M 17
2026-10-05T06:08:09Z,M,16,available,False,BFI IMAX M 16
2026-10-05T06:08:09Z,P,27,available,True,BFI IMAX P 27
2026-10-05T06:08:09Z,P,26,unavailable,False,BFI IMAX P 26
2026-10-05T06:08:09Z,P,6,unavailable,False,BFI IMAX P 6
2026-10-05T06:08:09Z,P,5,available,True,BFI IMAX P 5
2026-10-05T06:08:09Z,P,31,unavailable,False,BFI IMAX P 31
2026-10-05T06:08:09Z,P,30,available,True,BFI IMAX P 30
2026-10-05T06:08:09Z,P,2,available,True,BFI IMAX P 2
2026-10-05T06:08:09Z,P,1,unavailable,False,BFI IMAX P 1
2026-10-05T06:08:09Z,P,21,available,False,BFI IMAX P 21
2026-10-05T06:08:09Z,P,20,available,False,BFI IMAX P 20
2026-10-05T06:08:09Z,P,19,available,False,BFI IMAX P 19
2026-10-05T06:08:09Z,P,18,available,False,BFI IMAX P 18
2026-10-05T06:08:09Z,P,17,available,False,BFI IMAX P 17
2026-10-05T06:08:09Z,P,16,available,False,BFI IMAX P 16
2026-10-05T06:08:09Z,P,15,available,False,BFI IMAX P 15
2026-10-05T06:08:09Z,P,14,available,False,BFI IMAX P 14
2026-10-05T06:08:09Z,P,13,available,False,BFI IMAX P 13
2026-10-05T06:08:09Z,P,12,available,False,BFI IMAX P 12
2026-10-05T06:08:09Z,P,11,available,False,BFI IMAX P 11
2026-10-05T06:08:09Z,P,9,available,False,BFI IMAX P 9
2026-10-05T06:08:09Z,P,8,available,False,BFI IMAX P 8
2026-10-05T06:08:09Z,P,7,available,False,BFI IMAX P 7
2026-10-05T06:08:09Z,P,10,available,False,BFI IMAX P 10
2026-10-05T06:08:09Z,P,25,available,False,BFI IMAX P 25
2026-10-05T06:08:09Z,P,24,available,False,BFI IMAX P 24
2026-10-05T06:08:09Z,P,23,available,False,BFI IMAX P 23
2026-10-05T06:08:09Z,P,22,available,False,BFI IMAX P 22
2026-10-05T06:08:09Z,Q,18,sold,False,BFI IMAX Q 18
2026-10-05T06:08:09Z,Q,17,available,False,BFI IMAX Q 17
2026-10-05T06:08:09Z,Q,16,available,False,BFI IMAX Q 16
2026-10-05T06:08:09Z,Q,15,available,False,BFI IMAX Q 15
2026-10-05T06:08:09Z,Q,14,available,False,BFI IMAX Q 14
2026-10-05T06:08:09Z,Q,13,available,False,BFI IMAX Q 13
2026-10-05T06:08:09Z,Q,12,available,False,BFI IMAX Q 12
2026-10-05T06:08:09Z,Q,11,available,False,BFI IMAX Q 11
2026-10-05T06:08:09Z,Q,10,available,False,BFI IMAX Q 10
2026-10-05T06:08:09Z,Q,9,sold,False,BFI IMAX Q 9
2026-10-05T06:08:09Z,Q,8,sold,False,BFI IMAX Q 8
2026-10-05T06:08:09Z,Q,7,sold,False,BFI IMAX Q 7
2026-10-05T06:08:09Z,Q,6,available,False,BFI IMAX Q 6
2026-10-05T06:08:09Z,Q,5,available,False,BFI IMAX Q 5
2026-10-05T06:08:09Z,Q,4,available,False,BFI IMAX Q 4
2026-10-05T06:08:09Z,Q,3,available,False,BFI IMAX Q 3
2026-10-05T06:08:09Z,Q,2,available,False,BFI IMAX Q 2
2026-10-05T06:08:09Z,Q,1,available,False,BFI IMAX Q 1
2026-10-05T13:05:52Z,K,27,sold,False,BFI IMAX K 27
2026-10-05T13:05:52Z,K,26,unavailable,False,BFI IMAX K 26
2026-10-05T13:05:52Z,P,29,available,True,BFI IMAX P 29
2026-10-05T13:05:52Z,P,28,available,True,BFI IMAX P 28
2026-10-05T13:05:52Z,P,4,available,True,BFI IMAX P 4
2026-10-05T13:05:52Z,P,3,available,True,BFI IMAX P 3
2026-10-05T13:05:52Z,A,7,available,False,BFI IMAX A 7
2026-10-05T13:05:52Z,A,6,available,False,BFI IMAX A 6
2026-10-05T13:05:52Z,A,5,available,False,BFI IMAX A 5
2026-10-05T13:05:52Z,A,4,available,False,BFI IMAX A 4
2026-10-05T13:05:52Z,A,3,available,False,BFI IMAX A 3
2026-10-05T13:05:52Z,A,2,available,False,BFI IMAX A 2
2026-10-05T13:05:52Z,A,1,available,False,BFI IMAX A 1
2026-10-05T13:05:52Z,B,36,available,False,BFI IMAX B 36
2026-10-05T13:05:52Z,B,35,available,False,BFI IMAX B 35
2026-10-05T13:05:52Z,B,34,available,False,BFI IMAX B 34
2026-10-05T13:05:52Z,B,33,available,False,BFI IMAX B 33
2026-10-05T13:05:52Z,B,32,available,False,BFI IMAX B 32
2026-10-05T13:05:52Z,B,31,available,False,BFI IMAX B 31
2026-10-05T13:05:52Z,B,30,available,False,BFI IMAX B 30
2026-10-05T13:05:52Z,B,29,available,False,BFI IMAX B 29
2026-10-05T13:05:52Z,B,28,available,False,BFI IMAX B 28
2026-10-05T13:05:52Z,B,27,available,False,BFI IMAX B 27
2026-10-05T13:05:52Z,B,26,available,False,BFI IMAX B 26
2026-10-05T13:05:52Z,B,25,available,False,BFI IMAX B 25
2026-10-05T13:05:52Z,B,24,available,False,BFI IMAX B 24
2026-10-05T13:05:52Z,B,23,available,False,BFI IMAX B 23
2026-10-05T13:05:52Z,B,22,available,False,BFI IMAX B 22
2026-10-05T13:05:52Z,B,21,available,False,BFI IMAX B 21
2026-10-05T13:05:52Z,B,20,available,False,BFI IMAX B 20
2026-10-05T13:05:52Z,B,19,available,False,BFI IMAX B 19
2026-10-05T13:05:52Z,B,18,available,False,BFI IMAX B 18
2026-10-05T13:05:52Z,B,17,available,False,BFI IMAX B 17
2026-10-05T13:05:52Z,B,16,available,False,BFI IMAX B 16
2026-10-05T13:05:52Z,B,15,available,False,BFI IMAX B 15
2026-10-05T13:05:52Z,B,14,available,False,BFI IMAX B 14
2026-10-05T13:05:52Z,B,13,available,False,BFI IMAX B 13
2026-10-05T13:05:52Z,B,12,available,False,BFI IMAX B 12
2026-10-05T13:05:52Z,B,11,available,False,BFI IMAX B 11
2026-10-05T13:05:52Z,B,10,available,False,BFI IMAX B 10
2026-10-05T13:05:52Z,B,9,available,False,BFI IMAX B 9
2026-10-05T13:05:52Z,B,8,available,False,BFI IMAX B 8
2026-10-05T13:05:52Z,B,7,available,False,BFI IMAX B 7
2026-10-05T13:05:52Z,B,6,available,False,BFI IMAX B 6
2026-10-05T13:05:52Z,B,5,available,False,BFI IMAX B 5
2026-10-05T13:05:52Z,B,4,available,False,BFI IMAX B 4
2026-10-05T13:05:52Z,B,3,available,False,BFI IMAX B 3
2026-10-05T13:05:52Z,B,2,available,False,BFI IMAX B 2
2026-10-05T13:05:52Z,B,1,available,False,BFI IMAX B 1
2026-10-05T13:05:52Z,C,36,available,False,BFI IMAX C 36
2026-10-05T13:05:52Z,C,35,available,False,BFI IMAX C 35
2026-10-05T13:05:52Z,C,34,available,False,BFI IMAX C 34
2026-10-05T13:05:52Z,C,33,available,False,BFI IMAX C 33
2026-10-05T13:05:52Z,C,32,available,False,BFI IMAX C 32
2026-10-05T13:05:52Z,C,31,available,False,BFI IMAX C 31
2026-10-05T13:05:52Z,C,30,available,False,BFI IMAX C 30
2026-10-05T13:05:52Z,C,29,available,False,BFI IMAX C 29
2026-10-05T13:05:52Z,C,28,available,False,BFI IMAX C 28
2026-10-05T13:05:52Z,C,27,available,False,BFI IMAX C 27
2026-10-05T13:05:52Z,C,26,available,False,BFI IMAX C 26
2026-10-05T13:05:52Z,C,25,sold,False,BFI IMAX C 25
2026-10-05T13:05:52Z,C,24,available,False,BFI IMAX C 24
2026-10-05T13:05:52Z,C,23,available,False,BFI IMAX C 23
2026-10-05T13:05:52Z,C,22,available,False,BFI IMAX C 22
2026-10-05T13:05:52Z,C,21,available,False,BFI IMAX C 21
2026-10-05T13:05:52Z,C,20,available,False,BFI IMAX C 20
2026-10-05T13:05:52Z,C,19,available,False,BFI IMAX C 19
2026-10-05T13:05:52Z,C,18,available,False,BFI IMAX C 18
2026-10-05T13:05:52Z,C,17,available,False,BFI IMAX C 17
2026-10-05T13:05:52Z,C,16,available,False,BFI IMAX C 16
2026-10-05T13:05:52Z,C,15,available,False,BFI IMAX C 15
2026-10-05T13:05:52Z,C,14,available,False,BFI IMAX C 14
2026-10-05T13:05:52Z,C,13,available,False,BFI IMAX C 13
2026-10-05T13:05:52Z,C,12,available,False,BFI IMAX C 12
2026-10-05T13:05:52Z,C,11,available,False,BFI IMAX C 11
2026-10-05T13:05:52Z,C,10,available,False,BFI IMAX C 10
2026-10-05T13:05:52Z,C,9,available,False,BFI IMAX C 9
2026-10-05T13:05:52Z,C,8,available,False,BFI IMAX C 8
2026-10-05T13:05:52Z,C,7,available,False,BFI IMAX C 7
2026-10-05T13:05:52Z,C,6,available,False,BFI IMAX C 6
2026-10-05T13:05:52Z,C,5,available,False,BFI IMAX C 5
2026-10-05T13:05:52Z,C,4,available,False,BFI IMAX C 4
2026-10-05T13:05:52Z,C,3,available,False,BFI IMAX C 3
2026-10-05T13:05:52Z,C,2,available,False,BFI IMAX C 2
2026-10-05T13:05:52Z,C,1,available,False,BFI IMAX C 1
2026-10-05T13:05:52Z,D,37,available,False,BFI IMAX D 37
2026-10-05T13:05:52Z,D,36,available,False,BFI IMAX D 36
2026-10-05T13:05:52Z,D,35,available,False,BFI IMAX D 35
2026-10-05T13:05:52Z,D,34,available,False,BFI IMAX D 34
2026-10-05T13:05:52Z,D,33,available,False,BFI IMAX D 33
2026-10-05T13:05:52Z,D,32,available,False,BFI IMAX D 32
2026-10-05T13:05:52Z,D,31,available,False,BFI IMAX D 31
2026-10-05T13:05:52Z,D,30,available,False,BFI IMAX D 30
2026-10-05T13:05:52Z,D,29,available,False,BFI IMAX D 29
2026-10-05T13:05:52Z,D,28,available,False,BFI IMAX D 28
2026-10-05T13:05:52Z,D,27,available,False,BFI IMAX D 27
2026-10-05T13:05:52Z,D,26,available,False,BFI IMAX D 26
2026-10-05T13:05:52Z,D,25,available,False,BFI IMAX D 25
2026-10-05T13:05:52Z,D,24,available,False,BFI IMAX D 24
2026-10-05T13:05:52Z,D,23,available,False,BFI IMAX D 23
2026-10-05T13:05:52Z,D,22,available,False,BFI IMAX D 22
2026-10-05T13:05:52Z,D,21,available,False,BFI IMAX D 21
2026-10-05T13:05:52Z,D,20,available,False,BFI IMAX D 20
2026-10-05T13:05:52Z,D,19,available,False,BFI IMAX D 19
2026-10-05T13:05:52Z,D,18,available,False,BFI IMAX D 18
2026-10-05T13:05:52Z,D,17,available,False,BFI IMAX D 17
2026-10-05T13:05:52Z,D,16,available,False,BFI IMAX D 16
2026-10-05T13:05:52Z,D,15,available,False,BFI IMAX D 15
2026-10-05T13:05:52Z,D,14,available,False,BFI IMAX D 14
2026-10-05T13:05:52Z,D,13,available,False,BFI IMAX D 13
2026-10-05T13:05:52Z,D,12,available,False,BFI IMAX D 12
2026-10-05T13:05:52Z,D,11,available,False,BFI IMAX D 11
2026-10-05T13:05:52Z,D,10,available,False,BFI IMAX D 10
2026-10-05T13:05:52Z,D,9,available,False,BFI IMAX D 9
2026-10-05T13:05:52Z,D,8,available,False,BFI IMAX D 8
2026-10-05T13:05:52Z,D,7,available,False,BFI IMAX D 7
2026-10-05T13:05:52Z,D,6,available,False,BFI IMAX D 6
2026-10-05T13:05:52Z,D,5,available,False,BFI IMAX D 5
2026-10-05T13:05:52Z,D,4,available,False,BFI IMAX D 4
2026-10-05T13:05:52Z,D,3,available,False,BFI IMAX D 3
2026-10-05T13:05:52Z,D,2,available,False,BFI IMAX D 2
2026-10-05T13:05:52Z,D,1,available,False,BFI IMAX D 1
2026-10-05T13:05:52Z,E,37,available,False,BFI IMAX E 37
2026-10-05T13:05:52Z,E,36,available,False,BFI IMAX E 36
2026-10-05T13:05:52Z,E,35,available,False,BFI IMAX E 35
2026-10-05T13:05:52Z,E,34,available,False,BFI IMAX E 34
2026-10-05T13:05:52Z,E,33,available,False,BFI IMAX E 33
2026-10-05T13:05:52Z,E,32,available,False,BFI IMAX E 32
2026-10-05T13:05:52Z,E,31,available,False,BFI IMAX E 31
2026-10-05T13:05:52Z,E,30,available,False,BFI IMAX E 30
2026-10-05T13:05:52Z,E,29,available,False,BFI IMAX E 29
2026-10-05T13:05:52Z,E,28,available,False,BFI IMAX E 28
2026-10-05T13:05:52Z,E,27,available,False,BFI IMAX E 27
2026-10-05T13:05:52Z,E,26,available,False,BFI IMAX E 26
2026-10-05T13:05:52Z,E,25,available,False,BFI IMAX E 25
2026-10-05T13:05:52Z,E,24,available,False,BFI IMAX E 24
2026-10-05T13:05:52Z,E,23,available,False,BFI IMAX E 23
2026-10-05T13:05:52Z,E,22,available,False,BFI IMAX E 22
2026-10-05T13:05:52Z,E,21,available,False,BFI IMAX E 21
2026-10-05T13:05:52Z,E,20,available,False,BFI IMAX E 20
2026-10-05T13:05:52Z,E,19,available,False,BFI IMAX E 19
2026-10-05T13:05:52Z,E,18,available,False,BFI IMAX E 18
2026-10-05T13:05:52Z,E,17,available,False,BFI IMAX E 17
2026-10-05T13:05:52Z,E,16,available,False,BFI IMAX E 16
2026-10-05T13:05:52Z,E,15,available,False,BFI IMAX E 15
2026-10-05T13:05:52Z,E,14,available,False,BFI IMAX E 14
2026-10-05T13:05:52Z,E,13,available,False,BFI IMAX E 13
2026-10-05T13:05:52Z,E,12,available,False,BFI IMAX E 12
2026-10-05T13:05:52Z,E,11,available,False,BFI IMAX E 11
2026-10-05T13:05:52Z,E,10,available,False,BFI IMAX E 10
2026-10-05T13:05:52Z,E,9,available,False,BFI IMAX E 9
2026-10-05T13:05:52Z,E,8,available,False,BFI IMAX E 8
2026-10-05T13:05:52Z,E,7,available,False,BFI IMAX E 7
2026-10-05T13:05:52Z,E,6,available,False,BFI IMAX E 6
2026-10-05T13:05:52Z,E,5,available,False,BFI IMAX E 5
2026-10-05T13:05:52Z,E,4,available,False,BFI IMAX E 4
2026-10-05T13:05:52Z,E,3,available,False,BFI IMAX E 3
2026-10-05T13:05:52Z,E,2,available,False,BFI IMAX E 2
2026-10-05T13:05:52Z,E,1,available,False,BFI IMAX E 1
2026-10-05T13:05:52Z,F,38,available,False,BFI IMAX F 38
2026-10-05T13:05:52Z,F,37,available,False,BFI IMAX F 37
2026-10-05T13:05:52Z,F,36,available,False,BFI IMAX F 36
2026-10-05T13:05:52Z,F,35,available,False,BFI IMAX F 35
2026-10-05T13:05:52Z,F,34,available,False,BFI IMAX F 34
2026-10-05T13:05:52Z,F,33,available,False,BFI IMAX F 33
2026-10-05T13:05:52Z,F,32,available,False,BFI IMAX F 32
2026-10-05T13:05:52Z,F,31,available,False,BFI IMAX F 31
2026-10-05T13:05:52Z,F,30,available,False,BFI IMAX F 30
2026-10-05T13:05:52Z,F,29,available,False,BFI IMAX F 29
2026-10-05T13:05:52Z,F,28,available,False,BFI IMAX F 28
2026-10-05T13:05:52Z,F,27,available,False,BFI IMAX F 27
2026-10-05T13:05:52Z,F,26,available,False,BFI IMAX F 26
2026-10-05T13:05:52Z,F,25,available,False,BFI IMAX F 25
2026-10-05T13:05:52Z,F,24,available,False,BFI IMAX F 24
2026-10-05T13:05:52Z,F,23,available,False,BFI IMAX F 23
2026-10-05T13:05:52Z,F,22,available,False,BFI IMAX F 22
2026-10-05T13:05:52Z,F,21,available,False,BFI IMAX F 21
2026-10-05T13:05:52Z,F,20,available,False,BFI IMAX F 20
2026-10-05T13:05:52Z,F,19,available,False,BFI IMAX F 19
2026-10-05T13:05:52Z,F,18,available,False,BFI IMAX F 18
2026-10-05T13:05:52Z,F,17,available,False,BFI IMAX F 17
2026-10-05T13:05:52Z,F,16,available,False,BFI IMAX F 16
2026-10-05T13:05:52Z,F,15,available,False,BFI IMAX F 15
2026-10-05T13:05:52Z,F,14,available,False,BFI IMAX F 14
2026-10-05T13:05:52Z,F,13,available,False,BFI IMAX F 13
2026-10-05T13:05:52Z,F,12,available,False,BFI IMAX F 12
2026-10-05T13:05:52Z,F,11,available,False,BFI IMAX F 11
2026-10-05T13:05:52Z,F,10,available,False,BFI IMAX F 10
2026-10-05T13:05:52Z,F,9,available,False,BFI IMAX F 9
2026-10-05T13:05:52Z,F,8,available,False,BFI IMAX F 8
2026-10-05T13:05:52Z,F,7,available,False,BFI IMAX F 7
2026-10-05T13:05:52Z,F,6,available,False,BFI IMAX F 6
2026-10-05T13:05:52Z,F,5,available,False,BFI IMAX F 5
2026-10-05T13:05:52Z,F,4,available,False,BFI IMAX F 4
2026-10-05T13:05:52Z,F,3,available,False,BFI IMAX F 3
2026-10-05T13:05:52Z,F,2,available,False,BFI IMAX F 2
2026-10-05T13:05:52Z,F,1,available,False,BFI IMAX F 1
2026-10-05T13:05:52Z,G,37,available,False,BFI IMAX G 37
2026-10-05T13:05:52Z,G,36,available,False,BFI IMAX G 36
2026-10-05T13:05:52Z,G,35,available,False,BFI IMAX G 35
2026-10-05T13:05:52Z,G,34,available,False,BFI IMAX G 34
2026-10-05T13:05:52Z,G,33,available,False,BFI IMAX G 33
2026-10-05T13:05:52Z,G,32,available,False,BFI IMAX G 32
2026-10-05T13:05:52Z,G,31,available,False,BFI IMAX G 31
2026-10-05T13:05:52Z,G,30,available,False,BFI IMAX G 30
2026-10-05T13:05:52Z,G,29,available,False,BFI IMAX G 29
2026-10-05T13:05:52Z,G,28,available,False,BFI IMAX G 28
2026-10-05T13:05:52Z,G,27,available,False,BFI IMAX G 27
2026-10-05T13:05:52Z,G,26,available,False,BFI IMAX G 26
2026-10-05T13:05:52Z,G,25,available,False,BFI IMAX G 25
2026-10-05T13:05:52Z,G,24,available,False,BFI IMAX G 24
2026-10-05T13:05:52Z,G,23,available,False,BFI IMAX G 23
2026-10-05T13:05:52Z,G,22,available,False,BFI IMAX G 22
2026-10-05T13:05:52Z,G,21,available,False,BFI IMAX G 21
2026-10-05T13:05:52Z,G,20,available,False,BFI IMAX G 20
2026-10-05T13:05:52Z,G,19,available,False,BFI IMAX G 19
2026-10-05T13:05:52Z,G,18,available,False,BFI IMAX G 18
2026-10-05T13:05:52Z,G,17,available,False,BFI IMAX G 17
2026-10-05T13:05:52Z,G,16,available,False,BFI IMAX G 16
2026-10-05T13:05:52Z,G,15,available,False,BFI IMAX G 15
2026-10-05T13:05:52Z,G,14,available,False,BFI IMAX G 14
2026-10-05T13:05:52Z,G,13,available,False,BFI IMAX G 13
2026-10-05T13:05:52Z,G,12,available,False,BFI IMAX G 12
2026-10-05T13:05:52Z,G,11,available,False,BFI IMAX G 11
2026-10-05T13:05:52Z,G,10,available,False,BFI IMAX G 10
2026-10-05T13:05:52Z,G,9,available,False,BFI IMAX G 9
2026-10-05T13:05:52Z,G,8,available,False,BFI IMAX G 8
2026-10-05T13:05:52Z,G,7,available,False,BFI IMAX G 7
2026-10-05T13:05:52Z,G,6,available,False,BFI IMAX G 6
2026-10-05T13:05:52Z,G,5,available,False,BFI IMAX G 5
2026-10-05T13:05:52Z,G,4,available,False,BFI IMAX G 4
2026-10-05T13:05:52Z,G,3,available,False,BFI IMAX G 3
2026-10-05T13:05:52Z,G,2,available,False,BFI IMAX G 2
2026-10-05T13:05:52Z,G,1,available,False,BFI IMAX G 1
2026-10-05T13:05:52Z,H,37,available,False,BFI IMAX H 37
2026-10-05T13:05:52Z,H,36,available,False,BFI IMAX H 36
2026-10-05T13:05:52Z,H,35,available,False,BFI IMAX H 35
2026-10-05T13:05:52Z,H,34,available,False,BFI IMAX H 34
2026-10-05T13:05:52Z,H,33,available,False,BFI IMAX H 33
2026-10-05T13:05:52Z,H,32,available,False,BFI IMAX H 32
2026-10-05T13:05:52Z,H,31,available,False,BFI IMAX H 31
2026-10-05T13:05:52Z,H,30,available,False,BFI IMAX H 30
2026-10-05T13:05:52Z,H,29,available,False,BFI IMAX H 29
2026-10-05T13:05:52Z,H,28,available,False,BFI IMAX H 28
2026-10-05T13:05:52Z,H,27,available,False,BFI IMAX H 27
2026-10-05T13:05:52Z,H,26,available,False,BFI IMAX H 26
2026-10-05T13:05:52Z,H,25,available,False,BFI IMAX H 25
2026-10-05T13:05:52Z,H,24,available,False,BFI IMAX H 24
2026-10-05T13:05:52Z,H,23,available,False,BFI IMAX H 23
2026-10-05T13:05:52Z,H,22,available,False,BFI IMAX H 22
2026-10-05T13:05:52Z,H,21,available,False,BFI IMAX H 21
2026-10-05T13:05:52Z,H,20,available,False,BFI IMAX H 20
2026-10-05T13:05:52Z,H,19,sold,False,BFI IMAX H 19
2026-10-05T13:05:52Z,H,18,sold,False,BFI IMAX H 18
2026-10-05T13:05:52Z,H,17,available,False,BFI IMAX H 17
2026-10-05T13:05:52Z,H,16,available,False,BFI IMAX H 16
2026-10-05T13:05:52Z,H,15,available,False,BFI IMAX H 15
2026-10-05T13:05:52Z,H,14,available,False,BFI IMAX H 14
2026-10-05T13:05:52Z,H,13,available,False,BFI IMAX H 13
2026-10-05T13:05:52Z,H,12,available,False,BFI IMAX H 12
2026-10-05T13:05:52Z,H,11,available,False,BFI IMAX H 11
2026-10-05T13:05:52Z,H,10,available,False,BFI IMAX H 10
2026-10-05T13:05:52Z,H,9,available,False,BFI IMAX H 9
2026-10-05T13:05:52Z,H,8,available,False,BFI IMAX H 8
2026-10-05T13:05:52Z,H,7,available,False,BFI IMAX H 7
2026-10-05T13:05:52Z,H,6,available,False,BFI IMAX H 6
2026-10-05T13:05:52Z,H,5,available,False,BFI IMAX H 5
2026-10-05T13:05:52Z,H,4,available,False,BFI IMAX H 4
2026-10-05T13:05:52Z,H,3,available,False,BFI IMAX H 3
2026-10-05T13:05:52Z,H,2,available,False,BFI IMAX H 2
2026-10-05T13:05:52Z,H,1,available,False,BFI IMAX H 1
2026-10-05T13:05:52Z,J,36,available,False,BFI IMAX J 36
2026-10-05T13:05:52Z,J,35,available,False,BFI IMAX J 35
2026-10-05T13:05:52Z,J,34,available,False,BFI IMAX J 34
2026-10-05T13:05:52Z,J,33,available,False,BFI IMAX J 33
2026-10-05T13:05:52Z,J,32,available,False,BFI IMAX J 32
2026-10-05T13:05:52Z,J,31,available,False,BFI IMAX J 31
2026-10-05T13:05:52Z,J,30,available,False,BFI IMAX J 30
2026-10-05T13:05:52Z,J,29,available,False,BFI IMAX J 29
2026-10-05T13:05:52Z,J,28,available,False,BFI IMAX J 28
2026-10-05T13:05:52Z,J,27,available,False,BFI IMAX J 27
2026-10-05T13:05:52Z,J,26,available,False,BFI IMAX J 26
2026-10-05T13:05:52Z,J,25,available,False,BFI IMAX J 25
2026-10-05T13:05:52Z,J,24,available,False,BFI IMAX J 24
2026-10-05T13:05:52Z,J,23,available,False,BFI IMAX J 23
2026-10-05T13:05:52Z,J,22,available,False,BFI IMAX J 22
2026-10-05T13:05:52Z,J,21,available,False,BFI IMAX J 21
2026-10-05T13:05:52Z,J,20,sold,False,BFI IMAX J 20
2026-10-05T13:05:52Z,J,19,available,False,BFI IMAX J 19
2026-10-05T13:05:52Z,J,18,available,False,BFI IMAX J 18
2026-10-05T13:05:52Z,J,17,available,False,BFI IMAX J 17
2026-10-05T13:05:52Z,J,16,available,False,BFI IMAX J 16
2026-10-05T13:05:52Z,J,15,available,False,BFI IMAX J 15
2026-10-05T13:05:52Z,J,14,available,False,BFI IMAX J 14
2026-10-05T13:05:52Z,J,13,available,False,BFI IMAX J 13
2026-10-05T13:05:52Z,J,12,available,False,BFI IMAX J 12
2026-10-05T13:05:52Z,J,11,available,False,BFI IMAX J 11
2026-10-05T13:05:52Z,J,10,available,False,BFI IMAX J 10
2026-10-05T13:05:52Z,J,9,available,False,BFI IMAX J 9
2026-10-05T13:05:52Z,J,8,available,False,BFI IMAX J 8
2026-10-05T13:05:52Z,J,7,available,False,BFI IMAX J 7
2026-10-05T13:05:52Z,J,6,available,False,BFI IMAX J 6
2026-10-05T13:05:52Z,J,5,available,False,BFI IMAX J 5
2026-10-05T13:05:52Z,J,4,available,False,BFI IMAX J 4
2026-10-05T13:05:52Z,J,3,available,False,BFI IMAX J 3
2026-10-05T13:05:52Z,J,2,available,False,BFI IMAX J 2
2026-10-05T13:05:52Z,J,1,available,False,BFI IMAX J 1
2026-10-05T13:05:52Z,K,36,available,False,BFI IMAX K 36
2026-10-05T13:05:52Z,K,35,available,False,BFI IMAX K 35
2026-10-05T13:05:52Z,K,34,available,False,BFI IMAX K 34
2026-10-05T13:05:52Z,K,33,available,False,BFI IMAX K 33
2026-10-05T13:05:52Z,K,32,available,False,BFI IMAX K 32
2026-10-05T13:05:52Z,K,31,available,False,BFI IMAX K 31
2026-10-05T13:05:52Z,K,30,available,False,BFI IMAX K 30
2026-10-05T13:05:52Z,K,29,available,False,BFI IMAX K 29
2026-10-05T13:05:52Z,K,28,available,False,BFI IMAX K 28
2026-10-05T13:05:52Z,A,13,available,False,BFI IMAX A 13
2026-10-05T13:05:52Z,A,12,available,False,BFI IMAX A 12
2026-10-05T13:05:52Z,K,25,available,False,BFI IMAX K 25
2026-10-05T13:05:52Z,K,24,available,False,BFI IMAX K 24
2026-10-05T13:05:52Z,K,23,available,False,BFI IMAX K 23
2026-10-05T13:05:52Z,K,22,available,False,BFI IMAX K 22
2026-10-05T13:05:52Z,K,21,available,False,BFI IMAX K 21
2026-10-05T13:05:52Z,K,20,available,False,BFI IMAX K 20
2026-10-05T13:05:52Z,K,19,sold,False,BFI IMAX K 19
2026-10-05T13:05:52Z,K,18,sold,False,BFI IMAX K 18
2026-10-05T13:05:52Z,K,17,available,False,BFI IMAX K 17
2026-10-05T13:05:52Z,K,16,available,False,BFI IMAX K 16
2026-10-05T13:05:52Z,K,15,available,False,BFI IMAX K 15
2026-10-05T13:05:52Z,K,14,available,False,BFI IMAX K 14
2026-10-05T13:05:52Z,K,13,available,False,BFI IMAX K 13
2026-10-05T13:05:52Z,K,12,available,False,BFI IMAX K 12
2026-10-05T13:05:52Z,K,11,available,False,BFI IMAX K 11
2026-10-05T13:05:52Z,K,10,available,False,BFI IMAX K 10
2026-10-05T13:05:52Z,K,9,available,False,BFI IMAX K 9
2026-10-05T13:05:52Z,K,8,available,False,BFI IMAX K 8
2026-10-05T13:05:52Z,K,7,available,False,BFI IMAX K 7
2026-10-05T13:05:52Z,K,6,available,False,BFI IMAX K 6
2026-10-05T13:05:52Z,K,5,available,False,BFI IMAX K 5
2026-10-05T13:05:52Z,K,4,available,False,BFI IMAX K 4
2026-10-05T13:05:52Z,K,3,available,False,BFI IMAX K 3
2026-10-05T13:05:52Z,K,2,available,False,BFI IMAX K 2
2026-10-05T13:05:52Z,K,1,available,False,BFI IMAX K 1
2026-10-05T13:05:52Z,L,33,available,False,BFI IMAX L 33
2026-10-05T13:05:52Z,L,32,available,False,BFI IMAX L 32
2026-10-05T13:05:52Z,L,31,available,False,BFI IMAX L 31
2026-10-05T13:05:52Z,L,30,available,False,BFI IMAX L 30
2026-10-05T13:05:52Z,L,29,available,False,BFI IMAX L 29
2026-10-05T13:05:52Z,L,28,available,False,BFI IMAX L 28
2026-10-05T13:05:52Z,L,27,available,False,BFI IMAX L 27
2026-10-05T13:05:52Z,L,26,available,False,BFI IMAX L 26
2026-10-05T13:05:52Z,L,8,available,False,BFI IMAX L 8
2026-10-05T13:05:52Z,L,7,available,False,BFI IMAX L 7
2026-10-05T13:05:52Z,L,6,available,False,BFI IMAX L 6
2026-10-05T13:05:52Z,L,5,available,False,BFI IMAX L 5
2026-10-05T13:05:52Z,L,4,available,False,BFI IMAX L 4
2026-10-05T13:05:52Z,L,3,available,False,BFI IMAX L 3
2026-10-05T13:05:52Z,L,2,available,False,BFI IMAX L 2
2026-10-05T13:05:52Z,L,1,available,False,BFI IMAX L 1
2026-10-05T13:05:52Z,M,34,available,False,BFI IMAX M 34
2026-10-05T13:05:52Z,M,33,available,False,BFI IMAX M 33
2026-10-05T13:05:52Z,M,32,available,False,BFI IMAX M 32
2026-10-05T13:05:52Z,M,31,available,False,BFI IMAX M 31
2026-10-05T13:05:52Z,M,30,available,False,BFI IMAX M 30
2026-10-05T13:05:52Z,M,29,available,False,BFI IMAX M 29
2026-10-05T13:05:52Z,M,28,available,False,BFI IMAX M 28
2026-10-05T13:05:52Z,M,27,sold,False,BFI IMAX M 27
2026-10-05T13:05:52Z,M,8,available,False,BFI IMAX M 8
2026-10-05T13:05:52Z,M,7,available,False,BFI IMAX M 7
2026-10-05T13:05:52Z,M,6,available,False,BFI IMAX M 6
2026-10-05T13:05:52Z,M,5,available,False,BFI IMAX M 5
2026-10-05T13:05:52Z,M,4,available,False,BFI IMAX M 4
2026-10-05T13:05:52Z,M,3,available,False,BFI IMAX M 3
2026-10-05T13:05:52Z,M,2,available,False,BFI IMAX M 2
2026-10-05T13:05:52Z,M,1,available,False,BFI IMAX M 1
2026-10-05T13:05:52Z,N,34,unavailable,False,BFI IMAX N 34
2026-10-05T13:05:52Z,N,33,unavailable,False,BFI IMAX N 33
2026-10-05T13:05:52Z,N,32,unavailable,False,BFI IMAX N 32
2026-10-05T13:05:52Z,N,31,unavailable,False,BFI IMAX N 31
2026-10-05T13:05:52Z,N,30,unavailable,False,BFI IMAX N 30
2026-10-05T13:05:52Z,N,29,unavailable,False,BFI IMAX N 29
2026-10-05T13:05:52Z,N,28,unavailable,False,BFI IMAX N 28
2026-10-05T13:05:52Z,N,27,unavailable,False,BFI IMAX N 27
2026-10-05T13:05:52Z,N,8,available,False,BFI IMAX N 8
2026-10-05T13:05:52Z,N,7,available,False,BFI IMAX N 7
2026-10-05T13:05:52Z,N,6,available,False,BFI IMAX N 6
2026-10-05T13:05:52Z,N,5,available,False,BFI IMAX N 5
2026-10-05T13:05:52Z,N,4,available,False,BFI IMAX N 4
2026-10-05T13:05:52Z,N,3,available,False,BFI IMAX N 3
2026-10-05T13:05:52Z,N,2,available,False,BFI IMAX N 2
2026-10-05T13:05:52Z,N,1,available,False,BFI IMAX N 1
2026-10-05T13:05:52Z,A,11,available,False,BFI IMAX A 11
2026-10-05T13:05:52Z,A,10,available,False,BFI IMAX A 10
2026-10-05T13:05:52Z,A,9,available,False,BFI IMAX A 9
2026-10-05T13:05:52Z,A,8,available,False,BFI IMAX A 8
2026-10-05T13:05:52Z,M,15,available,False,BFI IMAX M 15
2026-10-05T13:05:52Z,M,14,available,False,BFI IMAX M 14
2026-10-05T13:05:52Z,M,13,available,False,BFI IMAX M 13
2026-10-05T13:05:52Z,M,12,available,False,BFI IMAX M 12
2026-10-05T13:05:52Z,M,11,available,False,BFI IMAX M 11
2026-10-05T13:05:52Z,M,10,available,False,BFI IMAX M 10
2026-10-05T13:05:52Z,M,9,available,False,BFI IMAX M 9
2026-10-05T13:05:52Z,L,9,available,False,BFI IMAX L 9
2026-10-05T13:05:52Z,L,25,available,False,BFI IMAX L 25
2026-10-05T13:05:52Z,L,24,available,False,BFI IMAX L 24
2026-10-05T13:05:52Z,L,23,available,False,BFI IMAX L 23
2026-10-05T13:05:52Z,L,22,available,False,BFI IMAX L 22
2026-10-05T13:05:52Z,L,21,available,False,BFI IMAX L 21
2026-10-05T13:05:52Z,L,20,available,False,BFI IMAX L 20
2026-10-05T13:05:52Z,L,19,available,False,BFI IMAX L 19
2026-10-05T13:05:52Z,L,18,sold,False,BFI IMAX L 18
2026-10-05T13:05:52Z,L,17,sold,False,BFI IMAX L 17
2026-10-05T13:05:52Z,L,16,available,False,BFI IMAX L 16
2026-10-05T13:05:52Z,L,15,available,False,BFI IMAX L 15
2026-10-05T13:05:52Z,L,14,available,False,BFI IMAX L 14
2026-10-05T13:05:52Z,L,13,available,False,BFI IMAX L 13
2026-10-05T13:05:52Z,L,12,available,False,BFI IMAX L 12
2026-10-05T13:05:52Z,L,11,available,False,BFI IMAX L 11
2026-10-05T13:05:52Z,N,26,unavailable,False,BFI IMAX N 26
2026-10-05T13:05:52Z,N,25,unavailable,False,BFI IMAX N 25
2026-10-05T13:05:52Z,N,24,unavailable,False,BFI IMAX N 24
2026-10-05T13:05:52Z,N,23,unavailable,False,BFI IMAX N 23
2026-10-05T13:05:52Z,N,22,available,False,BFI IMAX N 22
2026-10-05T13:05:52Z,N,21,available,False,BFI IMAX N 21
2026-10-05T13:05:52Z,N,20,available,False,BFI IMAX N 20
2026-10-05T13:05:52Z,N,19,available,False,BFI IMAX N 19
2026-10-05T13:05:52Z,N,18,sold,False,BFI IMAX N 18
2026-10-05T13:05:52Z,N,17,available,False,BFI IMAX N 17
2026-10-05T13:05:52Z,N,16,available,False,BFI IMAX N 16
2026-10-05T13:05:52Z,N,15,available,False,BFI IMAX N 15
2026-10-05T13:05:52Z,N,14,available,False,BFI IMAX N 14
2026-10-05T13:05:52Z,N,13,available,False,BFI IMAX N 13
2026-10-05T13:05:52Z,N,12,available,False,BFI IMAX N 12
2026-10-05T13:05:52Z,N,11,available,False,BFI IMAX N 11
2026-10-05T13:05:52Z,N,10,available,False,BFI IMAX N 10
2026-10-05T13:05:52Z,N,9,available,False,BFI IMAX N 9
2026-10-05T13:05:52Z,L,10,available,False,BFI IMAX L 10
2026-10-05T13:05:52Z,M,26,available,False,BFI IMAX M 26
2026-10-05T13:05:52Z,M,25,available,False,BFI IMAX M 25
2026-10-05T13:05:52Z,M,24,available,False,BFI IMAX M 24
2026-10-05T13:05:52Z,M,23,available,False,BFI IMAX M 23
2026-10-05T13:05:52Z,M,22,available,False,BFI IMAX M 22
2026-10-05T13:05:52Z,M,21,available,False,BFI IMAX M 21
2026-10-05T13:05:52Z,M,20,available,False,BFI IMAX M 20
2026-10-05T13:05:52Z,M,19,sold,False,BFI IMAX M 19
2026-10-05T13:05:52Z,M,18,sold,False,BFI IMAX M 18
2026-10-05T13:05:52Z,M,17,sold,False,BFI IMAX M 17
2026-10-05T13:05:52Z,M,16,available,False,BFI IMAX M 16
2026-10-05T13:05:52Z,P,27,available,True,BFI IMAX P 27
2026-10-05T13:05:52Z,P,26,unavailable,False,BFI IMAX P 26
2026-10-05T13:05:52Z,P,6,unavailable,False,BFI IMAX P 6
2026-10-05T13:05:52Z,P,5,available,True,BFI IMAX P 5
2026-10-05T13:05:52Z,P,31,unavailable,False,BFI IMAX P 31
2026-10-05T13:05:52Z,P,30,available,True,BFI IMAX P 30
2026-10-05T13:05:52Z,P,2,available,True,BFI IMAX P 2
2026-10-05T13:05:52Z,P,1,unavailable,False,BFI IMAX P 1
2026-10-05T13:05:52Z,P,21,available,False,BFI IMAX P 21
2026-10-05T13:05:52Z,P,20,available,False,BFI IMAX P 20
2026-10-05T13:05:52Z,P,19,available,False,BFI IMAX P 19
2026-10-05T13:05:52Z,P,18,available,False,BFI IMAX P 18
2026-10-05T13:05:52Z,P,17,available,False,BFI IMAX P 17
2026-10-05T13:05:52Z,P,16,available,False,BFI IMAX P 16
2026-10-05T13:05:52Z,P,15,available,False,BFI IMAX P 15
2026-10-05T13:05:52Z,P,14,available,False,BFI IMAX P 14
2026-10-05T13:05:52Z,P,13,available,False,BFI IMAX P 13
2026-10-05T13:05:52Z,P,12,available,False,BFI IMAX P 12
2026-10-05T13:05:52Z,P,11,available,False,BFI IMAX P 11
2026-10-05T13:05:52Z,P,9,available,False,BFI IMAX P 9
2026-10-05T13:05:52Z,P,8,available,False,BFI IMAX P 8
2026-10-05T13:05:52Z,P,7,available,False,BFI IMAX P 7
2026-10-05T13:05:52Z,P,10,available,False,BFI IMAX P 10
2026-10-05T13:05:52Z,P,25,available,False,BFI IMAX P 25
2026-10-05T13:05:52Z,P,24,available,False,BFI IMAX P 24
2026-10-05T13:05:52Z,P,23,available,False,BFI IMAX P 23
2026-10-05T13:05:52Z,P,22,available,False,BFI IMAX P 22
2026-10-05T13:05:52Z,Q,18,sold,False,BFI IMAX Q 18
2026-10-05T13:05:52Z,Q,17,available,False,BFI IMAX Q 17
2026-10-05T13:05:52Z,Q,16,available,False,BFI IMAX Q 16
2026-10-05T13:05:52Z,Q,15,available,False,BFI IMAX Q 15
2026-10-05T13:05:52Z,Q,14,available,False,BFI IMAX Q 14
2026-10-05T13:05:52Z,Q,13,available,False,BFI IMAX Q 13
2026-10-05T13:05:52Z,Q,12,available,False,BFI IMAX Q 12
2026-10-05T13:05:52Z,Q,11,available,False,BFI IMAX Q 11
2026-10-05T13:05:52Z,Q,10,available,False,BFI IMAX Q 10
2026-10-05T13:05:52Z,Q,9,sold,False,BFI IMAX Q 9
2026-10-05T13:05:52Z,Q,8,sold,False,BFI IMAX Q 8
2026-10-05T13:05:52Z,Q,7,sold,False,BFI IMAX Q 7
2026-10-05T13:05:52Z,Q,6,available,False,BFI IMAX Q 6
2026-10-05T13:05:52Z,Q,5,available,False,BFI IMAX Q 5
2026-10-05T13:05:52Z,Q,4,available,False,BFI IMAX Q 4
2026-10-05T13:05:52Z,Q,3,available,False,BFI IMAX Q 3
2026-10-05T13:05:52Z,Q,2,available,False,BFI IMAX Q 2
2026-10-05T13:05:52Z,Q,1,available,False,BFI IMAX Q 1
2026-10-05T21:19:06Z,K,27,sold,False,BFI IMAX K 27
2026-10-05T21:19:06Z,K,26,unavailable,False,BFI IMAX K 26
2026-10-05T21:19:06Z,P,29,available,True,BFI IMAX P 29
2026-10-05T21:19:06Z,P,28,available,True,BFI IMAX P 28
2026-10-05T21:19:06Z,P,4,available,True,BFI IMAX P 4
2026-10-05T21:19:06Z,P,3,available,True,BFI IMAX P 3
2026-10-05T21:19:06Z,A,7,available,False,BFI IMAX A 7
2026-10-05T21:19:06Z,A,6,available,False,BFI IMAX A 6
2026-10-05T21:19:06Z,A,5,available,False,BFI IMAX A 5
2026-10-05T21:19:06Z,A,4,available,False,BFI IMAX A 4
2026-10-05T21:19:06Z,A,3,available,False,BFI IMAX A 3
2026-10-05T21:19:06Z,A,2,available,False,BFI IMAX A 2
2026-10-05T21:19:06Z,A,1,available,False,BFI IMAX A 1
2026-10-05T21:19:06Z,B,36,available,False,BFI IMAX B 36
2026-10-05T21:19:06Z,B,35,available,False,BFI IMAX B 35
2026-10-05T21:19:06Z,B,34,available,False,BFI IMAX B 34
2026-10-05T21:19:06Z,B,33,available,False,BFI IMAX B 33
2026-10-05T21:19:06Z,B,32,available,False,BFI IMAX B 32
2026-10-05T21:19:06Z,B,31,available,False,BFI IMAX B 31
2026-10-05T21:19:06Z,B,30,available,False,BFI IMAX B 30
2026-10-05T21:19:06Z,B,29,available,False,BFI IMAX B 29
2026-10-05T21:19:06Z,B,28,available,False,BFI IMAX B 28
2026-10-05T21:19:06Z,B,27,available,False,BFI IMAX B 27
2026-10-05T21:19:06Z,B,26,available,False,BFI IMAX B 26
2026-10-05T21:19:06Z,B,25,available,False,BFI IMAX B 25
2026-10-05T21:19:06Z,B,24,available,False,BFI IMAX B 24
2026-10-05T21:19:06Z,B,23,available,False,BFI IMAX B 23
2026-10-05T21:19:06Z,B,22,available,False,BFI IMAX B 22
2026-10-05T21:19:06Z,B,21,available,False,BFI IMAX B 21
2026-10-05T21:19:06Z,B,20,available,False,BFI IMAX B 20
2026-10-05T21:19:06Z,B,19,available,False,BFI IMAX B 19
2026-10-05T21:19:06Z,B,18,available,False,BFI IMAX B 18
2026-10-05T21:19:06Z,B,17,available,False,BFI IMAX B 17
2026-10-05T21:19:06Z,B,16,available,False,BFI IMAX B 16
2026-10-05T21:19:06Z,B,15,available,False,BFI IMAX B 15
2026-10-05T21:19:06Z,B,14,available,False,BFI IMAX B 14
2026-10-05T21:19:06Z,B,13,available,False,BFI IMAX B 13
2026-10-05T21:19:06Z,B,12,available,False,BFI IMAX B 12
2026-10-05T21:19:06Z,B,11,available,False,BFI IMAX B 11
2026-10-05T21:19:06Z,B,10,available,False,BFI IMAX B 10
2026-10-05T21:19:06Z,B,9,available,False,BFI IMAX B 9
2026-10-05T21:19:06Z,B,8,available,False,BFI IMAX B 8
2026-10-05T21:19:06Z,B,7,available,False,BFI IMAX B 7
2026-10-05T21:19:06Z,B,6,available,False,BFI IMAX B 6
2026-10-05T21:19:06Z,B,5,available,False,BFI IMAX B 5
2026-10-05T21:19:06Z,B,4,available,False,BFI IMAX B 4
2026-10-05T21:19:06Z,B,3,available,False,BFI IMAX B 3
2026-10-05T21:19:06Z,B,2,available,False,BFI IMAX B 2
2026-10-05T21:19:06Z,B,1,available,False,BFI IMAX B 1
2026-10-05T21:19:06Z,C,36,available,False,BFI IMAX C 36
2026-10-05T21:19:06Z,C,35,available,False,BFI IMAX C 35
2026-10-05T21:19:06Z,C,34,available,False,BFI IMAX C 34
2026-10-05T21:19:06Z,C,33,available,False,BFI IMAX C 33
2026-10-05T21:19:06Z,C,32,available,False,BFI IMAX C 32
2026-10-05T21:19:06Z,C,31,available,False,BFI IMAX C 31
2026-10-05T21:19:06Z,C,30,available,False,BFI IMAX C 30
2026-10-05T21:19:06Z,C,29,available,False,BFI IMAX C 29
2026-10-05T21:19:06Z,C,28,available,False,BFI IMAX C 28
2026-10-05T21:19:06Z,C,27,available,False,BFI IMAX C 27
2026-10-05T21:19:06Z,C,26,available,False,BFI IMAX C 26
2026-10-05T21:19:06Z,C,25,sold,False,BFI IMAX C 25
2026-10-05T21:19:06Z,C,24,available,False,BFI IMAX C 24
2026-10-05T21:19:06Z,C,23,available,False,BFI IMAX C 23
2026-10-05T21:19:06Z,C,22,available,False,BFI IMAX C 22
2026-10-05T21:19:06Z,C,21,available,False,BFI IMAX C 21
2026-10-05T21:19:06Z,C,20,available,False,BFI IMAX C 20
2026-10-05T21:19:06Z,C,19,available,False,BFI IMAX C 19
2026-10-05T21:19:06Z,C,18,available,False,BFI IMAX C 18
2026-10-05T21:19:06Z,C,17,available,False,BFI IMAX C 17
2026-10-05T21:19:06Z,C,16,available,False,BFI IMAX C 16
2026-10-05T21:19:06Z,C,15,available,False,BFI IMAX C 15
2026-10-05T21:19:06Z,C,14,available,False,BFI IMAX C 14
2026-10-05T21:19:06Z,C,13,available,False,BFI IMAX C 13
2026-10-05T21:19:06Z,C,12,available,False,BFI IMAX C 12
2026-10-05T21:19:06Z,C,11,available,False,BFI IMAX C 11
2026-10-05T21:19:06Z,C,10,available,False,BFI IMAX C 10
2026-10-05T21:19:06Z,C,9,available,False,BFI IMAX C 9
2026-10-05T21:19:06Z,C,8,available,False,BFI IMAX C 8
2026-10-05T21:19:06Z,C,7,available,False,BFI IMAX C 7
2026-10-05T21:19:06Z,C,6,available,False,BFI IMAX C 6
2026-10-05T21:19:06Z,C,5,available,False,BFI IMAX C 5
2026-10-05T21:19:06Z,C,4,available,False,BFI IMAX C 4
2026-10-05T21:19:06Z,C,3,available,False,BFI IMAX C 3
2026-10-05T21:19:06Z,C,2,available,False,BFI IMAX C 2
2026-10-05T21:19:06Z,C,1,available,False,BFI IMAX C 1
2026-10-05T21:19:06Z,D,37,available,False,BFI IMAX D 37
2026-10-05T21:19:06Z,D,36,available,False,BFI IMAX D 36
2026-10-05T21:19:06Z,D,35,available,False,BFI IMAX D 35
2026-10-05T21:19:06Z,D,34,available,False,BFI IMAX D 34
2026-10-05T21:19:06Z,D,33,available,False,BFI IMAX D 33
2026-10-05T21:19:06Z,D,32,available,False,BFI IMAX D 32
2026-10-05T21:19:06Z,D,31,available,False,BFI IMAX D 31
2026-10-05T21:19:06Z,D,30,available,False,BFI IMAX D 30
2026-10-05T21:19:06Z,D,29,available,False,BFI IMAX D 29
2026-10-05T21:19:06Z,D,28,available,False,BFI IMAX D 28
2026-10-05T21:19:06Z,D,27,available,False,BFI IMAX D 27
2026-10-05T21:19:06Z,D,26,available,False,BFI IMAX D 26
2026-10-05T21:19:06Z,D,25,available,False,BFI IMAX D 25
2026-10-05T21:19:06Z,D,24,available,False,BFI IMAX D 24
2026-10-05T21:19:06Z,D,23,available,False,BFI IMAX D 23
2026-10-05T21:19:06Z,D,22,available,False,BFI IMAX D 22
2026-10-05T21:19:06Z,D,21,available,False,BFI IMAX D 21
2026-10-05T21:19:06Z,D,20,available,False,BFI IMAX D 20
2026-10-05T21:19:06Z,D,19,available,False,BFI IMAX D 19
2026-10-05T21:19:06Z,D,18,available,False,BFI IMAX D 18
2026-10-05T21:19:06Z,D,17,available,False,BFI IMAX D 17
2026-10-05T21:19:06Z,D,16,available,False,BFI IMAX D 16
2026-10-05T21:19:06Z,D,15,available,False,BFI IMAX D 15
2026-10-05T21:19:06Z,D,14,available,False,BFI IMAX D 14
2026-10-05T21:19:06Z,D,13,available,False,BFI IMAX D 13
2026-10-05T21:19:06Z,D,12,available,False,BFI IMAX D 12
2026-10-05T21:19:06Z,D,11,available,False,BFI IMAX D 11
2026-10-05T21:19:06Z,D,10,available,False,BFI IMAX D 10
2026-10-05T21:19:06Z,D,9,available,False,BFI IMAX D 9
2026-10-05T21:19:06Z,D,8,available,False,BFI IMAX D 8
2026-10-05T21:19:06Z,D,7,available,False,BFI IMAX D 7
2026-10-05T21:19:06Z,D,6,available,False,BFI IMAX D 6
2026-10-05T21:19:06Z,D,5,available,False,BFI IMAX D 5
2026-10-05T21:19:06Z,D,4,available,False,BFI IMAX D 4
2026-10-05T21:19:06Z,D,3,available,False,BFI IMAX D 3
2026-10-05T21:19:06Z,D,2,available,False,BFI IMAX D 2
2026-10-05T21:19:06Z,D,1,available,False,BFI IMAX D 1
2026-10-05T21:19:06Z,E,37,available,False,BFI IMAX E 37
2026-10-05T21:19:06Z,E,36,available,False,BFI IMAX E 36
2026-10-05T21:19:06Z,E,35,available,False,BFI IMAX E 35
2026-10-05T21:19:06Z,E,34,available,False,BFI IMAX E 34
2026-10-05T21:19:06Z,E,33,available,False,BFI IMAX E 33
2026-10-05T21:19:06Z,E,32,available,False,BFI IMAX E 32
2026-10-05T21:19:06Z,E,31,available,False,BFI IMAX E 31
2026-10-05T21:19:06Z,E,30,available,False,BFI IMAX E 30
2026-10-05T21:19:06Z,E,29,available,False,BFI IMAX E 29
2026-10-05T21:19:06Z,E,28,available,False,BFI IMAX E 28
2026-10-05T21:19:06Z,E,27,available,False,BFI IMAX E 27
2026-10-05T21:19:06Z,E,26,available,False,BFI IMAX E 26
2026-10-05T21:19:06Z,E,25,available,False,BFI IMAX E 25
2026-10-05T21:19:06Z,E,24,available,False,BFI IMAX E 24
2026-10-05T21:19:06Z,E,23,available,False,BFI IMAX E 23
2026-10-05T21:19:06Z,E,22,available,False,BFI IMAX E 22
2026-10-05T21:19:06Z,E,21,available,False,BFI IMAX E 21
2026-10-05T21:19:06Z,E,20,available,False,BFI IMAX E 20
2026-10-05T21:19:06Z,E,19,available,False,BFI IMAX E 19
2026-10-05T21:19:06Z,E,18,available,False,BFI IMAX E 18
2026-10-05T21:19:06Z,E,17,available,False,BFI IMAX E 17
2026-10-05T21:19:06Z,E,16,available,False,BFI IMAX E 16
2026-10-05T21:19:06Z,E,15,available,False,BFI IMAX E 15
2026-10-05T21:19:06Z,E,14,available,False,BFI IMAX E 14
2026-10-05T21:19:06Z,E,13,available,False,BFI IMAX E 13
2026-10-05T21:19:06Z,E,12,available,False,BFI IMAX E 12
2026-10-05T21:19:06Z,E,11,available,False,BFI IMAX E 11
2026-10-05T21:19:06Z,E,10,available,False,BFI IMAX E 10
2026-10-05T21:19:06Z,E,9,available,False,BFI IMAX E 9
2026-10-05T21:19:06Z,E,8,available,False,BFI IMAX E 8
2026-10-05T21:19:06Z,E,7,available,False,BFI IMAX E 7
2026-10-05T21:19:06Z,E,6,available,False,BFI IMAX E 6
2026-10-05T21:19:06Z,E,5,available,False,BFI IMAX E 5
2026-10-05T21:19:06Z,E,4,available,False,BFI IMAX E 4
2026-10-05T21:19:06Z,E,3,available,False,BFI IMAX E 3
2026-10-05T21:19:06Z,E,2,available,False,BFI IMAX E 2
2026-10-05T21:19:06Z,E,1,available,False,BFI IMAX E 1
2026-10-05T21:19:06Z,F,38,available,False,BFI IMAX F 38
2026-10-05T21:19:06Z,F,37,available,False,BFI IMAX F 37
2026-10-05T21:19:06Z,F,36,available,False,BFI IMAX F 36
2026-10-05T21:19:06Z,F,35,available,False,BFI IMAX F 35
2026-10-05T21:19:06Z,F,34,available,False,BFI IMAX F 34
2026-10-05T21:19:06Z,F,33,available,False,BFI IMAX F 33
2026-10-05T21:19:06Z,F,32,available,False,BFI IMAX F 32
2026-10-05T21:19:06Z,F,31,available,False,BFI IMAX F 31
2026-10-05T21:19:06Z,F,30,available,False,BFI IMAX F 30
2026-10-05T21:19:06Z,F,29,available,False,BFI IMAX F 29
2026-10-05T21:19:06Z,F,28,available,False,BFI IMAX F 28
2026-10-05T21:19:06Z,F,27,available,False,BFI IMAX F 27
2026-10-05T21:19:06Z,F,26,available,False,BFI IMAX F 26
2026-10-05T21:19:06Z,F,25,available,False,BFI IMAX F 25
2026-10-05T21:19:06Z,F,24,available,False,BFI IMAX F 24
2026-10-05T21:19:06Z,F,23,available,False,BFI IMAX F 23
2026-10-05T21:19:06Z,F,22,available,False,BFI IMAX F 22
2026-10-05T21:19:06Z,F,21,available,False,BFI IMAX F 21
2026-10-05T21:19:06Z,F,20,available,False,BFI IMAX F 20
2026-10-05T21:19:06Z,F,19,available,False,BFI IMAX F 19
2026-10-05T21:19:06Z,F,18,available,False,BFI IMAX F 18
2026-10-05T21:19:06Z,F,17,available,False,BFI IMAX F 17
2026-10-05T21:19:06Z,F,16,available,False,BFI IMAX F 16
2026-10-05T21:19:06Z,F,15,available,False,BFI IMAX F 15
2026-10-05T21:19:06Z,F,14,available,False,BFI IMAX F 14
2026-10-05T21:19:06Z,F,13,available,False,BFI IMAX F 13
2026-10-05T21:19:06Z,F,12,available,False,BFI IMAX F 12
2026-10-05T21:19:06Z,F,11,available,False,BFI IMAX F 11
2026-10-05T21:19:06Z,F,10,available,False,BFI IMAX F 10
2026-10-05T21:19:06Z,F,9,available,False,BFI IMAX F 9
2026-10-05T21:19:06Z,F,8,available,False,BFI IMAX F 8
2026-10-05T21:19:06Z,F,7,available,False,BFI IMAX F 7
2026-10-05T21:19:06Z,F,6,available,False,BFI IMAX F 6
2026-10-05T21:19:06Z,F,5,available,False,BFI IMAX F 5
2026-10-05T21:19:06Z,F,4,available,False,BFI IMAX F 4
2026-10-05T21:19:06Z,F,3,available,False,BFI IMAX F 3
2026-10-05T21:19:06Z,F,2,available,False,BFI IMAX F 2
2026-10-05T21:19:06Z,F,1,available,False,BFI IMAX F 1
2026-10-05T21:19:06Z,G,37,available,False,BFI IMAX G 37
2026-10-05T21:19:06Z,G,36,available,False,BFI IMAX G 36
2026-10-05T21:19:06Z,G,35,available,False,BFI IMAX G 35
2026-10-05T21:19:06Z,G,34,available,False,BFI IMAX G 34
2026-10-05T21:19:06Z,G,33,available,False,BFI IMAX G 33
2026-10-05T21:19:06Z,G,32,available,False,BFI IMAX G 32
2026-10-05T21:19:06Z,G,31,available,False,BFI IMAX G 31
2026-10-05T21:19:06Z,G,30,available,False,BFI IMAX G 30
2026-10-05T21:19:06Z,G,29,available,False,BFI IMAX G 29
2026-10-05T21:19:06Z,G,28,available,False,BFI IMAX G 28
2026-10-05T21:19:06Z,G,27,available,False,BFI IMAX G 27
2026-10-05T21:19:06Z,G,26,available,False,BFI IMAX G 26
2026-10-05T21:19:06Z,G,25,available,False,BFI IMAX G 25
2026-10-05T21:19:06Z,G,24,available,False,BFI IMAX G 24
2026-10-05T21:19:06Z,G,23,available,False,BFI IMAX G 23
2026-10-05T21:19:06Z,G,22,available,False,BFI IMAX G 22
2026-10-05T21:19:06Z,G,21,available,False,BFI IMAX G 21
2026-10-05T21:19:06Z,G,20,available,False,BFI IMAX G 20
2026-10-05T21:19:06Z,G,19,available,False,BFI IMAX G 19
2026-10-05T21:19:06Z,G,18,available,False,BFI IMAX G 18
2026-10-05T21:19:06Z,G,17,available,False,BFI IMAX G 17
2026-10-05T21:19:06Z,G,16,available,False,BFI IMAX G 16
2026-10-05T21:19:06Z,G,15,available,False,BFI IMAX G 15
2026-10-05T21:19:06Z,G,14,available,False,BFI IMAX G 14
2026-10-05T21:19:06Z,G,13,available,False,BFI IMAX G 13
2026-10-05T21:19:06Z,G,12,available,False,BFI IMAX G 12
2026-10-05T21:19:06Z,G,11,available,False,BFI IMAX G 11
2026-10-05T21:19:06Z,G,10,available,False,BFI IMAX G 10
2026-10-05T21:19:06Z,G,9,available,False,BFI IMAX G 9
2026-10-05T21:19:06Z,G,8,available,False,BFI IMAX G 8
2026-10-05T21:19:06Z,G,7,available,False,BFI IMAX G 7
2026-10-05T21:19:06Z,G,6,available,False,BFI IMAX G 6
2026-10-05T21:19:06Z,G,5,available,False,BFI IMAX G 5
2026-10-05T21:19:06Z,G,4,available,False,BFI IMAX G 4
2026-10-05T21:19:06Z,G,3,available,False,BFI IMAX G 3
2026-10-05T21:19:06Z,G,2,available,False,BFI IMAX G 2
2026-10-05T21:19:06Z,G,1,available,False,BFI IMAX G 1
2026-10-05T21:19:06Z,H,37,available,False,BFI IMAX H 37
2026-10-05T21:19:06Z,H,36,available,False,BFI IMAX H 36
2026-10-05T21:19:06Z,H,35,available,False,BFI IMAX H 35
2026-10-05T21:19:06Z,H,34,available,False,BFI IMAX H 34
2026-10-05T21:19:06Z,H,33,available,False,BFI IMAX H 33
2026-10-05T21:19:06Z,H,32,available,False,BFI IMAX H 32
2026-10-05T21:19:06Z,H,31,available,False,BFI IMAX H 31
2026-10-05T21:19:06Z,H,30,available,False,BFI IMAX H 30
2026-10-05T21:19:06Z,H,29,available,False,BFI IMAX H 29
2026-10-05T21:19:06Z,H,28,available,False,BFI IMAX H 28
2026-10-05T21:19:06Z,H,27,available,False,BFI IMAX H 27
2026-10-05T21:19:06Z,H,26,available,False,BFI IMAX H 26
2026-10-05T21:19:06Z,H,25,available,False,BFI IMAX H 25
2026-10-05T21:19:06Z,H,24,available,False,BFI IMAX H 24
2026-10-05T21:19:06Z,H,23,available,False,BFI IMAX H 23
2026-10-05T21:19:06Z,H,22,available,False,BFI IMAX H 22
2026-10-05T21:19:06Z,H,21,available,False,BFI IMAX H 21
2026-10-05T21:19:06Z,H,20,available,False,BFI IMAX H 20
2026-10-05T21:19:06Z,H,19,sold,False,BFI IMAX H 19
2026-10-05T21:19:06Z,H,18,sold,False,BFI IMAX H 18
2026-10-05T21:19:06Z,H,17,available,False,BFI IMAX H 17
2026-10-05T21:19:06Z,H,16,available,False,BFI IMAX H 16
2026-10-05T21:19:06Z,H,15,available,False,BFI IMAX H 15
2026-10-05T21:19:06Z,H,14,available,False,BFI IMAX H 14
2026-10-05T21:19:06Z,H,13,available,False,BFI IMAX H 13
2026-10-05T21:19:06Z,H,12,available,False,BFI IMAX H 12
2026-10-05T21:19:06Z,H,11,available,False,BFI IMAX H 11
2026-10-05T21:19:06Z,H,10,available,False,BFI IMAX H 10
2026-10-05T21:19:06Z,H,9,available,False,BFI IMAX H 9
2026-10-05T21:19:06Z,H,8,available,False,BFI IMAX H 8
2026-10-05T21:19:06Z,H,7,available,False,BFI IMAX H 7
2026-10-05T21:19:06Z,H,6,available,False,BFI IMAX H 6
2026-10-05T21:19:06Z,H,5,available,False,BFI IMAX H 5
2026-10-05T21:19:06Z,H,4,available,False,BFI IMAX H 4
2026-10-05T21:19:06Z,H,3,available,False,BFI IMAX H 3
2026-10-05T21:19:06Z,H,2,available,False,BFI IMAX H 2
2026-10-05T21:19:06Z,H,1,available,False,BFI IMAX H 1
2026-10-05T21:19:06Z,J,36,available,False,BFI IMAX J 36
2026-10-05T21:19:06Z,J,35,available,False,BFI IMAX J 35
2026-10-05T21:19:06Z,J,34,available,False,BFI IMAX J 34
2026-10-05T21:19:06Z,J,33,available,False,BFI IMAX J 33
2026-10-05T21:19:06Z,J,32,available,False,BFI IMAX J 32
2026-10-05T21:19:06Z,J,31,available,False,BFI IMAX J 31
2026-10-05T21:19:06Z,J,30,available,False,BFI IMAX J 30
2026-10-05T21:19:06Z,J,29,available,False,BFI IMAX J 29
2026-10-05T21:19:06Z,J,28,available,False,BFI IMAX J 28
2026-10-05T21:19:06Z,J,27,available,False,BFI IMAX J 27
2026-10-05T21:19:06Z,J,26,available,False,BFI IMAX J 26
2026-10-05T21:19:06Z,J,25,available,False,BFI IMAX J 25
2026-10-05T21:19:06Z,J,24,available,False,BFI IMAX J 24
2026-10-05T21:19:06Z,J,23,available,False,BFI IMAX J 23
2026-10-05T21:19:06Z,J,22,available,False,BFI IMAX J 22
2026-10-05T21:19:06Z,J,21,available,False,BFI IMAX J 21
2026-10-05T21:19:06Z,J,20,sold,False,BFI IMAX J 20
2026-10-05T21:19:06Z,J,19,sold,False,BFI IMAX J 19
2026-10-05T21:19:06Z,J,18,available,False,BFI IMAX J 18
2026-10-05T21:19:06Z,J,17,available,False,BFI IMAX J 17
2026-10-05T21:19:06Z,J,16,available,False,BFI IMAX J 16
2026-10-05T21:19:06Z,J,15,available,False,BFI IMAX J 15
2026-10-05T21:19:06Z,J,14,available,False,BFI IMAX J 14
2026-10-05T21:19:06Z,J,13,available,False,BFI IMAX J 13
2026-10-05T21:19:06Z,J,12,available,False,BFI IMAX J 12
2026-10-05T21:19:06Z,J,11,available,False,BFI IMAX J 11
2026-10-05T21:19:06Z,J,10,available,False,BFI IMAX J 10
2026-10-05T21:19:06Z,J,9,available,False,BFI IMAX J 9
2026-10-05T21:19:06Z,J,8,available,False,BFI IMAX J 8
2026-10-05T21:19:06Z,J,7,available,False,BFI IMAX J 7
2026-10-05T21:19:06Z,J,6,available,False,BFI IMAX J 6
2026-10-05T21:19:06Z,J,5,available,False,BFI IMAX J 5
2026-10-05T21:19:06Z,J,4,available,False,BFI IMAX J 4
2026-10-05T21:19:06Z,J,3,available,False,BFI IMAX J 3
2026-10-05T21:19:06Z,J,2,available,False,BFI IMAX J 2
2026-10-05T21:19:06Z,J,1,available,False,BFI IMAX J 1
2026-10-05T21:19:06Z,K,36,available,False,BFI IMAX K 36
2026-10-05T21:19:06Z,K,35,available,False,BFI IMAX K 35
2026-10-05T21:19:06Z,K,34,available,False,BFI IMAX K 34
2026-10-05T21:19:06Z,K,33,available,False,BFI IMAX K 33
2026-10-05T21:19:06Z,K,32,available,False,BFI IMAX K 32
2026-10-05T21:19:06Z,K,31,available,False,BFI IMAX K 31
2026-10-05T21:19:06Z,K,30,available,False,BFI IMAX K 30
2026-10-05T21:19:06Z,K,29,available,False,BFI IMAX K 29
2026-10-05T21:19:06Z,K,28,available,False,BFI IMAX K 28
2026-10-05T21:19:06Z,A,13,available,False,BFI IMAX A 13
2026-10-05T21:19:06Z,A,12,available,False,BFI IMAX A 12
2026-10-05T21:19:06Z,K,25,available,False,BFI IMAX K 25
2026-10-05T21:19:06Z,K,24,available,False,BFI IMAX K 24
2026-10-05T21:19:06Z,K,23,available,False,BFI IMAX K 23
2026-10-05T21:19:06Z,K,22,available,False,BFI IMAX K 22
2026-10-05T21:19:06Z,K,21,available,False,BFI IMAX K 21
2026-10-05T21:19:06Z,K,20,available,False,BFI IMAX K 20
2026-10-05T21:19:06Z,K,19,sold,False,BFI IMAX K 19
2026-10-05T21:19:06Z,K,18,sold,False,BFI IMAX K 18
2026-10-05T21:19:06Z,K,17,available,False,BFI IMAX K 17
2026-10-05T21:19:06Z,K,16,available,False,BFI IMAX K 16
2026-10-05T21:19:06Z,K,15,available,False,BFI IMAX K 15
2026-10-05T21:19:06Z,K,14,available,False,BFI IMAX K 14
2026-10-05T21:19:06Z,K,13,available,False,BFI IMAX K 13
2026-10-05T21:19:06Z,K,12,available,False,BFI IMAX K 12
2026-10-05T21:19:06Z,K,11,available,False,BFI IMAX K 11
2026-10-05T21:19:06Z,K,10,available,False,BFI IMAX K 10
2026-10-05T21:19:06Z,K,9,available,False,BFI IMAX K 9
2026-10-05T21:19:06Z,K,8,available,False,BFI IMAX K 8
2026-10-05T21:19:06Z,K,7,available,False,BFI IMAX K 7
2026-10-05T21:19:06Z,K,6,available,False,BFI IMAX K 6
2026-10-05T21:19:06Z,K,5,available,False,BFI IMAX K 5
2026-10-05T21:19:06Z,K,4,available,False,BFI IMAX K 4
2026-10-05T21:19:06Z,K,3,available,False,BFI IMAX K 3
2026-10-05T21:19:06Z,K,2,available,False,BFI IMAX K 2
2026-10-05T21:19:06Z,K,1,available,False,BFI IMAX K 1
2026-10-05T21:19:06Z,L,33,available,False,BFI IMAX L 33
2026-10-05T21:19:06Z,L,32,available,False,BFI IMAX L 32
2026-10-05T21:19:06Z,L,31,available,False,BFI IMAX L 31
2026-10-05T21:19:06Z,L,30,available,False,BFI IMAX L 30
2026-10-05T21:19:06Z,L,29,available,False,BFI IMAX L 29
2026-10-05T21:19:06Z,L,28,available,False,BFI IMAX L 28
2026-10-05T21:19:06Z,L,27,available,False,BFI IMAX L 27
2026-10-05T21:19:06Z,L,26,available,False,BFI IMAX L 26
2026-10-05T21:19:06Z,L,8,available,False,BFI IMAX L 8
2026-10-05T21:19:06Z,L,7,available,False,BFI IMAX L 7
2026-10-05T21:19:06Z,L,6,available,False,BFI IMAX L 6
2026-10-05T21:19:06Z,L,5,available,False,BFI IMAX L 5
2026-10-05T21:19:06Z,L,4,available,False,BFI IMAX L 4
2026-10-05T21:19:06Z,L,3,available,False,BFI IMAX L 3
2026-10-05T21:19:06Z,L,2,available,False,BFI IMAX L 2
2026-10-05T21:19:06Z,L,1,available,False,BFI IMAX L 1
2026-10-05T21:19:06Z,M,34,available,False,BFI IMAX M 34
2026-10-05T21:19:06Z,M,33,available,False,BFI IMAX M 33
2026-10-05T21:19:06Z,M,32,available,False,BFI IMAX M 32
2026-10-05T21:19:06Z,M,31,available,False,BFI IMAX M 31
2026-10-05T21:19:06Z,M,30,available,False,BFI IMAX M 30
2026-10-05T21:19:06Z,M,29,available,False,BFI IMAX M 29
2026-10-05T21:19:06Z,M,28,available,False,BFI IMAX M 28
2026-10-05T21:19:06Z,M,27,sold,False,BFI IMAX M 27
2026-10-05T21:19:06Z,M,8,available,False,BFI IMAX M 8
2026-10-05T21:19:06Z,M,7,available,False,BFI IMAX M 7
2026-10-05T21:19:06Z,M,6,available,False,BFI IMAX M 6
2026-10-05T21:19:06Z,M,5,available,False,BFI IMAX M 5
2026-10-05T21:19:06Z,M,4,available,False,BFI IMAX M 4
2026-10-05T21:19:06Z,M,3,available,False,BFI IMAX M 3
2026-10-05T21:19:06Z,M,2,available,False,BFI IMAX M 2
2026-10-05T21:19:06Z,M,1,available,False,BFI IMAX M 1
2026-10-05T21:19:06Z,N,34,unavailable,False,BFI IMAX N 34
2026-10-05T21:19:06Z,N,33,unavailable,False,BFI IMAX N 33
2026-10-05T21:19:06Z,N,32,unavailable,False,BFI IMAX N 32
2026-10-05T21:19:06Z,N,31,unavailable,False,BFI IMAX N 31
2026-10-05T21:19:06Z,N,30,unavailable,False,BFI IMAX N 30
2026-10-05T21:19:06Z,N,29,unavailable,False,BFI IMAX N 29
2026-10-05T21:19:06Z,N,28,unavailable,False,BFI IMAX N 28
2026-10-05T21:19:06Z,N,27,unavailable,False,BFI IMAX N 27
2026-10-05T21:19:06Z,N,8,available,False,BFI IMAX N 8
2026-10-05T21:19:06Z,N,7,available,False,BFI IMAX N 7
2026-10-05T21:19:06Z,N,6,available,False,BFI IMAX N 6
2026-10-05T21:19:06Z,N,5,available,False,BFI IMAX N 5
2026-10-05T21:19:06Z,N,4,available,False,BFI IMAX N 4
2026-10-05T21:19:06Z,N,3,available,False,BFI IMAX N 3
2026-10-05T21:19:06Z,N,2,available,False,BFI IMAX N 2
2026-10-05T21:19:06Z,N,1,available,False,BFI IMAX N 1
2026-10-05T21:19:06Z,A,11,available,False,BFI IMAX A 11
2026-10-05T21:19:06Z,A,10,available,False,BFI IMAX A 10
2026-10-05T21:19:06Z,A,9,available,False,BFI IMAX A 9
2026-10-05T21:19:06Z,A,8,available,False,BFI IMAX A 8
2026-10-05T21:19:06Z,M,15,available,False,BFI IMAX M 15
2026-10-05T21:19:06Z,M,14,available,False,BFI IMAX M 14
2026-10-05T21:19:06Z,M,13,available,False,BFI IMAX M 13
2026-10-05T21:19:06Z,M,12,available,False,BFI IMAX M 12
2026-10-05T21:19:06Z,M,11,available,False,BFI IMAX M 11
2026-10-05T21:19:06Z,M,10,available,False,BFI IMAX M 10
2026-10-05T21:19:06Z,M,9,available,False,BFI IMAX M 9
2026-10-05T21:19:06Z,L,9,available,False,BFI IMAX L 9
2026-10-05T21:19:06Z,L,25,available,False,BFI IMAX L 25
2026-10-05T21:19:06Z,L,24,available,False,BFI IMAX L 24
2026-10-05T21:19:06Z,L,23,available,False,BFI IMAX L 23
2026-10-05T21:19:06Z,L,22,available,False,BFI IMAX L 22
2026-10-05T21:19:06Z,L,21,available,False,BFI IMAX L 21
2026-10-05T21:19:06Z,L,20,available,False,BFI IMAX L 20
2026-10-05T21:19:06Z,L,19,available,False,BFI IMAX L 19
2026-10-05T21:19:06Z,L,18,sold,False,BFI IMAX L 18
2026-10-05T21:19:06Z,L,17,sold,False,BFI IMAX L 17
2026-10-05T21:19:06Z,L,16,available,False,BFI IMAX L 16
2026-10-05T21:19:06Z,L,15,available,False,BFI IMAX L 15
2026-10-05T21:19:06Z,L,14,available,False,BFI IMAX L 14
2026-10-05T21:19:06Z,L,13,available,False,BFI IMAX L 13
2026-10-05T21:19:06Z,L,12,available,False,BFI IMAX L 12
2026-10-05T21:19:06Z,L,11,available,False,BFI IMAX L 11
2026-10-05T21:19:06Z,N,26,unavailable,False,BFI IMAX N 26
2026-10-05T21:19:06Z,N,25,unavailable,False,BFI IMAX N 25
2026-10-05T21:19:06Z,N,24,unavailable,False,BFI IMAX N 24
2026-10-05T21:19:06Z,N,23,unavailable,False,BFI IMAX N 23
2026-10-05T21:19:06Z,N,22,available,False,BFI IMAX N 22
2026-10-05T21:19:06Z,N,21,available,False,BFI IMAX N 21
2026-10-05T21:19:06Z,N,20,available,False,BFI IMAX N 20
2026-10-05T21:19:06Z,N,19,available,False,BFI IMAX N 19
2026-10-05T21:19:06Z,N,18,sold,False,BFI IMAX N 18
2026-10-05T21:19:06Z,N,17,available,False,BFI IMAX N 17
2026-10-05T21:19:06Z,N,16,available,False,BFI IMAX N 16
2026-10-05T21:19:06Z,N,15,available,False,BFI IMAX N 15
2026-10-05T21:19:06Z,N,14,available,False,BFI IMAX N 14
2026-10-05T21:19:06Z,N,13,available,False,BFI IMAX N 13
2026-10-05T21:19:06Z,N,12,available,False,BFI IMAX N 12
2026-10-05T21:19:06Z,N,11,available,False,BFI IMAX N 11
2026-10-05T21:19:06Z,N,10,available,False,BFI IMAX N 10
2026-10-05T21:19:06Z,N,9,available,False,BFI IMAX N 9
2026-10-05T21:19:06Z,L,10,available,False,BFI IMAX L 10
2026-10-05T21:19:06Z,M,26,available,False,BFI IMAX M 26
2026-10-05T21:19:06Z,M,25,available,False,BFI IMAX M 25
2026-10-05T21:19:06Z,M,24,available,False,BFI IMAX M 24
2026-10-05T21:19:06Z,M,23,available,False,BFI IMAX M 23
2026-10-05T21:19:06Z,M,22,available,False,BFI IMAX M 22
2026-10-05T21:19:06Z,M,21,available,False,BFI IMAX M 21
2026-10-05T21:19:06Z,M,20,available,False,BFI IMAX M 20
2026-10-05T21:19:06Z,M,19,sold,False,BFI IMAX M 19
2026-10-05T21:19:06Z,M,18,sold,False,BFI IMAX M 18
2026-10-05T21:19:06Z,M,17,sold,False,BFI IMAX M 17
2026-10-05T21:19:06Z,M,16,available,False,BFI IMAX M 16
2026-10-05T21:19:06Z,P,27,available,True,BFI IMAX P 27
2026-10-05T21:19:06Z,P,26,unavailable,False,BFI IMAX P 26
2026-10-05T21:19:06Z,P,6,unavailable,False,BFI IMAX P 6
2026-10-05T21:19:06Z,P,5,available,True,BFI IMAX P 5
2026-10-05T21:19:06Z,P,31,unavailable,False,BFI IMAX P 31
2026-10-05T21:19:06Z,P,30,available,True,BFI IMAX P 30
2026-10-05T21:19:06Z,P,2,available,True,BFI IMAX P 2
2026-10-05T21:19:06Z,P,1,unavailable,False,BFI IMAX P 1
2026-10-05T21:19:06Z,P,21,available,False,BFI IMAX P 21
2026-10-05T21:19:06Z,P,20,available,False,BFI IMAX P 20
2026-10-05T21:19:06Z,P,19,available,False,BFI IMAX P 19
2026-10-05T21:19:06Z,P,18,available,False,BFI IMAX P 18
2026-10-05T21:19:06Z,P,17,available,False,BFI IMAX P 17
2026-10-05T21:19:06Z,P,16,available,False,BFI IMAX P 16
2026-10-05T21:19:06Z,P,15,available,False,BFI IMAX P 15
2026-10-05T21:19:06Z,P,14,available,False,BFI IMAX P 14
2026-10-05T21:19:06Z,P,13,available,False,BFI IMAX P 13
2026-10-05T21:19:06Z,P,12,available,False,BFI IMAX P 12
2026-10-05T21:19:06Z,P,11,available,False,BFI IMAX P 11
2026-10-05T21:19:06Z,P,9,available,False,BFI IMAX P 9
2026-10-05T21:19:06Z,P,8,available,False,BFI IMAX P 8
2026-10-05T21:19:06Z,P,7,sold,False,BFI IMAX P 7
2026-10-05T21:19:06Z,P,10,available,False,BFI IMAX P 10
2026-10-05T21:19:06Z,P,25,available,False,BFI IMAX P 25
2026-10-05T21:19:06Z,P,24,available,False,BFI IMAX P 24
2026-10-05T21:19:06Z,P,23,available,False,BFI IMAX P 23
2026-10-05T21:19:06Z,P,22,available,False,BFI IMAX P 22
2026-10-05T21:19:06Z,Q,18,sold,False,BFI IMAX Q 18
2026-10-05T21:19:06Z,Q,17,available,False,BFI IMAX Q 17
2026-10-05T21:19:06Z,Q,16,available,False,BFI IMAX Q 16
2026-10-05T21:19:06Z,Q,15,available,False,BFI IMAX Q 15
2026-10-05T21:19:06Z,Q,14,available,False,BFI IMAX Q 14
2026-10-05T21:19:06Z,Q,13,available,False,BFI IMAX Q 13
2026-10-05T21:19:06Z,Q,12,available,False,BFI IMAX Q 12
2026-10-05T21:19:06Z,Q,11,available,False,BFI IMAX Q 11
2026-10-05T21:19:06Z,Q,10,available,False,BFI IMAX Q 10
2026-10-05T21:19:06Z,Q,9,sold,False,BFI IMAX Q 9
2026-10-05T21:19:06Z,Q,8,sold,False,BFI IMAX Q 8
2026-10-05T21:19:06Z,Q,7,sold,False,BFI IMAX Q 7
2026-10-05T21:19:06Z,Q,6,available,False,BFI IMAX Q 6
2026-10-05T21:19:06Z,Q,5,available,False,BFI IMAX Q 5
2026-10-05T21:19:06Z,Q,4,available,False,BFI IMAX Q 4
2026-10-05T21:19:06Z,Q,3,available,False,BFI IMAX Q 3
2026-10-05T21:19:06Z,Q,2,available,False,BFI IMAX Q 2
2026-10-05T21:19:06Z,Q,1,available,False,BFI IMAX Q 1
2026-10-06T01:48:48Z,K,27,sold,False,BFI IMAX K 27
2026-10-06T01:48:48Z,K,26,unavailable,False,BFI IMAX K 26
2026-10-06T01:48:48Z,P,29,available,True,BFI IMAX P 29
2026-10-06T01:48:48Z,P,28,available,True,BFI IMAX P 28
2026-10-06T01:48:48Z,P,4,available,True,BFI IMAX P 4
2026-10-06T01:48:48Z,P,3,available,True,BFI IMAX P 3
2026-10-06T01:48:48Z,A,7,available,False,BFI IMAX A 7
2026-10-06T01:48:48Z,A,6,available,False,BFI IMAX A 6
2026-10-06T01:48:48Z,A,5,available,False,BFI IMAX A 5
2026-10-06T01:48:48Z,A,4,available,False,BFI IMAX A 4
2026-10-06T01:48:48Z,A,3,available,False,BFI IMAX A 3
2026-10-06T01:48:48Z,A,2,available,False,BFI IMAX A 2
2026-10-06T01:48:48Z,A,1,available,False,BFI IMAX A 1
2026-10-06T01:48:48Z,B,36,available,False,BFI IMAX B 36
2026-10-06T01:48:48Z,B,35,available,False,BFI IMAX B 35
2026-10-06T01:48:48Z,B,34,available,False,BFI IMAX B 34
2026-10-06T01:48:48Z,B,33,available,False,BFI IMAX B 33
2026-10-06T01:48:48Z,B,32,available,False,BFI IMAX B 32
2026-10-06T01:48:48Z,B,31,available,False,BFI IMAX B 31
2026-10-06T01:48:48Z,B,30,available,False,BFI IMAX B 30
2026-10-06T01:48:48Z,B,29,available,False,BFI IMAX B 29
2026-10-06T01:48:48Z,B,28,available,False,BFI IMAX B 28
2026-10-06T01:48:48Z,B,27,available,False,BFI IMAX B 27
2026-10-06T01:48:48Z,B,26,available,False,BFI IMAX B 26
2026-10-06T01:48:48Z,B,25,available,False,BFI IMAX B 25
2026-10-06T01:48:48Z,B,24,available,False,BFI IMAX B 24
2026-10-06T01:48:48Z,B,23,available,False,BFI IMAX B 23
2026-10-06T01:48:48Z,B,22,available,False,BFI IMAX B 22
2026-10-06T01:48:48Z,B,21,available,False,BFI IMAX B 21
2026-10-06T01:48:48Z,B,20,available,False,BFI IMAX B 20
2026-10-06T01:48:48Z,B,19,available,False,BFI IMAX B 19
2026-10-06T01:48:48Z,B,18,available,False,BFI IMAX B 18
2026-10-06T01:48:48Z,B,17,available,False,BFI IMAX B 17
2026-10-06T01:48:48Z,B,16,available,False,BFI IMAX B 16
2026-10-06T01:48:48Z,B,15,available,False,BFI IMAX B 15
2026-10-06T01:48:48Z,B,14,available,False,BFI IMAX B 14
2026-10-06T01:48:48Z,B,13,available,False,BFI IMAX B 13
2026-10-06T01:48:48Z,B,12,available,False,BFI IMAX B 12
2026-10-06T01:48:48Z,B,11,available,False,BFI IMAX B 11
2026-10-06T01:48:48Z,B,10,available,False,BFI IMAX B 10
2026-10-06T01:48:48Z,B,9,available,False,BFI IMAX B 9
2026-10-06T01:48:48Z,B,8,available,False,BFI IMAX B 8
2026-10-06T01:48:48Z,B,7,available,False,BFI IMAX B 7
2026-10-06T01:48:48Z,B,6,available,False,BFI IMAX B 6
2026-10-06T01:48:48Z,B,5,available,False,BFI IMAX B 5
2026-10-06T01:48:48Z,B,4,available,False,BFI IMAX B 4
2026-10-06T01:48:48Z,B,3,available,False,BFI IMAX B 3
2026-10-06T01:48:48Z,B,2,available,False,BFI IMAX B 2
2026-10-06T01:48:48Z,B,1,available,False,BFI IMAX B 1
2026-10-06T01:48:48Z,C,36,available,False,BFI IMAX C 36
2026-10-06T01:48:48Z,C,35,available,False,BFI IMAX C 35
2026-10-06T01:48:48Z,C,34,available,False,BFI IMAX C 34
2026-10-06T01:48:48Z,C,33,available,False,BFI IMAX C 33
2026-10-06T01:48:48Z,C,32,available,False,BFI IMAX C 32
2026-10-06T01:48:48Z,C,31,available,False,BFI IMAX C 31
2026-10-06T01:48:48Z,C,30,available,False,BFI IMAX C 30
2026-10-06T01:48:48Z,C,29,available,False,BFI IMAX C 29
2026-10-06T01:48:48Z,C,28,available,False,BFI IMAX C 28
2026-10-06T01:48:48Z,C,27,available,False,BFI IMAX C 27
2026-10-06T01:48:48Z,C,26,available,False,BFI IMAX C 26
2026-10-06T01:48:48Z,C,25,sold,False,BFI IMAX C 25
2026-10-06T01:48:48Z,C,24,available,False,BFI IMAX C 24
2026-10-06T01:48:48Z,C,23,available,False,BFI IMAX C 23
2026-10-06T01:48:48Z,C,22,available,False,BFI IMAX C 22
2026-10-06T01:48:48Z,C,21,available,False,BFI IMAX C 21
2026-10-06T01:48:48Z,C,20,available,False,BFI IMAX C 20
2026-10-06T01:48:48Z,C,19,available,False,BFI IMAX C 19
2026-10-06T01:48:48Z,C,18,available,False,BFI IMAX C 18
2026-10-06T01:48:48Z,C,17,available,False,BFI IMAX C 17
2026-10-06T01:48:48Z,C,16,available,False,BFI IMAX C 16
2026-10-06T01:48:48Z,C,15,available,False,BFI IMAX C 15
2026-10-06T01:48:48Z,C,14,available,False,BFI IMAX C 14
2026-10-06T01:48:48Z,C,13,available,False,BFI IMAX C 13
2026-10-06T01:48:48Z,C,12,available,False,BFI IMAX C 12
2026-10-06T01:48:48Z,C,11,available,False,BFI IMAX C 11
2026-10-06T01:48:48Z,C,10,available,False,BFI IMAX C 10
2026-10-06T01:48:48Z,C,9,available,False,BFI IMAX C 9
2026-10-06T01:48:48Z,C,8,available,False,BFI IMAX C 8
2026-10-06T01:48:48Z,C,7,available,False,BFI IMAX C 7
2026-10-06T01:48:48Z,C,6,available,False,BFI IMAX C 6
2026-10-06T01:48:48Z,C,5,available,False,BFI IMAX C 5
2026-10-06T01:48:48Z,C,4,available,False,BFI IMAX C 4
2026-10-06T01:48:48Z,C,3,available,False,BFI IMAX C 3
2026-10-06T01:48:48Z,C,2,available,False,BFI IMAX C 2
2026-10-06T01:48:48Z,C,1,available,False,BFI IMAX C 1
2026-10-06T01:48:48Z,D,37,available,False,BFI IMAX D 37
2026-10-06T01:48:48Z,D,36,available,False,BFI IMAX D 36
2026-10-06T01:48:48Z,D,35,available,False,BFI IMAX D 35
2026-10-06T01:48:48Z,D,34,available,False,BFI IMAX D 34
2026-10-06T01:48:48Z,D,33,available,False,BFI IMAX D 33
2026-10-06T01:48:48Z,D,32,available,False,BFI IMAX D 32
2026-10-06T01:48:48Z,D,31,available,False,BFI IMAX D 31
2026-10-06T01:48:48Z,D,30,available,False,BFI IMAX D 30
2026-10-06T01:48:48Z,D,29,available,False,BFI IMAX D 29
2026-10-06T01:48:48Z,D,28,available,False,BFI IMAX D 28
2026-10-06T01:48:48Z,D,27,available,False,BFI IMAX D 27
2026-10-06T01:48:48Z,D,26,available,False,BFI IMAX D 26
2026-10-06T01:48:48Z,D,25,available,False,BFI IMAX D 25
2026-10-06T01:48:48Z,D,24,available,False,BFI IMAX D 24
2026-10-06T01:48:48Z,D,23,available,False,BFI IMAX D 23
2026-10-06T01:48:48Z,D,22,available,False,BFI IMAX D 22
2026-10-06T01:48:48Z,D,21,available,False,BFI IMAX D 21
2026-10-06T01:48:48Z,D,20,available,False,BFI IMAX D 20
2026-10-06T01:48:48Z,D,19,available,False,BFI IMAX D 19
2026-10-06T01:48:48Z,D,18,available,False,BFI IMAX D 18
2026-10-06T01:48:48Z,D,17,available,False,BFI IMAX D 17
2026-10-06T01:48:48Z,D,16,available,False,BFI IMAX D 16
2026-10-06T01:48:48Z,D,15,available,False,BFI IMAX D 15
2026-10-06T01:48:48Z,D,14,available,False,BFI IMAX D 14
2026-10-06T01:48:48Z,D,13,available,False,BFI IMAX D 13
2026-10-06T01:48:48Z,D,12,available,False,BFI IMAX D 12
2026-10-06T01:48:48Z,D,11,available,False,BFI IMAX D 11
2026-10-06T01:48:48Z,D,10,available,False,BFI IMAX D 10
2026-10-06T01:48:48Z,D,9,available,False,BFI IMAX D 9
2026-10-06T01:48:48Z,D,8,available,False,BFI IMAX D 8
2026-10-06T01:48:48Z,D,7,available,False,BFI IMAX D 7
2026-10-06T01:48:48Z,D,6,available,False,BFI IMAX D 6
2026-10-06T01:48:48Z,D,5,available,False,BFI IMAX D 5
2026-10-06T01:48:48Z,D,4,available,False,BFI IMAX D 4
2026-10-06T01:48:48Z,D,3,available,False,BFI IMAX D 3
2026-10-06T01:48:48Z,D,2,available,False,BFI IMAX D 2
2026-10-06T01:48:48Z,D,1,available,False,BFI IMAX D 1
2026-10-06T01:48:48Z,E,37,available,False,BFI IMAX E 37
2026-10-06T01:48:48Z,E,36,available,False,BFI IMAX E 36
2026-10-06T01:48:48Z,E,35,available,False,BFI IMAX E 35
2026-10-06T01:48:48Z,E,34,available,False,BFI IMAX E 34
2026-10-06T01:48:48Z,E,33,available,False,BFI IMAX E 33
2026-10-06T01:48:48Z,E,32,available,False,BFI IMAX E 32
2026-10-06T01:48:48Z,E,31,available,False,BFI IMAX E 31
2026-10-06T01:48:48Z,E,30,available,False,BFI IMAX E 30
2026-10-06T01:48:48Z,E,29,available,False,BFI IMAX E 29
2026-10-06T01:48:48Z,E,28,available,False,BFI IMAX E 28
2026-10-06T01:48:48Z,E,27,available,False,BFI IMAX E 27
2026-10-06T01:48:48Z,E,26,available,False,BFI IMAX E 26
2026-10-06T01:48:48Z,E,25,available,False,BFI IMAX E 25
2026-10-06T01:48:48Z,E,24,available,False,BFI IMAX E 24
2026-10-06T01:48:48Z,E,23,available,False,BFI IMAX E 23
2026-10-06T01:48:48Z,E,22,available,False,BFI IMAX E 22
2026-10-06T01:48:48Z,E,21,available,False,BFI IMAX E 21
2026-10-06T01:48:48Z,E,20,available,False,BFI IMAX E 20
2026-10-06T01:48:48Z,E,19,available,False,BFI IMAX E 19
2026-10-06T01:48:48Z,E,18,available,False,BFI IMAX E 18
2026-10-06T01:48:48Z,E,17,available,False,BFI IMAX E 17
2026-10-06T01:48:48Z,E,16,available,False,BFI IMAX E 16
2026-10-06T01:48:48Z,E,15,available,False,BFI IMAX E 15
2026-10-06T01:48:48Z,E,14,available,False,BFI IMAX E 14
2026-10-06T01:48:48Z,E,13,available,False,BFI IMAX E 13
2026-10-06T01:48:48Z,E,12,available,False,BFI IMAX E 12
2026-10-06T01:48:48Z,E,11,available,False,BFI IMAX E 11
2026-10-06T01:48:48Z,E,10,available,False,BFI IMAX E 10
2026-10-06T01:48:48Z,E,9,available,False,BFI IMAX E 9
2026-10-06T01:48:48Z,E,8,available,False,BFI IMAX E 8
2026-10-06T01:48:48Z,E,7,available,False,BFI IMAX E 7
2026-10-06T01:48:48Z,E,6,available,False,BFI IMAX E 6
2026-10-06T01:48:48Z,E,5,available,False,BFI IMAX E 5
2026-10-06T01:48:48Z,E,4,available,False,BFI IMAX E 4
2026-10-06T01:48:48Z,E,3,available,False,BFI IMAX E 3
2026-10-06T01:48:48Z,E,2,available,False,BFI IMAX E 2
2026-10-06T01:48:48Z,E,1,available,False,BFI IMAX E 1
2026-10-06T01:48:48Z,F,38,available,False,BFI IMAX F 38
2026-10-06T01:48:48Z,F,37,available,False,BFI IMAX F 37
2026-10-06T01:48:48Z,F,36,available,False,BFI IMAX F 36
2026-10-06T01:48:48Z,F,35,available,False,BFI IMAX F 35
2026-10-06T01:48:48Z,F,34,available,False,BFI IMAX F 34
2026-10-06T01:48:48Z,F,33,available,False,BFI IMAX F 33
2026-10-06T01:48:48Z,F,32,available,False,BFI IMAX F 32
2026-10-06T01:48:48Z,F,31,available,False,BFI IMAX F 31
2026-10-06T01:48:48Z,F,30,available,False,BFI IMAX F 30
2026-10-06T01:48:48Z,F,29,available,False,BFI IMAX F 29
2026-10-06T01:48:48Z,F,28,available,False,BFI IMAX F 28
2026-10-06T01:48:48Z,F,27,available,False,BFI IMAX F 27
2026-10-06T01:48:48Z,F,26,available,False,BFI IMAX F 26
2026-10-06T01:48:48Z,F,25,available,False,BFI IMAX F 25
2026-10-06T01:48:48Z,F,24,available,False,BFI IMAX F 24
2026-10-06T01:48:48Z,F,23,available,False,BFI IMAX F 23
2026-10-06T01:48:48Z,F,22,available,False,BFI IMAX F 22
2026-10-06T01:48:48Z,F,21,available,False,BFI IMAX F 21
2026-10-06T01:48:48Z,F,20,available,False,BFI IMAX F 20
2026-10-06T01:48:48Z,F,19,available,False,BFI IMAX F 19
2026-10-06T01:48:48Z,F,18,available,False,BFI IMAX F 18
2026-10-06T01:48:48Z,F,17,available,False,BFI IMAX F 17
2026-10-06T01:48:48Z,F,16,available,False,BFI IMAX F 16
2026-10-06T01:48:48Z,F,15,available,False,BFI IMAX F 15
2026-10-06T01:48:48Z,F,14,available,False,BFI IMAX F 14
2026-10-06T01:48:48Z,F,13,available,False,BFI IMAX F 13
2026-10-06T01:48:48Z,F,12,available,False,BFI IMAX F 12
2026-10-06T01:48:48Z,F,11,available,False,BFI IMAX F 11
2026-10-06T01:48:48Z,F,10,available,False,BFI IMAX F 10
2026-10-06T01:48:48Z,F,9,available,False,BFI IMAX F 9
2026-10-06T01:48:48Z,F,8,available,False,BFI IMAX F 8
2026-10-06T01:48:48Z,F,7,available,False,BFI IMAX F 7
2026-10-06T01:48:48Z,F,6,available,False,BFI IMAX F 6
2026-10-06T01:48:48Z,F,5,available,False,BFI IMAX F 5
2026-10-06T01:48:48Z,F,4,available,False,BFI IMAX F 4
2026-10-06T01:48:48Z,F,3,available,False,BFI IMAX F 3
2026-10-06T01:48:48Z,F,2,available,False,BFI IMAX F 2
2026-10-06T01:48:48Z,F,1,available,False,BFI IMAX F 1
2026-10-06T01:48:48Z,G,37,available,False,BFI IMAX G 37
2026-10-06T01:48:48Z,G,36,available,False,BFI IMAX G 36
2026-10-06T01:48:48Z,G,35,available,False,BFI IMAX G 35
2026-10-06T01:48:48Z,G,34,available,False,BFI IMAX G 34
2026-10-06T01:48:48Z,G,33,available,False,BFI IMAX G 33
2026-10-06T01:48:48Z,G,32,available,False,BFI IMAX G 32
2026-10-06T01:48:48Z,G,31,available,False,BFI IMAX G 31
2026-10-06T01:48:48Z,G,30,available,False,BFI IMAX G 30
2026-10-06T01:48:48Z,G,29,available,False,BFI IMAX G 29
2026-10-06T01:48:48Z,G,28,available,False,BFI IMAX G 28
2026-10-06T01:48:48Z,G,27,available,False,BFI IMAX G 27
2026-10-06T01:48:48Z,G,26,available,False,BFI IMAX G 26
2026-10-06T01:48:48Z,G,25,available,False,BFI IMAX G 25
2026-10-06T01:48:48Z,G,24,available,False,BFI IMAX G 24
2026-10-06T01:48:48Z,G,23,available,False,BFI IMAX G 23
2026-10-06T01:48:48Z,G,22,available,False,BFI IMAX G 22
2026-10-06T01:48:48Z,G,21,available,False,BFI IMAX G 21
2026-10-06T01:48:48Z,G,20,available,False,BFI IMAX G 20
2026-10-06T01:48:48Z,G,19,available,False,BFI IMAX G 19
2026-10-06T01:48:48Z,G,18,available,False,BFI IMAX G 18
2026-10-06T01:48:48Z,G,17,available,False,BFI IMAX G 17
2026-10-06T01:48:48Z,G,16,available,False,BFI IMAX G 16
2026-10-06T01:48:48Z,G,15,available,False,BFI IMAX G 15
2026-10-06T01:48:48Z,G,14,available,False,BFI IMAX G 14
2026-10-06T01:48:48Z,G,13,available,False,BFI IMAX G 13
2026-10-06T01:48:48Z,G,12,available,False,BFI IMAX G 12
2026-10-06T01:48:48Z,G,11,available,False,BFI IMAX G 11
2026-10-06T01:48:48Z,G,10,available,False,BFI IMAX G 10
2026-10-06T01:48:48Z,G,9,available,False,BFI IMAX G 9
2026-10-06T01:48:48Z,G,8,available,False,BFI IMAX G 8
2026-10-06T01:48:48Z,G,7,available,False,BFI IMAX G 7
2026-10-06T01:48:48Z,G,6,available,False,BFI IMAX G 6
2026-10-06T01:48:48Z,G,5,available,False,BFI IMAX G 5
2026-10-06T01:48:48Z,G,4,available,False,BFI IMAX G 4
2026-10-06T01:48:48Z,G,3,available,False,BFI IMAX G 3
2026-10-06T01:48:48Z,G,2,available,False,BFI IMAX G 2
2026-10-06T01:48:48Z,G,1,available,False,BFI IMAX G 1
2026-10-06T01:48:48Z,H,37,available,False,BFI IMAX H 37
2026-10-06T01:48:48Z,H,36,available,False,BFI IMAX H 36
2026-10-06T01:48:48Z,H,35,available,False,BFI IMAX H 35
2026-10-06T01:48:48Z,H,34,available,False,BFI IMAX H 34
2026-10-06T01:48:48Z,H,33,available,False,BFI IMAX H 33
2026-10-06T01:48:48Z,H,32,available,False,BFI IMAX H 32
2026-10-06T01:48:48Z,H,31,available,False,BFI IMAX H 31
2026-10-06T01:48:48Z,H,30,available,False,BFI IMAX H 30
2026-10-06T01:48:48Z,H,29,available,False,BFI IMAX H 29
2026-10-06T01:48:48Z,H,28,available,False,BFI IMAX H 28
2026-10-06T01:48:48Z,H,27,available,False,BFI IMAX H 27
2026-10-06T01:48:48Z,H,26,available,False,BFI IMAX H 26
2026-10-06T01:48:48Z,H,25,available,False,BFI IMAX H 25
2026-10-06T01:48:48Z,H,24,available,False,BFI IMAX H 24
2026-10-06T01:48:48Z,H,23,available,False,BFI IMAX H 23
2026-10-06T01:48:48Z,H,22,available,False,BFI IMAX H 22
2026-10-06T01:48:48Z,H,21,available,False,BFI IMAX H 21
2026-10-06T01:48:48Z,H,20,available,False,BFI IMAX H 20
2026-10-06T01:48:48Z,H,19,sold,False,BFI IMAX H 19
2026-10-06T01:48:48Z,H,18,sold,False,BFI IMAX H 18
2026-10-06T01:48:48Z,H,17,available,False,BFI IMAX H 17
2026-10-06T01:48:48Z,H,16,available,False,BFI IMAX H 16
2026-10-06T01:48:48Z,H,15,available,False,BFI IMAX H 15
2026-10-06T01:48:48Z,H,14,available,False,BFI IMAX H 14
2026-10-06T01:48:48Z,H,13,available,False,BFI IMAX H 13
2026-10-06T01:48:48Z,H,12,available,False,BFI IMAX H 12
2026-10-06T01:48:48Z,H,11,available,False,BFI IMAX H 11
2026-10-06T01:48:48Z,H,10,available,False,BFI IMAX H 10
2026-10-06T01:48:48Z,H,9,available,False,BFI IMAX H 9
2026-10-06T01:48:48Z,H,8,available,False,BFI IMAX H 8
2026-10-06T01:48:48Z,H,7,available,False,BFI IMAX H 7
2026-10-06T01:48:48Z,H,6,available,False,BFI IMAX H 6
2026-10-06T01:48:48Z,H,5,available,False,BFI IMAX H 5
2026-10-06T01:48:48Z,H,4,available,False,BFI IMAX H 4
2026-10-06T01:48:48Z,H,3,available,False,BFI IMAX H 3
2026-10-06T01:48:48Z,H,2,available,False,BFI IMAX H 2
2026-10-06T01:48:48Z,H,1,available,False,BFI IMAX H 1
2026-10-06T01:48:48Z,J,36,available,False,BFI IMAX J 36
2026-10-06T01:48:48Z,J,35,available,False,BFI IMAX J 35
2026-10-06T01:48:48Z,J,34,available,False,BFI IMAX J 34
2026-10-06T01:48:48Z,J,33,available,False,BFI IMAX J 33
2026-10-06T01:48:48Z,J,32,available,False,BFI IMAX J 32
2026-10-06T01:48:48Z,J,31,available,False,BFI IMAX J 31
2026-10-06T01:48:48Z,J,30,available,False,BFI IMAX J 30
2026-10-06T01:48:48Z,J,29,available,False,BFI IMAX J 29
2026-10-06T01:48:48Z,J,28,available,False,BFI IMAX J 28
2026-10-06T01:48:48Z,J,27,available,False,BFI IMAX J 27
2026-10-06T01:48:48Z,J,26,available,False,BFI IMAX J 26
2026-10-06T01:48:48Z,J,25,available,False,BFI IMAX J 25
2026-10-06T01:48:48Z,J,24,available,False,BFI IMAX J 24
2026-10-06T01:48:48Z,J,23,available,False,BFI IMAX J 23
2026-10-06T01:48:48Z,J,22,available,False,BFI IMAX J 22
2026-10-06T01:48:48Z,J,21,available,False,BFI IMAX J 21
2026-10-06T01:48:48Z,J,20,sold,False,BFI IMAX J 20
2026-10-06T01:48:48Z,J,19,sold,False,BFI IMAX J 19
2026-10-06T01:48:48Z,J,18,available,False,BFI IMAX J 18
2026-10-06T01:48:48Z,J,17,available,False,BFI IMAX J 17
2026-10-06T01:48:48Z,J,16,available,False,BFI IMAX J 16
2026-10-06T01:48:48Z,J,15,available,False,BFI IMAX J 15
2026-10-06T01:48:48Z,J,14,available,False,BFI IMAX J 14
2026-10-06T01:48:48Z,J,13,available,False,BFI IMAX J 13
2026-10-06T01:48:48Z,J,12,available,False,BFI IMAX J 12
2026-10-06T01:48:48Z,J,11,available,False,BFI IMAX J 11
2026-10-06T01:48:48Z,J,10,available,False,BFI IMAX J 10
2026-10-06T01:48:48Z,J,9,available,False,BFI IMAX J 9
2026-10-06T01:48:48Z,J,8,available,False,BFI IMAX J 8
2026-10-06T01:48:48Z,J,7,available,False,BFI IMAX J 7
2026-10-06T01:48:48Z,J,6,available,False,BFI IMAX J 6
2026-10-06T01:48:48Z,J,5,available,False,BFI IMAX J 5
2026-10-06T01:48:48Z,J,4,available,False,BFI IMAX J 4
2026-10-06T01:48:48Z,J,3,available,False,BFI IMAX J 3
2026-10-06T01:48:48Z,J,2,available,False,BFI IMAX J 2
2026-10-06T01:48:48Z,J,1,available,False,BFI IMAX J 1
2026-10-06T01:48:48Z,K,36,available,False,BFI IMAX K 36
2026-10-06T01:48:48Z,K,35,available,False,BFI IMAX K 35
2026-10-06T01:48:48Z,K,34,available,False,BFI IMAX K 34
2026-10-06T01:48:48Z,K,33,available,False,BFI IMAX K 33
2026-10-06T01:48:48Z,K,32,available,False,BFI IMAX K 32
2026-10-06T01:48:48Z,K,31,available,False,BFI IMAX K 31
2026-10-06T01:48:48Z,K,30,available,False,BFI IMAX K 30
2026-10-06T01:48:48Z,K,29,available,False,BFI IMAX K 29
2026-10-06T01:48:48Z,K,28,available,False,BFI IMAX K 28
2026-10-06T01:48:48Z,A,13,available,False,BFI IMAX A 13
2026-10-06T01:48:48Z,A,12,available,False,BFI IMAX A 12
2026-10-06T01:48:48Z,K,25,available,False,BFI IMAX K 25
2026-10-06T01:48:48Z,K,24,available,False,BFI IMAX K 24
2026-10-06T01:48:48Z,K,23,available,False,BFI IMAX K 23
2026-10-06T01:48:48Z,K,22,available,False,BFI IMAX K 22
2026-10-06T01:48:48Z,K,21,available,False,BFI IMAX K 21
2026-10-06T01:48:48Z,K,20,available,False,BFI IMAX K 20
2026-10-06T01:48:48Z,K,19,sold,False,BFI IMAX K 19
2026-10-06T01:48:48Z,K,18,sold,False,BFI IMAX K 18
2026-10-06T01:48:48Z,K,17,available,False,BFI IMAX K 17
2026-10-06T01:48:48Z,K,16,available,False,BFI IMAX K 16
2026-10-06T01:48:48Z,K,15,available,False,BFI IMAX K 15
2026-10-06T01:48:48Z,K,14,available,False,BFI IMAX K 14
2026-10-06T01:48:48Z,K,13,available,False,BFI IMAX K 13
2026-10-06T01:48:48Z,K,12,available,False,BFI IMAX K 12
2026-10-06T01:48:48Z,K,11,available,False,BFI IMAX K 11
2026-10-06T01:48:48Z,K,10,available,False,BFI IMAX K 10
2026-10-06T01:48:48Z,K,9,available,False,BFI IMAX K 9
2026-10-06T01:48:48Z,K,8,available,False,BFI IMAX K 8
2026-10-06T01:48:48Z,K,7,available,False,BFI IMAX K 7
2026-10-06T01:48:48Z,K,6,available,False,BFI IMAX K 6
2026-10-06T01:48:48Z,K,5,available,False,BFI IMAX K 5
2026-10-06T01:48:48Z,K,4,available,False,BFI IMAX K 4
2026-10-06T01:48:48Z,K,3,available,False,BFI IMAX K 3
2026-10-06T01:48:48Z,K,2,available,False,BFI IMAX K 2
2026-10-06T01:48:48Z,K,1,available,False,BFI IMAX K 1
2026-10-06T01:48:48Z,L,33,available,False,BFI IMAX L 33
2026-10-06T01:48:48Z,L,32,available,False,BFI IMAX L 32
2026-10-06T01:48:48Z,L,31,available,False,BFI IMAX L 31
2026-10-06T01:48:48Z,L,30,available,False,BFI IMAX L 30
2026-10-06T01:48:48Z,L,29,available,False,BFI IMAX L 29
2026-10-06T01:48:48Z,L,28,available,False,BFI IMAX L 28
2026-10-06T01:48:48Z,L,27,available,False,BFI IMAX L 27
2026-10-06T01:48:48Z,L,26,available,False,BFI IMAX L 26
2026-10-06T01:48:48Z,L,8,available,False,BFI IMAX L 8
2026-10-06T01:48:48Z,L,7,available,False,BFI IMAX L 7
2026-10-06T01:48:48Z,L,6,available,False,BFI IMAX L 6
2026-10-06T01:48:48Z,L,5,available,False,BFI IMAX L 5
2026-10-06T01:48:48Z,L,4,available,False,BFI IMAX L 4
2026-10-06T01:48:48Z,L,3,available,False,BFI IMAX L 3
2026-10-06T01:48:48Z,L,2,available,False,BFI IMAX L 2
2026-10-06T01:48:48Z,L,1,available,False,BFI IMAX L 1
2026-10-06T01:48:48Z,M,34,available,False,BFI IMAX M 34
2026-10-06T01:48:48Z,M,33,available,False,BFI IMAX M 33
2026-10-06T01:48:48Z,M,32,available,False,BFI IMAX M 32
2026-10-06T01:48:48Z,M,31,available,False,BFI IMAX M 31
2026-10-06T01:48:48Z,M,30,available,False,BFI IMAX M 30
2026-10-06T01:48:48Z,M,29,available,False,BFI IMAX M 29
2026-10-06T01:48:48Z,M,28,available,False,BFI IMAX M 28
2026-10-06T01:48:48Z,M,27,sold,False,BFI IMAX M 27
2026-10-06T01:48:48Z,M,8,available,False,BFI IMAX M 8
2026-10-06T01:48:48Z,M,7,available,False,BFI IMAX M 7
2026-10-06T01:48:48Z,M,6,available,False,BFI IMAX M 6
2026-10-06T01:48:48Z,M,5,available,False,BFI IMAX M 5
2026-10-06T01:48:48Z,M,4,available,False,BFI IMAX M 4
2026-10-06T01:48:48Z,M,3,available,False,BFI IMAX M 3
2026-10-06T01:48:48Z,M,2,available,False,BFI IMAX M 2
2026-10-06T01:48:48Z,M,1,available,False,BFI IMAX M 1
2026-10-06T01:48:48Z,N,34,unavailable,False,BFI IMAX N 34
2026-10-06T01:48:48Z,N,33,unavailable,False,BFI IMAX N 33
2026-10-06T01:48:48Z,N,32,unavailable,False,BFI IMAX N 32
2026-10-06T01:48:48Z,N,31,unavailable,False,BFI IMAX N 31
2026-10-06T01:48:48Z,N,30,unavailable,False,BFI IMAX N 30
2026-10-06T01:48:48Z,N,29,unavailable,False,BFI IMAX N 29
2026-10-06T01:48:48Z,N,28,unavailable,False,BFI IMAX N 28
2026-10-06T01:48:48Z,N,27,unavailable,False,BFI IMAX N 27
2026-10-06T01:48:48Z,N,8,available,False,BFI IMAX N 8
2026-10-06T01:48:48Z,N,7,available,False,BFI IMAX N 7
2026-10-06T01:48:48Z,N,6,available,False,BFI IMAX N 6
2026-10-06T01:48:48Z,N,5,available,False,BFI IMAX N 5
2026-10-06T01:48:48Z,N,4,available,False,BFI IMAX N 4
2026-10-06T01:48:48Z,N,3,available,False,BFI IMAX N 3
2026-10-06T01:48:48Z,N,2,available,False,BFI IMAX N 2
2026-10-06T01:48:48Z,N,1,available,False,BFI IMAX N 1
2026-10-06T01:48:48Z,A,11,available,False,BFI IMAX A 11
2026-10-06T01:48:48Z,A,10,available,False,BFI IMAX A 10
2026-10-06T01:48:48Z,A,9,available,False,BFI IMAX A 9
2026-10-06T01:48:48Z,A,8,available,False,BFI IMAX A 8
2026-10-06T01:48:48Z,M,15,available,False,BFI IMAX M 15
2026-10-06T01:48:48Z,M,14,available,False,BFI IMAX M 14
2026-10-06T01:48:48Z,M,13,available,False,BFI IMAX M 13
2026-10-06T01:48:48Z,M,12,available,False,BFI IMAX M 12
2026-10-06T01:48:48Z,M,11,available,False,BFI IMAX M 11
2026-10-06T01:48:48Z,M,10,available,False,BFI IMAX M 10
2026-10-06T01:48:48Z,M,9,available,False,BFI IMAX M 9
2026-10-06T01:48:48Z,L,9,available,False,BFI IMAX L 9
2026-10-06T01:48:48Z,L,25,available,False,BFI IMAX L 25
2026-10-06T01:48:48Z,L,24,available,False,BFI IMAX L 24
2026-10-06T01:48:48Z,L,23,available,False,BFI IMAX L 23
2026-10-06T01:48:48Z,L,22,available,False,BFI IMAX L 22
2026-10-06T01:48:48Z,L,21,available,False,BFI IMAX L 21
2026-10-06T01:48:48Z,L,20,available,False,BFI IMAX L 20
2026-10-06T01:48:48Z,L,19,available,False,BFI IMAX L 19
2026-10-06T01:48:48Z,L,18,sold,False,BFI IMAX L 18
2026-10-06T01:48:48Z,L,17,sold,False,BFI IMAX L 17
2026-10-06T01:48:48Z,L,16,available,False,BFI IMAX L 16
2026-10-06T01:48:48Z,L,15,available,False,BFI IMAX L 15
2026-10-06T01:48:48Z,L,14,available,False,BFI IMAX L 14
2026-10-06T01:48:48Z,L,13,available,False,BFI IMAX L 13
2026-10-06T01:48:48Z,L,12,available,False,BFI IMAX L 12
2026-10-06T01:48:48Z,L,11,available,False,BFI IMAX L 11
2026-10-06T01:48:48Z,N,26,unavailable,False,BFI IMAX N 26
2026-10-06T01:48:48Z,N,25,unavailable,False,BFI IMAX N 25
2026-10-06T01:48:48Z,N,24,unavailable,False,BFI IMAX N 24
2026-10-06T01:48:48Z,N,23,unavailable,False,BFI IMAX N 23
2026-10-06T01:48:48Z,N,22,available,False,BFI IMAX N 22
2026-10-06T01:48:48Z,N,21,available,False,BFI IMAX N 21
2026-10-06T01:48:48Z,N,20,available,False,BFI IMAX N 20
2026-10-06T01:48:48Z,N,19,available,False,BFI IMAX N 19
2026-10-06T01:48:48Z,N,18,sold,False,BFI IMAX N 18
2026-10-06T01:48:48Z,N,17,available,False,BFI IMAX N 17
2026-10-06T01:48:48Z,N,16,available,False,BFI IMAX N 16
2026-10-06T01:48:48Z,N,15,available,False,BFI IMAX N 15
2026-10-06T01:48:48Z,N,14,available,False,BFI IMAX N 14
2026-10-06T01:48:48Z,N,13,available,False,BFI IMAX N 13
2026-10-06T01:48:48Z,N,12,available,False,BFI IMAX N 12
2026-10-06T01:48:48Z,N,11,available,False,BFI IMAX N 11
2026-10-06T01:48:48Z,N,10,available,False,BFI IMAX N 10
2026-10-06T01:48:48Z,N,9,available,False,BFI IMAX N 9
2026-10-06T01:48:48Z,L,10,available,False,BFI IMAX L 10
2026-10-06T01:48:48Z,M,26,available,False,BFI IMAX M 26
2026-10-06T01:48:48Z,M,25,available,False,BFI IMAX M 25
2026-10-06T01:48:48Z,M,24,available,False,BFI IMAX M 24
2026-10-06T01:48:48Z,M,23,available,False,BFI IMAX M 23
2026-10-06T01:48:48Z,M,22,available,False,BFI IMAX M 22
2026-10-06T01:48:48Z,M,21,available,False,BFI IMAX M 21
2026-10-06T01:48:48Z,M,20,available,False,BFI IMAX M 20
2026-10-06T01:48:48Z,M,19,sold,False,BFI IMAX M 19
2026-10-06T01:48:48Z,M,18,sold,False,BFI IMAX M 18
2026-10-06T01:48:48Z,M,17,sold,False,BFI IMAX M 17
2026-10-06T01:48:48Z,M,16,available,False,BFI IMAX M 16
2026-10-06T01:48:48Z,P,27,available,True,BFI IMAX P 27
2026-10-06T01:48:48Z,P,26,unavailable,False,BFI IMAX P 26
2026-10-06T01:48:48Z,P,6,unavailable,False,BFI IMAX P 6
2026-10-06T01:48:48Z,P,5,available,True,BFI IMAX P 5
2026-10-06T01:48:48Z,P,31,unavailable,False,BFI IMAX P 31
2026-10-06T01:48:48Z,P,30,available,True,BFI IMAX P 30
2026-10-06T01:48:48Z,P,2,available,True,BFI IMAX P 2
2026-10-06T01:48:48Z,P,1,unavailable,False,BFI IMAX P 1
2026-10-06T01:48:48Z,P,21,available,False,BFI IMAX P 21
2026-10-06T01:48:48Z,P,20,available,False,BFI IMAX P 20
2026-10-06T01:48:48Z,P,19,available,False,BFI IMAX P 19
2026-10-06T01:48:48Z,P,18,available,False,BFI IMAX P 18
2026-10-06T01:48:48Z,P,17,available,False,BFI IMAX P 17
2026-10-06T01:48:48Z,P,16,available,False,BFI IMAX P 16
2026-10-06T01:48:48Z,P,15,available,False,BFI IMAX P 15
2026-10-06T01:48:48Z,P,14,available,False,BFI IMAX P 14
2026-10-06T01:48:48Z,P,13,available,False,BFI IMAX P 13
2026-10-06T01:48:48Z,P,12,available,False,BFI IMAX P 12
2026-10-06T01:48:48Z,P,11,available,False,BFI IMAX P 11
2026-10-06T01:48:48Z,P,9,available,False,BFI IMAX P 9
2026-10-06T01:48:48Z,P,8,available,False,BFI IMAX P 8
2026-10-06T01:48:48Z,P,7,sold,False,BFI IMAX P 7
2026-10-06T01:48:48Z,P,10,available,False,BFI IMAX P 10
2026-10-06T01:48:48Z,P,25,available,False,BFI IMAX P 25
2026-10-06T01:48:48Z,P,24,available,False,BFI IMAX P 24
2026-10-06T01:48:48Z,P,23,available,False,BFI IMAX P 23
2026-10-06T01:48:48Z,P,22,available,False,BFI IMAX P 22
2026-10-06T01:48:48Z,Q,18,sold,False,BFI IMAX Q 18
2026-10-06T01:48:48Z,Q,17,available,False,BFI IMAX Q 17
2026-10-06T01:48:48Z,Q,16,available,False,BFI IMAX Q 16
2026-10-06T01:48:48Z,Q,15,available,False,BFI IMAX Q 15
2026-10-06T01:48:48Z,Q,14,available,False,BFI IMAX Q 14
2026-10-06T01:48:48Z,Q,13,available,False,BFI IMAX Q 13
2026-10-06T01:48:48Z,Q,12,available,False,BFI IMAX Q 12
2026-10-06T01:48:48Z,Q,11,available,False,BFI IMAX Q 11
2026-10-06T01:48:48Z,Q,10,available,False,BFI IMAX Q 10
2026-10-06T01:48:48Z,Q,9,sold,False,BFI IMAX Q 9
2026-10-06T01:48:48Z,Q,8,sold,False,BFI IMAX Q 8
2026-10-06T01:48:48Z,Q,7,sold,False,BFI IMAX Q 7
2026-10-06T01:48:48Z,Q,6,available,False,BFI IMAX Q 6
2026-10-06T01:48:48Z,Q,5,available,False,BFI IMAX Q 5
2026-10-06T01:48:48Z,Q,4,available,False,BFI IMAX Q 4
2026-10-06T01:48:48Z,Q,3,available,False,BFI IMAX Q 3
2026-10-06T01:48:48Z,Q,2,available,False,BFI IMAX Q 2
2026-10-06T01:48:48Z,Q,1,available,False,BFI IMAX Q 1
